2 1.162051e-08
3 1.005186e-08
4 9.537433e-09
5 9.300016e-09
6 9.170120e-09
7 9.091302e-09
8 9.040046e-09
9 9.005051e-09
10 8.980313e-09
11 8.962393e-09
12 8.949203e-09
13 8.939415e-09
14 8.932147e-09
15 8.926801e-09
16 8.922952e-09
17 8.920299e-09
18 8.918618e-09
19 8.917743e-09
20 8.917545e-09
21 8.917929e-09
22 8.918816e-09
23 8.920148e-09
24 8.921874e-09
25 8.923958e-09
26 8.926366e-09
27 8.929073e-09
28 8.932057e-09
29 8.935301e-09
30 8.938789e-09
31 8.942509e-09
32 8.946449e-09
33 8.950600e-09
34 8.954955e-09
35 8.959507e-09
36 8.964250e-09
37 8.969179e-09
38 8.974288e-09
39 8.979575e-09
40 8.985035e-09
41 8.990666e-09
42 8.996465e-09
43 9.002429e-09
44 9.008556e-09
45 9.014844e-09
46 9.021292e-09
47 9.027898e-09
48 9.034659e-09
49 9.041576e-09
50 9.048646e-09
51 9.055869e-09
52 9.063243e-09
53 9.070768e-09
54 9.078442e-09
55 9.086265e-09
56 9.094235e-09
57 9.102353e-09
58 9.110617e-09
59 9.119027e-09
60 9.127581e-09
61 9.136280e-09
62 9.145123e-09
63 9.154109e-09
64 9.163237e-09
65 9.172508e-09
66 9.181920e-09
67 9.191473e-09
68 9.201167e-09
69 9.211000e-09
70 9.220974e-09
71 9.231086e-09
72 9.241337e-09
73 9.251726e-09
74 9.262252e-09
75 9.272916e-09
76 9.283717e-09
77 9.294654e-09
78 9.305726e-09
79 9.316934e-09
80 9.328277e-09
81 9.339754e-09
82 9.351365e-09
83 9.363109e-09
84 9.374987e-09
85 9.386997e-09
86 9.399139e-09
87 9.411413e-09
88 9.423817e-09
89 9.436353e-09
90 9.449018e-09
91 9.461813e-09
92 9.474738e-09
93 9.487790e-09
94 9.500971e-09
95 9.514280e-09
96 9.527716e-09
97 9.541278e-09
98 9.554967e-09
99 9.568781e-09
100 9.582719e-09
101 9.596783e-09
102 9.610970e-09
103 9.625281e-09
104 9.639714e-09
105 9.654269e-09
106 9.668946e-09
107 9.683744e-09
108 9.698662e-09
109 9.713700e-09
110 9.728857e-09
111 9.744133e-09
112 9.759526e-09
113 9.775037e-09
114 9.790664e-09
115 9.806407e-09
116 9.822265e-09
117 9.838238e-09
118 9.854325e-09
119 9.870525e-09
120 9.886837e-09
121 9.903261e-09
122 9.919796e-09
123 9.936442e-09
124 9.953196e-09
125 9.970060e-09
126 9.987031e-09
127 1.000411e-08
128 1.002130e-08
129 1.003859e-08
130 1.005598e-08
131 1.007348e-08
132 1.009108e-08
133 1.010879e-08
134 1.012659e-08
135 1.014450e-08
136 1.016251e-08
137 1.018061e-08
138 1.019881e-08
139 1.021711e-08
140 1.023551e-08
141 1.025400e-08
142 1.027258e-08
143 1.029126e-08
144 1.031003e-08
145 1.032889e-08
146 1.034784e-08
147 1.036687e-08
148 1.038600e-08
149 1.040521e-08
150 1.042451e-08
151 1.044390e-08
152 1.046336e-08
153 1.048291e-08
154 1.050254e-08
155 1.052225e-08
156 1.054204e-08
157 1.056191e-08
158 1.058185e-08
159 1.060187e-08
160 1.062196e-08
161 1.064213e-08
162 1.066236e-08
163 1.068267e-08
164 1.070305e-08
165 1.072349e-08
166 1.074400e-08
167 1.076457e-08
168 1.078521e-08
169 1.080591e-08
170 1.082667e-08
171 1.084749e-08
172 1.086836e-08
173 1.088929e-08
174 1.091028e-08
175 1.093132e-08
176 1.095241e-08
177 1.097355e-08
178 1.099474e-08
179 1.101598e-08
180 1.103726e-08
181 1.105859e-08
182 1.107995e-08
183 1.110136e-08
184 1.112281e-08
185 1.114429e-08
186 1.116581e-08
187 1.118736e-08
188 1.120894e-08
189 1.123055e-08
190 1.125219e-08
191 1.127385e-08
192 1.129554e-08
193 1.131726e-08
194 1.133899e-08
195 1.136074e-08
196 1.138250e-08
197 1.140428e-08
198 1.142608e-08
199 1.144788e-08
200 1.146969e-08
201 1.149151e-08
202 1.151333e-08
203 1.153515e-08
204 1.155698e-08
205 1.157880e-08
206 1.160062e-08
207 1.162243e-08
208 1.164423e-08
209 1.166602e-08
210 1.168780e-08
211 1.170956e-08
212 1.173130e-08
213 1.175303e-08
214 1.177473e-08
215 1.179641e-08
216 1.181806e-08
217 1.183968e-08
218 1.186127e-08
219 1.188283e-08
220 1.190435e-08
221 1.192583e-08
222 1.194727e-08
223 1.196867e-08
224 1.199002e-08
225 1.201133e-08
226 1.203258e-08
227 1.205378e-08
228 1.207492e-08
229 1.209601e-08
230 1.211704e-08
231 1.213800e-08
232 1.215890e-08
233 1.217973e-08
234 1.220049e-08
235 1.222118e-08
236 1.224179e-08
237 1.226233e-08
238 1.228278e-08
239 1.230316e-08
240 1.232345e-08
241 1.234365e-08
242 1.236376e-08
243 1.238379e-08
244 1.240372e-08
245 1.242355e-08
246 1.244328e-08
247 1.246292e-08
248 1.248245e-08
249 1.250187e-08
250 1.252119e-08
251 1.254040e-08
252 1.255950e-08
253 1.257848e-08
254 1.259735e-08
255 1.261611e-08
256 1.263474e-08
257 1.265325e-08
258 1.267164e-08
259 1.268990e-08
260 1.270804e-08
261 1.272605e-08
262 1.274392e-08
263 1.276167e-08
264 1.277929e-08
265 1.279676e-08
266 1.281411e-08
267 1.283132e-08
268 1.284838e-08
269 1.286531e-08
270 1.288210e-08
271 1.289875e-08
272 1.291525e-08
273 1.293161e-08
274 1.294782e-08
275 1.296389e-08
276 1.297982e-08
277 1.299560e-08
278 1.301123e-08
279 1.302671e-08
280 1.304205e-08
281 1.305724e-08
282 1.307228e-08
283 1.308718e-08
284 1.310193e-08
285 1.311653e-08
286 1.313098e-08
287 1.314528e-08
288 1.315944e-08
289 1.317346e-08
290 1.318732e-08
291 1.320105e-08
292 1.321463e-08
293 1.322806e-08
294 1.324136e-08
295 1.325451e-08
296 1.326752e-08
297 1.328040e-08
298 1.329314e-08
299 1.330574e-08
300 1.331820e-08
301 1.333054e-08
302 1.334274e-08
303 1.335481e-08
304 1.336676e-08
305 1.337857e-08
306 1.339027e-08
307 1.340183e-08
308 1.341328e-08
309 1.342461e-08
310 1.343582e-08
311 1.344692e-08
312 1.345790e-08
313 1.346878e-08
314 1.347954e-08
315 1.349020e-08
316 1.350075e-08
317 1.351120e-08
318 1.352154e-08
319 1.353179e-08
320 1.354195e-08
321 1.355200e-08
322 1.356197e-08
323 1.357184e-08
324 1.358163e-08
325 1.359133e-08
326 1.360095e-08
327 1.361048e-08
328 1.361994e-08
329 1.362931e-08
330 1.363861e-08
331 1.364783e-08
332 1.365698e-08
333 1.366606e-08
334 1.367507e-08
335 1.368401e-08
336 1.369288e-08
337 1.370169e-08
338 1.371044e-08
339 1.371912e-08
340 1.372774e-08
341 1.373631e-08
342 1.374481e-08
343 1.375326e-08
344 1.376166e-08
345 1.377000e-08
346 1.377828e-08
347 1.378652e-08
348 1.379470e-08
349 1.380283e-08
350 1.381091e-08
351 1.381895e-08
352 1.382693e-08
353 1.383487e-08
354 1.384277e-08
355 1.385062e-08
356 1.385842e-08
357 1.386618e-08
358 1.387390e-08
359 1.388158e-08
360 1.388921e-08
361 1.389680e-08
362 1.390435e-08
363 1.391186e-08
364 1.391934e-08
365 1.392677e-08
366 1.393416e-08
367 1.394152e-08
368 1.394884e-08
369 1.395612e-08
370 1.396337e-08
371 1.397058e-08
372 1.397775e-08
373 1.398489e-08
374 1.399200e-08
375 1.399907e-08
376 1.400611e-08
377 1.401312e-08
378 1.402009e-08
379 1.402703e-08
380 1.403395e-08
381 1.404083e-08
382 1.404768e-08
383 1.405450e-08
384 1.406130e-08
385 1.406807e-08
386 1.407481e-08
387 1.408152e-08
388 1.408821e-08
389 1.409488e-08
390 1.410152e-08
391 1.410813e-08
392 1.411473e-08
393 1.412130e-08
394 1.412785e-08
395 1.413438e-08
396 1.414090e-08
397 1.414739e-08
398 1.415387e-08
399 1.416033e-08
400 1.416677e-08
401 1.417320e-08
402 1.417962e-08
403 1.418603e-08
404 1.419242e-08
405 1.419880e-08
406 1.420517e-08
407 1.421153e-08
408 1.421789e-08
409 1.422424e-08
410 1.423058e-08
411 1.423692e-08
412 1.424326e-08
413 1.424959e-08
414 1.425593e-08
415 1.426226e-08
416 1.426860e-08
417 1.427493e-08
418 1.428127e-08
419 1.428762e-08
420 1.429397e-08
421 1.430033e-08
422 1.430670e-08
423 1.431307e-08
424 1.431946e-08
425 1.432586e-08
426 1.433227e-08
427 1.433869e-08
428 1.434513e-08
429 1.435159e-08
430 1.435807e-08
431 1.436456e-08
432 1.437107e-08
433 1.437761e-08
434 1.438417e-08
435 1.439075e-08
436 1.439735e-08
437 1.440399e-08
438 1.441065e-08
439 1.441733e-08
440 1.442405e-08
441 1.443080e-08
442 1.443758e-08
443 1.444439e-08
444 1.445124e-08
445 1.445812e-08
446 1.446504e-08
447 1.447199e-08
448 1.447899e-08
449 1.448602e-08
450 1.449309e-08
451 1.450021e-08
452 1.450737e-08
453 1.451457e-08
454 1.452181e-08
455 1.452910e-08
456 1.453644e-08
457 1.454383e-08
458 1.455126e-08
459 1.455875e-08
460 1.456628e-08
461 1.457387e-08
462 1.458151e-08
463 1.458920e-08
464 1.459694e-08
465 1.460474e-08
466 1.461260e-08
467 1.462051e-08
468 1.462848e-08
469 1.463650e-08
470 1.464459e-08
471 1.465273e-08
472 1.466094e-08
473 1.466921e-08
474 1.467753e-08
475 1.468592e-08
476 1.469437e-08
477 1.470289e-08
478 1.471147e-08
479 1.472011e-08
480 1.472882e-08
481 1.473759e-08
482 1.474643e-08
483 1.475534e-08
484 1.476431e-08
485 1.477335e-08
486 1.478245e-08
487 1.479163e-08
488 1.480087e-08
489 1.481019e-08
490 1.481957e-08
491 1.482902e-08
492 1.483854e-08
493 1.484813e-08
494 1.485779e-08
495 1.486752e-08
496 1.487732e-08
497 1.488719e-08
498 1.489713e-08
499 1.490715e-08
500 1.491723e-08
501 1.492738e-08
502 1.493761e-08
503 1.494790e-08
504 1.495827e-08
505 1.496871e-08
506 1.497922e-08
507 1.498980e-08
508 1.500045e-08
509 1.501117e-08
510 1.502196e-08
511 1.503282e-08
512 1.504375e-08
513 1.505475e-08
514 1.506582e-08
515 1.507696e-08
516 1.508817e-08
517 1.509944e-08
518 1.511079e-08
519 1.512220e-08
520 1.513368e-08
521 1.514523e-08
522 1.515684e-08
523 1.516852e-08
524 1.518027e-08
525 1.519208e-08
526 1.520396e-08
527 1.521590e-08
528 1.522790e-08
529 1.523997e-08
530 1.525210e-08
531 1.526429e-08
532 1.527654e-08
533 1.528886e-08
534 1.530123e-08
535 1.531367e-08
536 1.532616e-08
537 1.533871e-08
538 1.535132e-08
539 1.536398e-08
540 1.537670e-08
541 1.538948e-08
542 1.540231e-08
543 1.541519e-08
544 1.542813e-08
545 1.544112e-08
546 1.545416e-08
547 1.546725e-08
548 1.548039e-08
549 1.549358e-08
550 1.550681e-08
551 1.552010e-08
552 1.553343e-08
553 1.554680e-08
554 1.556022e-08
555 1.557368e-08
556 1.558719e-08
557 1.560074e-08
558 1.561433e-08
559 1.562795e-08
560 1.564162e-08
561 1.565533e-08
562 1.566907e-08
563 1.568285e-08
564 1.569667e-08
565 1.571051e-08
566 1.572440e-08
567 1.573831e-08
568 1.575226e-08
569 1.576624e-08
570 1.578025e-08
571 1.579428e-08
572 1.580835e-08
573 1.582244e-08
574 1.583656e-08
575 1.585070e-08
576 1.586487e-08
577 1.587907e-08
578 1.589328e-08
579 1.590752e-08
580 1.592178e-08
581 1.593606e-08
582 1.595036e-08
583 1.596467e-08
584 1.597901e-08
585 1.599336e-08
586 1.600773e-08
587 1.602211e-08
588 1.603651e-08
589 1.605092e-08
590 1.606534e-08
591 1.607978e-08
592 1.609423e-08
593 1.610868e-08
594 1.612315e-08
595 1.613763e-08
596 1.615212e-08
597 1.616661e-08
598 1.618111e-08
599 1.619562e-08
600 1.621014e-08
601 1.622465e-08
602 1.623918e-08
603 1.625371e-08
604 1.626824e-08
605 1.628277e-08
606 1.629731e-08
607 1.631185e-08
608 1.632639e-08
609 1.634093e-08
610 1.635547e-08
611 1.637000e-08
612 1.638454e-08
613 1.639908e-08
614 1.641362e-08
615 1.642815e-08
616 1.644268e-08
617 1.645720e-08
618 1.647173e-08
619 1.648624e-08
620 1.650076e-08
621 1.651527e-08
622 1.652977e-08
623 1.654427e-08
624 1.655876e-08
625 1.657325e-08
626 1.658772e-08
627 1.660220e-08
628 1.661666e-08
629 1.663112e-08
630 1.664556e-08
631 1.666000e-08
632 1.667443e-08
633 1.668886e-08
634 1.670327e-08
635 1.671767e-08
636 1.673207e-08
637 1.674645e-08
638 1.676082e-08
639 1.677518e-08
640 1.678954e-08
641 1.680388e-08
642 1.681821e-08
643 1.683252e-08
644 1.684683e-08
645 1.686113e-08
646 1.687541e-08
647 1.688968e-08
648 1.690394e-08
649 1.691818e-08
650 1.693241e-08
651 1.694663e-08
652 1.696084e-08
653 1.697503e-08
654 1.698921e-08
655 1.700337e-08
656 1.701752e-08
657 1.703166e-08
658 1.704578e-08
659 1.705989e-08
660 1.707399e-08
661 1.708807e-08
662 1.710213e-08
663 1.711618e-08
664 1.713022e-08
665 1.714424e-08
666 1.715824e-08
667 1.717223e-08
668 1.718620e-08
669 1.720016e-08
670 1.721410e-08
671 1.722803e-08
672 1.724194e-08
673 1.725583e-08
674 1.726971e-08
675 1.728357e-08
676 1.729741e-08
677 1.731124e-08
678 1.732505e-08
679 1.733885e-08
680 1.735262e-08
681 1.736638e-08
682 1.738013e-08
683 1.739385e-08
684 1.740756e-08
685 1.742126e-08
686 1.743493e-08
687 1.744859e-08
688 1.746223e-08
689 1.747586e-08
690 1.748947e-08
691 1.750306e-08
692 1.751663e-08
693 1.753019e-08
694 1.754373e-08
695 1.755725e-08
696 1.757076e-08
697 1.758424e-08
698 1.759772e-08
699 1.761117e-08
700 1.762461e-08
701 1.763803e-08
702 1.765144e-08
703 1.766483e-08
704 1.767821e-08
705 1.769157e-08
706 1.770491e-08
707 1.771824e-08
708 1.773155e-08
709 1.774485e-08
710 1.775814e-08
711 1.777141e-08
712 1.778466e-08
713 1.779791e-08
714 1.781114e-08
715 1.782435e-08
716 1.783756e-08
717 1.785075e-08
718 1.786393e-08
719 1.787710e-08
720 1.789026e-08
721 1.790341e-08
722 1.791655e-08
723 1.792968e-08
724 1.794279e-08
725 1.795591e-08
726 1.796901e-08
727 1.798210e-08
728 1.799519e-08
729 1.800827e-08
730 1.802135e-08
731 1.803442e-08
732 1.804749e-08
733 1.806055e-08
734 1.807361e-08
735 1.808667e-08
736 1.809972e-08
737 1.811278e-08
738 1.812583e-08
739 1.813888e-08
740 1.815194e-08
741 1.816499e-08
742 1.817805e-08
743 1.819111e-08
744 1.820418e-08
745 1.821725e-08
746 1.823032e-08
747 1.824340e-08
748 1.825649e-08
749 1.826958e-08
750 1.828269e-08
751 1.829580e-08
752 1.830892e-08
753 1.832206e-08
754 1.833520e-08
755 1.834836e-08
756 1.836153e-08
757 1.837472e-08
758 1.838792e-08
759 1.840114e-08
760 1.841437e-08
761 1.842762e-08
762 1.844089e-08
763 1.845418e-08
764 1.846749e-08
765 1.848082e-08
766 1.849418e-08
767 1.850755e-08
768 1.852095e-08
769 1.853438e-08
770 1.854783e-08
771 1.856130e-08
772 1.857481e-08
773 1.858834e-08
774 1.860190e-08
775 1.861549e-08
776 1.862911e-08
777 1.864277e-08
778 1.865645e-08
779 1.867017e-08
780 1.868393e-08
781 1.869771e-08
782 1.871154e-08
783 1.872540e-08
784 1.873930e-08
785 1.875323e-08
786 1.876721e-08
787 1.878122e-08
788 1.879528e-08
789 1.880937e-08
790 1.882351e-08
791 1.883769e-08
792 1.885192e-08
793 1.886619e-08
794 1.888050e-08
795 1.889486e-08
796 1.890927e-08
797 1.892372e-08
798 1.893822e-08
799 1.895277e-08
800 1.896737e-08
801 1.898202e-08
802 1.899672e-08
803 1.901146e-08
804 1.902626e-08
805 1.904112e-08
806 1.905602e-08
807 1.907098e-08
808 1.908599e-08
809 1.910106e-08
810 1.911618e-08
811 1.913135e-08
812 1.914658e-08
813 1.916187e-08
814 1.917721e-08
815 1.919261e-08
816 1.920807e-08
817 1.922358e-08
818 1.923915e-08
819 1.925478e-08
820 1.927047e-08
821 1.928622e-08
822 1.930202e-08
823 1.931789e-08
824 1.933381e-08
825 1.934980e-08
826 1.936584e-08
827 1.938195e-08
828 1.939811e-08
829 1.941434e-08
830 1.943062e-08
831 1.944697e-08
832 1.946337e-08
833 1.947984e-08
834 1.949637e-08
835 1.951296e-08
836 1.952961e-08
837 1.954632e-08
838 1.956309e-08
839 1.957992e-08
840 1.959681e-08
841 1.961376e-08
842 1.963077e-08
843 1.964785e-08
844 1.966498e-08
845 1.968217e-08
846 1.969942e-08
847 1.971674e-08
848 1.973411e-08
849 1.975154e-08
850 1.976903e-08
851 1.978657e-08
852 1.980418e-08
853 1.982184e-08
854 1.983956e-08
855 1.985734e-08
856 1.987517e-08
857 1.989306e-08
858 1.991101e-08
859 1.992901e-08
860 1.994707e-08
861 1.996518e-08
862 1.998334e-08
863 2.000156e-08
864 2.001983e-08
865 2.003816e-08
866 2.005654e-08
867 2.007496e-08
868 2.009344e-08
869 2.011197e-08
870 2.013055e-08
871 2.014918e-08
872 2.016786e-08
873 2.018659e-08
874 2.020536e-08
875 2.022418e-08
876 2.024305e-08
877 2.026196e-08
878 2.028092e-08
879 2.029992e-08
880 2.031896e-08
881 2.033805e-08
882 2.035718e-08
883 2.037635e-08
884 2.039556e-08
885 2.041481e-08
886 2.043410e-08
887 2.045343e-08
888 2.047280e-08
889 2.049220e-08
890 2.051164e-08
891 2.053112e-08
892 2.055063e-08
893 2.057017e-08
894 2.058975e-08
895 2.060936e-08
896 2.062900e-08
897 2.064867e-08
898 2.066837e-08
899 2.068810e-08
900 2.070786e-08
901 2.072765e-08
902 2.074746e-08
903 2.076730e-08
904 2.078717e-08
905 2.080706e-08
906 2.082697e-08
907 2.084691e-08
908 2.086687e-08
909 2.088685e-08
910 2.090685e-08
911 2.092686e-08
912 2.094690e-08
913 2.096696e-08
914 2.098703e-08
915 2.100712e-08
916 2.102722e-08
917 2.104734e-08
918 2.106747e-08
919 2.108762e-08
920 2.110777e-08
921 2.112794e-08
922 2.114812e-08
923 2.116831e-08
924 2.118851e-08
925 2.120871e-08
926 2.122893e-08
927 2.124915e-08
928 2.126937e-08
929 2.128960e-08
930 2.130984e-08
931 2.133008e-08
932 2.135032e-08
933 2.137056e-08
934 2.139081e-08
935 2.141105e-08
936 2.143130e-08
937 2.145154e-08
938 2.147178e-08
939 2.149202e-08
940 2.151226e-08
941 2.153249e-08
942 2.155272e-08
943 2.157294e-08
944 2.159316e-08
945 2.161337e-08
946 2.163357e-08
947 2.165377e-08
948 2.167395e-08
949 2.169413e-08
950 2.171430e-08
951 2.173445e-08
952 2.175460e-08
953 2.177473e-08
954 2.179485e-08
955 2.181496e-08
956 2.183506e-08
957 2.185514e-08
958 2.187520e-08
959 2.189526e-08
960 2.191529e-08
961 2.193531e-08
962 2.195531e-08
963 2.197530e-08
964 2.199526e-08
965 2.201521e-08
966 2.203514e-08
967 2.205505e-08
968 2.207494e-08
969 2.209481e-08
970 2.211466e-08
971 2.213448e-08
972 2.215429e-08
973 2.217407e-08
974 2.219383e-08
975 2.221357e-08
976 2.223328e-08
977 2.225297e-08
978 2.227264e-08
979 2.229228e-08
980 2.231190e-08
981 2.233149e-08
982 2.235106e-08
983 2.237060e-08
984 2.239011e-08
985 2.240960e-08
986 2.242906e-08
987 2.244849e-08
988 2.246790e-08
989 2.248727e-08
990 2.250662e-08
991 2.252595e-08
992 2.254524e-08
993 2.256451e-08
994 2.258374e-08
995 2.260295e-08
996 2.262213e-08
997 2.264128e-08
998 2.266040e-08
999 2.267949e-08
1000 2.269856e-08
1001 2.271759e-08
1002 2.273659e-08
1003 2.275556e-08
1004 2.277451e-08
1005 2.279342e-08
1006 2.281230e-08
1007 2.283116e-08
1008 2.284998e-08
1009 2.286877e-08
1010 2.288754e-08
1011 2.290627e-08
1012 2.292498e-08
1013 2.294365e-08
1014 2.296230e-08
1015 2.298092e-08
1016 2.299950e-08
1017 2.301806e-08
1018 2.303659e-08
1019 2.305509e-08
1020 2.307357e-08
1021 2.309201e-08
1022 2.311043e-08
1023 2.312882e-08
1024 2.314718e-08
1025 2.316552e-08
1026 2.318382e-08
1027 2.320210e-08
1028 2.322036e-08
1029 2.323859e-08
1030 2.325679e-08
1031 2.327497e-08
1032 2.329312e-08
1033 2.331125e-08
1034 2.332936e-08
1035 2.334744e-08
1036 2.336550e-08
1037 2.338353e-08
1038 2.340155e-08
1039 2.341954e-08
1040 2.343751e-08
1041 2.345546e-08
1042 2.347339e-08
1043 2.349130e-08
1044 2.350919e-08
1045 2.352707e-08
1046 2.354492e-08
1047 2.356276e-08
1048 2.358058e-08
1049 2.359839e-08
1050 2.361618e-08
1051 2.363395e-08
1052 2.365172e-08
1053 2.366946e-08
1054 2.368720e-08
1055 2.370492e-08
1056 2.372264e-08
1057 2.374034e-08
1058 2.375803e-08
1059 2.377571e-08
1060 2.379339e-08
1061 2.381106e-08
1062 2.382872e-08
1063 2.384637e-08
1064 2.386402e-08
1065 2.388167e-08
1066 2.389931e-08
1067 2.391695e-08
1068 2.393459e-08
1069 2.395223e-08
1070 2.396987e-08
1071 2.398751e-08
1072 2.400515e-08
1073 2.402280e-08
1074 2.404044e-08
1075 2.405810e-08
1076 2.407576e-08
1077 2.409342e-08
1078 2.411109e-08
1079 2.412877e-08
1080 2.414646e-08
1081 2.416416e-08
1082 2.418188e-08
1083 2.419960e-08
1084 2.421734e-08
1085 2.423509e-08
1086 2.425285e-08
1087 2.427063e-08
1088 2.428843e-08
1089 2.430625e-08
1090 2.432408e-08
1091 2.434194e-08
1092 2.435981e-08
1093 2.437771e-08
1094 2.439563e-08
1095 2.441357e-08
1096 2.443154e-08
1097 2.444953e-08
1098 2.446755e-08
1099 2.448559e-08
1100 2.450366e-08
1101 2.452177e-08
1102 2.453990e-08
1103 2.455806e-08
1104 2.457625e-08
1105 2.459448e-08
1106 2.461274e-08
1107 2.463103e-08
1108 2.464936e-08
1109 2.466773e-08
1110 2.468613e-08
1111 2.470456e-08
1112 2.472304e-08
1113 2.474156e-08
1114 2.476011e-08
1115 2.477870e-08
1116 2.479734e-08
1117 2.481602e-08
1118 2.483474e-08
1119 2.485350e-08
1120 2.487231e-08
1121 2.489116e-08
1122 2.491006e-08
1123 2.492900e-08
1124 2.494799e-08
1125 2.496703e-08
1126 2.498611e-08
1127 2.500524e-08
1128 2.502443e-08
1129 2.504366e-08
1130 2.506294e-08
1131 2.508227e-08
1132 2.510165e-08
1133 2.512108e-08
1134 2.514057e-08
1135 2.516010e-08
1136 2.517969e-08
1137 2.519933e-08
1138 2.521903e-08
1139 2.523878e-08
1140 2.525858e-08
1141 2.527844e-08
1142 2.529835e-08
1143 2.531832e-08
1144 2.533834e-08
1145 2.535842e-08
1146 2.537855e-08
1147 2.539874e-08
1148 2.541898e-08
1149 2.543928e-08
1150 2.545963e-08
1151 2.548004e-08
1152 2.550051e-08
1153 2.552103e-08
1154 2.554161e-08
1155 2.556225e-08
1156 2.558294e-08
1157 2.560369e-08
1158 2.562449e-08
1159 2.564535e-08
1160 2.566627e-08
1161 2.568724e-08
1162 2.570826e-08
1163 2.572935e-08
1164 2.575048e-08
1165 2.577168e-08
1166 2.579292e-08
1167 2.581422e-08
1168 2.583558e-08
1169 2.585699e-08
1170 2.587845e-08
1171 2.589996e-08
1172 2.592153e-08
1173 2.594315e-08
1174 2.596483e-08
1175 2.598655e-08
1176 2.600833e-08
1177 2.603015e-08
1178 2.605203e-08
1179 2.607395e-08
1180 2.609593e-08
1181 2.611795e-08
1182 2.614003e-08
1183 2.616215e-08
1184 2.618431e-08
1185 2.620653e-08
1186 2.622878e-08
1187 2.625109e-08
1188 2.627344e-08
1189 2.629583e-08
1190 2.631827e-08
1191 2.634074e-08
1192 2.636327e-08
1193 2.638583e-08
1194 2.640843e-08
1195 2.643107e-08
1196 2.645375e-08
1197 2.647647e-08
1198 2.649923e-08
1199 2.652202e-08
1200 2.654485e-08
1201 2.656772e-08
1202 2.659062e-08
1203 2.661355e-08
1204 2.663651e-08
1205 2.665951e-08
1206 2.668254e-08
1207 2.670560e-08
1208 2.672868e-08
1209 2.675180e-08
1210 2.677494e-08
1211 2.679811e-08
1212 2.682131e-08
1213 2.684453e-08
1214 2.686777e-08
1215 2.689104e-08
1216 2.691433e-08
1217 2.693764e-08
1218 2.696097e-08
1219 2.698432e-08
1220 2.700769e-08
1221 2.703108e-08
1222 2.705448e-08
1223 2.707790e-08
1224 2.710134e-08
1225 2.712478e-08
1226 2.714824e-08
1227 2.717172e-08
1228 2.719520e-08
1229 2.721869e-08
1230 2.724219e-08
1231 2.726570e-08
1232 2.728922e-08
1233 2.731274e-08
1234 2.733627e-08
1235 2.735980e-08
1236 2.738334e-08
1237 2.740688e-08
1238 2.743041e-08
1239 2.745395e-08
1240 2.747749e-08
1241 2.750103e-08
1242 2.752456e-08
1243 2.754809e-08
1244 2.757162e-08
1245 2.759514e-08
1246 2.761866e-08
1247 2.764216e-08
1248 2.766566e-08
1249 2.768915e-08
1250 2.771264e-08
1251 2.773610e-08
1252 2.775956e-08
1253 2.778301e-08
1254 2.780644e-08
1255 2.782986e-08
1256 2.785326e-08
1257 2.787664e-08
1258 2.790001e-08
1259 2.792336e-08
1260 2.794669e-08
1261 2.797000e-08
1262 2.799329e-08
1263 2.801656e-08
1264 2.803981e-08
1265 2.806303e-08
1266 2.808623e-08
1267 2.810941e-08
1268 2.813256e-08
1269 2.815569e-08
1270 2.817878e-08
1271 2.820185e-08
1272 2.822490e-08
1273 2.824791e-08
1274 2.827089e-08
1275 2.829385e-08
1276 2.831677e-08
1277 2.833966e-08
1278 2.836252e-08
1279 2.838535e-08
1280 2.840814e-08
1281 2.843090e-08
1282 2.845362e-08
1283 2.847631e-08
1284 2.849896e-08
1285 2.852158e-08
1286 2.854415e-08
1287 2.856670e-08
1288 2.858920e-08
1289 2.861166e-08
1290 2.863409e-08
1291 2.865648e-08
1292 2.867882e-08
1293 2.870113e-08
1294 2.872340e-08
1295 2.874562e-08
1296 2.876780e-08
1297 2.878995e-08
1298 2.881205e-08
1299 2.883410e-08
1300 2.885612e-08
1301 2.887809e-08
1302 2.890002e-08
1303 2.892190e-08
1304 2.894374e-08
1305 2.896554e-08
1306 2.898729e-08
1307 2.900900e-08
1308 2.903066e-08
1309 2.905228e-08
1310 2.907385e-08
1311 2.909538e-08
1312 2.911686e-08
1313 2.913830e-08
1314 2.915969e-08
1315 2.918104e-08
1316 2.920234e-08
1317 2.922359e-08
1318 2.924480e-08
1319 2.926596e-08
1320 2.928708e-08
1321 2.930815e-08
1322 2.932918e-08
1323 2.935016e-08
1324 2.937109e-08
1325 2.939198e-08
1326 2.941283e-08
1327 2.943363e-08
1328 2.945438e-08
1329 2.947510e-08
1330 2.949576e-08
1331 2.951638e-08
1332 2.953696e-08
1333 2.955750e-08
1334 2.957799e-08
1335 2.959844e-08
1336 2.961884e-08
1337 2.963921e-08
1338 2.965953e-08
1339 2.967981e-08
1340 2.970005e-08
1341 2.972025e-08
1342 2.974041e-08
1343 2.976053e-08
1344 2.978061e-08
1345 2.980065e-08
1346 2.982065e-08
1347 2.984062e-08
1348 2.986055e-08
1349 2.988044e-08
1350 2.990030e-08
1351 2.992012e-08
1352 2.993991e-08
1353 2.995966e-08
1354 2.997938e-08
1355 2.999907e-08
1356 3.001873e-08
1357 3.003836e-08
1358 3.005796e-08
1359 3.007752e-08
1360 3.009707e-08
1361 3.011658e-08
1362 3.013607e-08
1363 3.015553e-08
1364 3.017496e-08
1365 3.019438e-08
1366 3.021377e-08
1367 3.023313e-08
1368 3.025248e-08
1369 3.027181e-08
1370 3.029112e-08
1371 3.031041e-08
1372 3.032968e-08
1373 3.034894e-08
1374 3.036819e-08
1375 3.038742e-08
1376 3.040663e-08
1377 3.042584e-08
1378 3.044504e-08
1379 3.046422e-08
1380 3.048340e-08
1381 3.050257e-08
1382 3.052174e-08
1383 3.054090e-08
1384 3.056006e-08
1385 3.057922e-08
1386 3.059837e-08
1387 3.061753e-08
1388 3.063669e-08
1389 3.065585e-08
1390 3.067501e-08
1391 3.069418e-08
1392 3.071336e-08
1393 3.073254e-08
1394 3.075174e-08
1395 3.077094e-08
1396 3.079015e-08
1397 3.080938e-08
1398 3.082862e-08
1399 3.084788e-08
1400 3.086715e-08
1401 3.088644e-08
1402 3.090575e-08
1403 3.092508e-08
1404 3.094443e-08
1405 3.096381e-08
1406 3.098321e-08
1407 3.100263e-08
1408 3.102208e-08
1409 3.104156e-08
1410 3.106107e-08
1411 3.108060e-08
1412 3.110017e-08
1413 3.111978e-08
1414 3.113941e-08
1415 3.115908e-08
1416 3.117879e-08
1417 3.119853e-08
1418 3.121832e-08
1419 3.123814e-08
1420 3.125801e-08
1421 3.127791e-08
1422 3.129786e-08
1423 3.131786e-08
1424 3.133790e-08
1425 3.135798e-08
1426 3.137812e-08
1427 3.139830e-08
1428 3.141853e-08
1429 3.143881e-08
1430 3.145915e-08
1431 3.147954e-08
1432 3.149998e-08
1433 3.152047e-08
1434 3.154102e-08
1435 3.156163e-08
1436 3.158230e-08
1437 3.160302e-08
1438 3.162380e-08
1439 3.164465e-08
1440 3.166555e-08
1441 3.168651e-08
1442 3.170754e-08
1443 3.172863e-08
1444 3.174979e-08
1445 3.177101e-08
1446 3.179229e-08
1447 3.181364e-08
1448 3.183506e-08
1449 3.185654e-08
1450 3.187809e-08
1451 3.189971e-08
1452 3.192140e-08
1453 3.194316e-08
1454 3.196499e-08
1455 3.198689e-08
1456 3.200886e-08
1457 3.203090e-08
1458 3.205301e-08
1459 3.207519e-08
1460 3.209745e-08
1461 3.211978e-08
1462 3.214218e-08
1463 3.216466e-08
1464 3.218721e-08
1465 3.220983e-08
1466 3.223253e-08
1467 3.225530e-08
1468 3.227815e-08
1469 3.230107e-08
1470 3.232406e-08
1471 3.234713e-08
1472 3.237027e-08
1473 3.239349e-08
1474 3.241678e-08
1475 3.244015e-08
1476 3.246359e-08
1477 3.248711e-08
1478 3.251070e-08
1479 3.253436e-08
1480 3.255810e-08
1481 3.258191e-08
1482 3.260580e-08
1483 3.262976e-08
1484 3.265379e-08
1485 3.267789e-08
1486 3.270207e-08
1487 3.272632e-08
1488 3.275064e-08
1489 3.277503e-08
1490 3.279950e-08
1491 3.282403e-08
1492 3.284863e-08
1493 3.287331e-08
1494 3.289805e-08
1495 3.292286e-08
1496 3.294774e-08
1497 3.297269e-08
1498 3.299771e-08
1499 3.302279e-08
1500 3.304794e-08
1501 3.307315e-08
1502 3.309842e-08
1503 3.312377e-08
1504 3.314917e-08
1505 3.317464e-08
1506 3.320016e-08
1507 3.322575e-08
1508 3.325140e-08
1509 3.327711e-08
1510 3.330288e-08
1511 3.332871e-08
1512 3.335459e-08
1513 3.338053e-08
1514 3.340652e-08
1515 3.343257e-08
1516 3.345867e-08
1517 3.348482e-08
1518 3.351103e-08
1519 3.353729e-08
1520 3.356359e-08
1521 3.358995e-08
1522 3.361635e-08
1523 3.364280e-08
1524 3.366929e-08
1525 3.369583e-08
1526 3.372241e-08
1527 3.374904e-08
1528 3.377571e-08
1529 3.380241e-08
1530 3.382916e-08
1531 3.385594e-08
1532 3.388276e-08
1533 3.390962e-08
1534 3.393651e-08
1535 3.396344e-08
1536 3.399039e-08
1537 3.401738e-08
1538 3.404440e-08
1539 3.407144e-08
1540 3.409852e-08
1541 3.412562e-08
1542 3.415274e-08
1543 3.417989e-08
1544 3.420706e-08
1545 3.423426e-08
1546 3.426147e-08
1547 3.428870e-08
1548 3.431595e-08
1549 3.434322e-08
1550 3.437050e-08
1551 3.439780e-08
1552 3.442510e-08
1553 3.445242e-08
1554 3.447975e-08
1555 3.450709e-08
1556 3.453444e-08
1557 3.456180e-08
1558 3.458915e-08
1559 3.461652e-08
1560 3.464388e-08
1561 3.467125e-08
1562 3.469862e-08
1563 3.472599e-08
1564 3.475335e-08
1565 3.478071e-08
1566 3.480807e-08
1567 3.483542e-08
1568 3.486276e-08
1569 3.489010e-08
1570 3.491743e-08
1571 3.494474e-08
1572 3.497205e-08
1573 3.499934e-08
1574 3.502662e-08
1575 3.505389e-08
1576 3.508113e-08
1577 3.510836e-08
1578 3.513558e-08
1579 3.516277e-08
1580 3.518994e-08
1581 3.521709e-08
1582 3.524422e-08
1583 3.527132e-08
1584 3.529840e-08
1585 3.532546e-08
1586 3.535248e-08
1587 3.537948e-08
1588 3.540645e-08
1589 3.543339e-08
1590 3.546030e-08
1591 3.548718e-08
1592 3.551402e-08
1593 3.554083e-08
1594 3.556761e-08
1595 3.559435e-08
1596 3.562105e-08
1597 3.564772e-08
1598 3.567435e-08
1599 3.570094e-08
1600 3.572749e-08
1601 3.575400e-08
1602 3.578047e-08
1603 3.580689e-08
1604 3.583328e-08
1605 3.585962e-08
1606 3.588591e-08
1607 3.591217e-08
1608 3.593837e-08
1609 3.596453e-08
1610 3.599064e-08
1611 3.601671e-08
1612 3.604272e-08
1613 3.606869e-08
1614 3.609461e-08
1615 3.612048e-08
1616 3.614629e-08
1617 3.617206e-08
1618 3.619778e-08
1619 3.622344e-08
1620 3.624906e-08
1621 3.627462e-08
1622 3.630012e-08
1623 3.632558e-08
1624 3.635098e-08
1625 3.637633e-08
1626 3.640162e-08
1627 3.642686e-08
1628 3.645204e-08
1629 3.647717e-08
1630 3.650224e-08
1631 3.652726e-08
1632 3.655223e-08
1633 3.657714e-08
1634 3.660199e-08
1635 3.662679e-08
1636 3.665153e-08
1637 3.667622e-08
1638 3.670085e-08
1639 3.672543e-08
1640 3.674995e-08
1641 3.677442e-08
1642 3.679883e-08
1643 3.682319e-08
1644 3.684749e-08
1645 3.687174e-08
1646 3.689593e-08
1647 3.692007e-08
1648 3.694416e-08
1649 3.696819e-08
1650 3.699217e-08
1651 3.701610e-08
1652 3.703998e-08
1653 3.706380e-08
1654 3.708757e-08
1655 3.711130e-08
1656 3.713497e-08
1657 3.715859e-08
1658 3.718216e-08
1659 3.720569e-08
1660 3.722917e-08
1661 3.725260e-08
1662 3.727598e-08
1663 3.729932e-08
1664 3.732261e-08
1665 3.734585e-08
1666 3.736906e-08
1667 3.739222e-08
1668 3.741534e-08
1669 3.743842e-08
1670 3.746145e-08
1671 3.748445e-08
1672 3.750741e-08
1673 3.753033e-08
1674 3.755322e-08
1675 3.757607e-08
1676 3.759888e-08
1677 3.762166e-08
1678 3.764441e-08
1679 3.766713e-08
1680 3.768982e-08
1681 3.771248e-08
1682 3.773511e-08
1683 3.775771e-08
1684 3.778029e-08
1685 3.780284e-08
1686 3.782537e-08
1687 3.784788e-08
1688 3.787037e-08
1689 3.789284e-08
1690 3.791529e-08
1691 3.793772e-08
1692 3.796014e-08
1693 3.798254e-08
1694 3.800493e-08
1695 3.802731e-08
1696 3.804968e-08
1697 3.807204e-08
1698 3.809440e-08
1699 3.811675e-08
1700 3.813909e-08
1701 3.816143e-08
1702 3.818377e-08
1703 3.820611e-08
1704 3.822845e-08
1705 3.825080e-08
1706 3.827315e-08
1707 3.829550e-08
1708 3.831786e-08
1709 3.834023e-08
1710 3.836261e-08
1711 3.838501e-08
1712 3.840741e-08
1713 3.842984e-08
1714 3.845227e-08
1715 3.847473e-08
1716 3.849720e-08
1717 3.851970e-08
1718 3.854222e-08
1719 3.856476e-08
1720 3.858732e-08
1721 3.860992e-08
1722 3.863254e-08
1723 3.865519e-08
1724 3.867787e-08
1725 3.870059e-08
1726 3.872334e-08
1727 3.874612e-08
1728 3.876894e-08
1729 3.879180e-08
1730 3.881470e-08
1731 3.883764e-08
1732 3.886063e-08
1733 3.888365e-08
1734 3.890673e-08
1735 3.892984e-08
1736 3.895301e-08
1737 3.897623e-08
1738 3.899949e-08
1739 3.902281e-08
1740 3.904618e-08
1741 3.906961e-08
1742 3.909309e-08
1743 3.911663e-08
1744 3.914023e-08
1745 3.916388e-08
1746 3.918760e-08
1747 3.921137e-08
1748 3.923521e-08
1749 3.925911e-08
1750 3.928308e-08
1751 3.930711e-08
1752 3.933121e-08
1753 3.935538e-08
1754 3.937961e-08
1755 3.940392e-08
1756 3.942829e-08
1757 3.945274e-08
1758 3.947726e-08
1759 3.950185e-08
1760 3.952651e-08
1761 3.955125e-08
1762 3.957606e-08
1763 3.960095e-08
1764 3.962592e-08
1765 3.965096e-08
1766 3.967608e-08
1767 3.970128e-08
1768 3.972655e-08
1769 3.975191e-08
1770 3.977735e-08
1771 3.980286e-08
1772 3.982846e-08
1773 3.985414e-08
1774 3.987990e-08
1775 3.990575e-08
1776 3.993167e-08
1777 3.995768e-08
1778 3.998377e-08
1779 4.000995e-08
1780 4.003620e-08
1781 4.006254e-08
1782 4.008897e-08
1783 4.011548e-08
1784 4.014207e-08
1785 4.016875e-08
1786 4.019551e-08
1787 4.022235e-08
1788 4.024928e-08
1789 4.027629e-08
1790 4.030339e-08
1791 4.033057e-08
1792 4.035783e-08
1793 4.038517e-08
1794 4.041260e-08
1795 4.044011e-08
1796 4.046770e-08
1797 4.049538e-08
1798 4.052314e-08
1799 4.055097e-08
1800 4.057889e-08
1801 4.060689e-08
1802 4.063497e-08
1803 4.066313e-08
1804 4.069137e-08
1805 4.071969e-08
1806 4.074808e-08
1807 4.077655e-08
1808 4.080510e-08
1809 4.083372e-08
1810 4.086242e-08
1811 4.089119e-08
1812 4.092004e-08
1813 4.094896e-08
1814 4.097795e-08
1815 4.100701e-08
1816 4.103615e-08
1817 4.106535e-08
1818 4.109462e-08
1819 4.112396e-08
1820 4.115336e-08
1821 4.118284e-08
1822 4.121237e-08
1823 4.124197e-08
1824 4.127163e-08
1825 4.130136e-08
1826 4.133114e-08
1827 4.136099e-08
1828 4.139089e-08
1829 4.142085e-08
1830 4.145087e-08
1831 4.148094e-08
1832 4.151107e-08
1833 4.154124e-08
1834 4.157147e-08
1835 4.160175e-08
1836 4.163208e-08
1837 4.166246e-08
1838 4.169288e-08
1839 4.172335e-08
1840 4.175386e-08
1841 4.178442e-08
1842 4.181501e-08
1843 4.184565e-08
1844 4.187632e-08
1845 4.190703e-08
1846 4.193778e-08
1847 4.196856e-08
1848 4.199938e-08
1849 4.203022e-08
1850 4.206110e-08
1851 4.209200e-08
1852 4.212294e-08
1853 4.215389e-08
1854 4.218488e-08
1855 4.221588e-08
1856 4.224691e-08
1857 4.227796e-08
1858 4.230902e-08
1859 4.234011e-08
1860 4.237120e-08
1861 4.240232e-08
1862 4.243344e-08
1863 4.246458e-08
1864 4.249572e-08
1865 4.252687e-08
1866 4.255803e-08
1867 4.258920e-08
1868 4.262037e-08
1869 4.265154e-08
1870 4.268271e-08
1871 4.271387e-08
1872 4.274504e-08
1873 4.277620e-08
1874 4.280736e-08
1875 4.283851e-08
1876 4.286965e-08
1877 4.290078e-08
1878 4.293190e-08
1879 4.296301e-08
1880 4.299410e-08
1881 4.302517e-08
1882 4.305623e-08
1883 4.308727e-08
1884 4.311829e-08
1885 4.314929e-08
1886 4.318026e-08
1887 4.321121e-08
1888 4.324213e-08
1889 4.327302e-08
1890 4.330389e-08
1891 4.333473e-08
1892 4.336553e-08
1893 4.339630e-08
1894 4.342704e-08
1895 4.345774e-08
1896 4.348841e-08
1897 4.351903e-08
1898 4.354962e-08
1899 4.358017e-08
1900 4.361067e-08
1901 4.364114e-08
1902 4.367155e-08
1903 4.370193e-08
1904 4.373225e-08
1905 4.376253e-08
1906 4.379276e-08
1907 4.382295e-08
1908 4.385308e-08
1909 4.388315e-08
1910 4.391318e-08
1911 4.394315e-08
1912 4.397307e-08
1913 4.400293e-08
1914 4.403274e-08
1915 4.406249e-08
1916 4.409218e-08
1917 4.412181e-08
1918 4.415138e-08
1919 4.418090e-08
1920 4.421035e-08
1921 4.423974e-08
1922 4.426906e-08
1923 4.429833e-08
1924 4.432753e-08
1925 4.435666e-08
1926 4.438574e-08
1927 4.441474e-08
1928 4.444368e-08
1929 4.447256e-08
1930 4.450136e-08
1931 4.453010e-08
1932 4.455878e-08
1933 4.458738e-08
1934 4.461592e-08
1935 4.464439e-08
1936 4.467279e-08
1937 4.470112e-08
1938 4.472939e-08
1939 4.475758e-08
1940 4.478571e-08
1941 4.481377e-08
1942 4.484176e-08
1943 4.486968e-08
1944 4.489753e-08
1945 4.492531e-08
1946 4.495303e-08
1947 4.498068e-08
1948 4.500826e-08
1949 4.503577e-08
1950 4.506321e-08
1951 4.509059e-08
1952 4.511790e-08
1953 4.514515e-08
1954 4.517233e-08
1955 4.519944e-08
1956 4.522649e-08
1957 4.525348e-08
1958 4.528040e-08
1959 4.530726e-08
1960 4.533406e-08
1961 4.536080e-08
1962 4.538748e-08
1963 4.541410e-08
1964 4.544066e-08
1965 4.546716e-08
1966 4.549361e-08
1967 4.552000e-08
1968 4.554633e-08
1969 4.557261e-08
1970 4.559884e-08
1971 4.562502e-08
1972 4.565115e-08
1973 4.567723e-08
1974 4.570326e-08
1975 4.572925e-08
1976 4.575519e-08
1977 4.578109e-08
1978 4.580695e-08
1979 4.583276e-08
1980 4.585854e-08
1981 4.588428e-08
1982 4.590998e-08
1983 4.593565e-08
1984 4.596128e-08
1985 4.598688e-08
1986 4.601246e-08
1987 4.603800e-08
1988 4.606352e-08
1989 4.608901e-08
1990 4.611448e-08
1991 4.613993e-08
1992 4.616537e-08
1993 4.619078e-08
1994 4.621618e-08
1995 4.624156e-08
1996 4.626693e-08
1997 4.629229e-08
1998 4.631765e-08
1999 4.634300e-08
2000 4.636834e-08
2001 4.639368e-08
2002 4.641903e-08
2003 4.644437e-08
2004 4.646972e-08
2005 4.649508e-08
2006 4.652044e-08
2007 4.654581e-08
2008 4.657120e-08
2009 4.659660e-08
2010 4.662202e-08
2011 4.664746e-08
2012 4.667292e-08
2013 4.669840e-08
2014 4.672390e-08
2015 4.674944e-08
2016 4.677500e-08
2017 4.680060e-08
2018 4.682623e-08
2019 4.685190e-08
2020 4.687761e-08
2021 4.690335e-08
2022 4.692914e-08
2023 4.695498e-08
2024 4.698086e-08
2025 4.700680e-08
2026 4.703278e-08
2027 4.705882e-08
2028 4.708492e-08
2029 4.711107e-08
2030 4.713729e-08
2031 4.716357e-08
2032 4.718991e-08
2033 4.721633e-08
2034 4.724281e-08
2035 4.726936e-08
2036 4.729599e-08
2037 4.732269e-08
2038 4.734948e-08
2039 4.737634e-08
2040 4.740328e-08
2041 4.743031e-08
2042 4.745743e-08
2043 4.748463e-08
2044 4.751193e-08
2045 4.753932e-08
2046 4.756680e-08
2047 4.759438e-08
2048 4.762206e-08
2049 4.764984e-08
2050 4.767772e-08
2051 4.770571e-08
2052 4.773380e-08
2053 4.776200e-08
2054 4.779032e-08
2055 4.781874e-08
2056 4.784728e-08
2057 4.787593e-08
2058 4.790470e-08
2059 4.793359e-08
2060 4.796260e-08
2061 4.799173e-08
2062 4.802099e-08
2063 4.805037e-08
2064 4.807988e-08
2065 4.810952e-08
2066 4.813929e-08
2067 4.816919e-08
2068 4.819922e-08
2069 4.822938e-08
2070 4.825969e-08
2071 4.829013e-08
2072 4.832070e-08
2073 4.835142e-08
2074 4.838228e-08
2075 4.841328e-08
2076 4.844442e-08
2077 4.847571e-08
2078 4.850714e-08
2079 4.853872e-08
2080 4.857045e-08
2081 4.860232e-08
2082 4.863435e-08
2083 4.866652e-08
2084 4.869885e-08
2085 4.873133e-08
2086 4.876396e-08
2087 4.879674e-08
2088 4.882968e-08
2089 4.886278e-08
2090 4.889603e-08
2091 4.892943e-08
2092 4.896300e-08
2093 4.899672e-08
2094 4.903060e-08
2095 4.906464e-08
2096 4.909884e-08
2097 4.913320e-08
2098 4.916771e-08
2099 4.920239e-08
2100 4.923723e-08
2101 4.927223e-08
2102 4.930739e-08
2103 4.934271e-08
2104 4.937819e-08
2105 4.941384e-08
2106 4.944964e-08
2107 4.948561e-08
2108 4.952174e-08
2109 4.955803e-08
2110 4.959448e-08
2111 4.963109e-08
2112 4.966786e-08
2113 4.970479e-08
2114 4.974189e-08
2115 4.977914e-08
2116 4.981656e-08
2117 4.985413e-08
2118 4.989186e-08
2119 4.992975e-08
2120 4.996780e-08
2121 5.000601e-08
2122 5.004438e-08
2123 5.008290e-08
2124 5.012158e-08
2125 5.016041e-08
2126 5.019940e-08
2127 5.023854e-08
2128 5.027783e-08
2129 5.031728e-08
2130 5.035688e-08
2131 5.039663e-08
2132 5.043653e-08
2133 5.047657e-08
2134 5.051677e-08
2135 5.055711e-08
2136 5.059760e-08
2137 5.063823e-08
2138 5.067901e-08
2139 5.071993e-08
2140 5.076099e-08
2141 5.080219e-08
2142 5.084353e-08
2143 5.088501e-08
2144 5.092663e-08
2145 5.096838e-08
2146 5.101026e-08
2147 5.105228e-08
2148 5.109443e-08
2149 5.113671e-08
2150 5.117912e-08
2151 5.122165e-08
2152 5.126431e-08
2153 5.130710e-08
2154 5.135001e-08
2155 5.139303e-08
2156 5.143618e-08
2157 5.147945e-08
2158 5.152283e-08
2159 5.156633e-08
2160 5.160994e-08
2161 5.165366e-08
2162 5.169749e-08
2163 5.174143e-08
2164 5.178548e-08
2165 5.182963e-08
2166 5.187388e-08
2167 5.191824e-08
2168 5.196269e-08
2169 5.200724e-08
2170 5.205189e-08
2171 5.209663e-08
2172 5.214147e-08
2173 5.218639e-08
2174 5.223140e-08
2175 5.227650e-08
2176 5.232168e-08
2177 5.236694e-08
2178 5.241229e-08
2179 5.245771e-08
2180 5.250321e-08
2181 5.254878e-08
2182 5.259443e-08
2183 5.264015e-08
2184 5.268593e-08
2185 5.273178e-08
2186 5.277770e-08
2187 5.282367e-08
2188 5.286971e-08
2189 5.291581e-08
2190 5.296196e-08
2191 5.300816e-08
2192 5.305442e-08
2193 5.310073e-08
2194 5.314708e-08
2195 5.319348e-08
2196 5.323992e-08
2197 5.328641e-08
2198 5.333293e-08
2199 5.337949e-08
2200 5.342609e-08
2201 5.347272e-08
2202 5.351938e-08
2203 5.356607e-08
2204 5.361279e-08
2205 5.365953e-08
2206 5.370629e-08
2207 5.375308e-08
2208 5.379988e-08
2209 5.384670e-08
2210 5.389354e-08
2211 5.394038e-08
2212 5.398724e-08
2213 5.403411e-08
2214 5.408098e-08
2215 5.412786e-08
2216 5.417474e-08
2217 5.422163e-08
2218 5.426851e-08
2219 5.431539e-08
2220 5.436226e-08
2221 5.440913e-08
2222 5.445599e-08
2223 5.450284e-08
2224 5.454968e-08
2225 5.459651e-08
2226 5.464332e-08
2227 5.469011e-08
2228 5.473689e-08
2229 5.478365e-08
2230 5.483038e-08
2231 5.487710e-08
2232 5.492378e-08
2233 5.497045e-08
2234 5.501708e-08
2235 5.506369e-08
2236 5.511027e-08
2237 5.515681e-08
2238 5.520332e-08
2239 5.524980e-08
2240 5.529624e-08
2241 5.534265e-08
2242 5.538902e-08
2243 5.543535e-08
2244 5.548164e-08
2245 5.552788e-08
2246 5.557409e-08
2247 5.562025e-08
2248 5.566637e-08
2249 5.571245e-08
2250 5.575848e-08
2251 5.580446e-08
2252 5.585039e-08
2253 5.589628e-08
2254 5.594212e-08
2255 5.598791e-08
2256 5.603365e-08
2257 5.607933e-08
2258 5.612497e-08
2259 5.617056e-08
2260 5.621609e-08
2261 5.626157e-08
2262 5.630700e-08
2263 5.635237e-08
2264 5.639770e-08
2265 5.644296e-08
2266 5.648818e-08
2267 5.653334e-08
2268 5.657844e-08
2269 5.662350e-08
2270 5.666850e-08
2271 5.671344e-08
2272 5.675833e-08
2273 5.680317e-08
2274 5.684795e-08
2275 5.689268e-08
2276 5.693735e-08
2277 5.698198e-08
2278 5.702655e-08
2279 5.707107e-08
2280 5.711553e-08
2281 5.715995e-08
2282 5.720431e-08
2283 5.724863e-08
2284 5.729290e-08
2285 5.733711e-08
2286 5.738128e-08
2287 5.742541e-08
2288 5.746948e-08
2289 5.751351e-08
2290 5.755750e-08
2291 5.760144e-08
2292 5.764534e-08
2293 5.768920e-08
2294 5.773301e-08
2295 5.777679e-08
2296 5.782053e-08
2297 5.786423e-08
2298 5.790789e-08
2299 5.795152e-08
2300 5.799512e-08
2301 5.803868e-08
2302 5.808221e-08
2303 5.812572e-08
2304 5.816919e-08
2305 5.821264e-08
2306 5.825606e-08
2307 5.829946e-08
2308 5.834283e-08
2309 5.838619e-08
2310 5.842952e-08
2311 5.847284e-08
2312 5.851614e-08
2313 5.855943e-08
2314 5.860271e-08
2315 5.864597e-08
2316 5.868923e-08
2317 5.873247e-08
2318 5.877571e-08
2319 5.881895e-08
2320 5.886219e-08
2321 5.890542e-08
2322 5.894866e-08
2323 5.899190e-08
2324 5.903515e-08
2325 5.907840e-08
2326 5.912166e-08
2327 5.916493e-08
2328 5.920822e-08
2329 5.925152e-08
2330 5.929484e-08
2331 5.933818e-08
2332 5.938153e-08
2333 5.942491e-08
2334 5.946832e-08
2335 5.951175e-08
2336 5.955521e-08
2337 5.959870e-08
2338 5.964223e-08
2339 5.968579e-08
2340 5.972938e-08
2341 5.977301e-08
2342 5.981669e-08
2343 5.986040e-08
2344 5.990416e-08
2345 5.994797e-08
2346 5.999183e-08
2347 6.003573e-08
2348 6.007969e-08
2349 6.012370e-08
2350 6.016777e-08
2351 6.021189e-08
2352 6.025607e-08
2353 6.030032e-08
2354 6.034463e-08
2355 6.038900e-08
2356 6.043344e-08
2357 6.047795e-08
2358 6.052252e-08
2359 6.056717e-08
2360 6.061190e-08
2361 6.065670e-08
2362 6.070157e-08
2363 6.074652e-08
2364 6.079156e-08
2365 6.083667e-08
2366 6.088187e-08
2367 6.092715e-08
2368 6.097252e-08
2369 6.101798e-08
2370 6.106353e-08
2371 6.110917e-08
2372 6.115489e-08
2373 6.120072e-08
2374 6.124663e-08
2375 6.129265e-08
2376 6.133876e-08
2377 6.138496e-08
2378 6.143127e-08
2379 6.147768e-08
2380 6.152419e-08
2381 6.157080e-08
2382 6.161752e-08
2383 6.166434e-08
2384 6.171126e-08
2385 6.175830e-08
2386 6.180543e-08
2387 6.185268e-08
2388 6.190004e-08
2389 6.194751e-08
2390 6.199508e-08
2391 6.204277e-08
2392 6.209057e-08
2393 6.213848e-08
2394 6.218650e-08
2395 6.223464e-08
2396 6.228289e-08
2397 6.233126e-08
2398 6.237974e-08
2399 6.242833e-08
2400 6.247704e-08
2401 6.252586e-08
2402 6.257480e-08
2403 6.262386e-08
2404 6.267303e-08
2405 6.272231e-08
2406 6.277171e-08
2407 6.282123e-08
2408 6.287086e-08
2409 6.292061e-08
2410 6.297047e-08
2411 6.302045e-08
2412 6.307054e-08
2413 6.312074e-08
2414 6.317106e-08
2415 6.322149e-08
2416 6.327204e-08
2417 6.332270e-08
2418 6.337347e-08
2419 6.342435e-08
2420 6.347534e-08
2421 6.352644e-08
2422 6.357765e-08
2423 6.362897e-08
2424 6.368040e-08
2425 6.373193e-08
2426 6.378357e-08
2427 6.383532e-08
2428 6.388717e-08
2429 6.393912e-08
2430 6.399117e-08
2431 6.404333e-08
2432 6.409558e-08
2433 6.414794e-08
2434 6.420039e-08
2435 6.425294e-08
2436 6.430558e-08
2437 6.435831e-08
2438 6.441114e-08
2439 6.446406e-08
2440 6.451707e-08
2441 6.457016e-08
2442 6.462334e-08
2443 6.467661e-08
2444 6.472996e-08
2445 6.478339e-08
2446 6.483689e-08
2447 6.489048e-08
2448 6.494415e-08
2449 6.499788e-08
2450 6.505169e-08
2451 6.510557e-08
2452 6.515952e-08
2453 6.521354e-08
2454 6.526762e-08
2455 6.532176e-08
2456 6.537597e-08
2457 6.543023e-08
2458 6.548455e-08
2459 6.553892e-08
2460 6.559335e-08
2461 6.564783e-08
2462 6.570235e-08
2463 6.575692e-08
2464 6.581154e-08
2465 6.586619e-08
2466 6.592089e-08
2467 6.597562e-08
2468 6.603039e-08
2469 6.608519e-08
2470 6.614002e-08
2471 6.619487e-08
2472 6.624975e-08
2473 6.630466e-08
2474 6.635958e-08
2475 6.641453e-08
2476 6.646948e-08
2477 6.652445e-08
2478 6.657943e-08
2479 6.663442e-08
2480 6.668942e-08
2481 6.674442e-08
2482 6.679942e-08
2483 6.685441e-08
2484 6.690940e-08
2485 6.696439e-08
2486 6.701937e-08
2487 6.707433e-08
2488 6.712928e-08
2489 6.718421e-08
2490 6.723912e-08
2491 6.729401e-08
2492 6.734888e-08
2493 6.740372e-08
2494 6.745853e-08
2495 6.751331e-08
2496 6.756805e-08
2497 6.762276e-08
2498 6.767742e-08
2499 6.773205e-08
2500 6.778663e-08
2501 6.784116e-08
2502 6.789565e-08
2503 6.795008e-08
2504 6.800446e-08
2505 6.805879e-08
2506 6.811305e-08
2507 6.816726e-08
2508 6.822140e-08
2509 6.827548e-08
2510 6.832948e-08
2511 6.838342e-08
2512 6.843729e-08
2513 6.849109e-08
2514 6.854480e-08
2515 6.859844e-08
2516 6.865200e-08
2517 6.870548e-08
2518 6.875888e-08
2519 6.881218e-08
2520 6.886540e-08
2521 6.891854e-08
2522 6.897157e-08
2523 6.902452e-08
2524 6.907737e-08
2525 6.913013e-08
2526 6.918278e-08
2527 6.923534e-08
2528 6.928780e-08
2529 6.934015e-08
2530 6.939240e-08
2531 6.944454e-08
2532 6.949658e-08
2533 6.954851e-08
2534 6.960033e-08
2535 6.965204e-08
2536 6.970364e-08
2537 6.975512e-08
2538 6.980650e-08
2539 6.985775e-08
2540 6.990890e-08
2541 6.995992e-08
2542 7.001083e-08
2543 7.006162e-08
2544 7.011230e-08
2545 7.016285e-08
2546 7.021328e-08
2547 7.026360e-08
2548 7.031379e-08
2549 7.036387e-08
2550 7.041382e-08
2551 7.046365e-08
2552 7.051336e-08
2553 7.056295e-08
2554 7.061242e-08
2555 7.066177e-08
2556 7.071099e-08
2557 7.076009e-08
2558 7.080908e-08
2559 7.085794e-08
2560 7.090668e-08
2561 7.095530e-08
2562 7.100381e-08
2563 7.105219e-08
2564 7.110046e-08
2565 7.114861e-08
2566 7.119664e-08
2567 7.124456e-08
2568 7.129236e-08
2569 7.134005e-08
2570 7.138762e-08
2571 7.143508e-08
2572 7.148244e-08
2573 7.152968e-08
2574 7.157681e-08
2575 7.162384e-08
2576 7.167076e-08
2577 7.171758e-08
2578 7.176430e-08
2579 7.181091e-08
2580 7.185743e-08
2581 7.190385e-08
2582 7.195017e-08
2583 7.199640e-08
2584 7.204254e-08
2585 7.208858e-08
2586 7.213454e-08
2587 7.218042e-08
2588 7.222621e-08
2589 7.227192e-08
2590 7.231754e-08
2591 7.236310e-08
2592 7.240857e-08
2593 7.245398e-08
2594 7.249931e-08
2595 7.254458e-08
2596 7.258978e-08
2597 7.263493e-08
2598 7.268001e-08
2599 7.272503e-08
2600 7.277000e-08
2601 7.281492e-08
2602 7.285979e-08
2603 7.290462e-08
2604 7.294940e-08
2605 7.299414e-08
2606 7.303885e-08
2607 7.308352e-08
2608 7.312817e-08
2609 7.317278e-08
2610 7.321737e-08
2611 7.326194e-08
2612 7.330649e-08
2613 7.335103e-08
2614 7.339555e-08
2615 7.344007e-08
2616 7.348458e-08
2617 7.352909e-08
2618 7.357360e-08
2619 7.361812e-08
2620 7.366265e-08
2621 7.370718e-08
2622 7.375174e-08
2623 7.379631e-08
2624 7.384090e-08
2625 7.388552e-08
2626 7.393017e-08
2627 7.397485e-08
2628 7.401956e-08
2629 7.406432e-08
2630 7.410912e-08
2631 7.415396e-08
2632 7.419886e-08
2633 7.424381e-08
2634 7.428881e-08
2635 7.433388e-08
2636 7.437901e-08
2637 7.442421e-08
2638 7.446947e-08
2639 7.451482e-08
2640 7.456024e-08
2641 7.460574e-08
2642 7.465133e-08
2643 7.469700e-08
2644 7.474277e-08
2645 7.478863e-08
2646 7.483459e-08
2647 7.488065e-08
2648 7.492682e-08
2649 7.497309e-08
2650 7.501948e-08
2651 7.506598e-08
2652 7.511260e-08
2653 7.515934e-08
2654 7.520621e-08
2655 7.525320e-08
2656 7.530033e-08
2657 7.534759e-08
2658 7.539499e-08
2659 7.544252e-08
2660 7.549020e-08
2661 7.553803e-08
2662 7.558601e-08
2663 7.563413e-08
2664 7.568242e-08
2665 7.573086e-08
2666 7.577946e-08
2667 7.582823e-08
2668 7.587716e-08
2669 7.592626e-08
2670 7.597553e-08
2671 7.602498e-08
2672 7.607460e-08
2673 7.612440e-08
2674 7.617439e-08
2675 7.622455e-08
2676 7.627491e-08
2677 7.632545e-08
2678 7.637618e-08
2679 7.642711e-08
2680 7.647823e-08
2681 7.652954e-08
2682 7.658106e-08
2683 7.663278e-08
2684 7.668470e-08
2685 7.673683e-08
2686 7.678916e-08
2687 7.684170e-08
2688 7.689445e-08
2689 7.694742e-08
2690 7.700059e-08
2691 7.705399e-08
2692 7.710759e-08
2693 7.716142e-08
2694 7.721547e-08
2695 7.726973e-08
2696 7.732422e-08
2697 7.737893e-08
2698 7.743386e-08
2699 7.748902e-08
2700 7.754440e-08
2701 7.760000e-08
2702 7.765584e-08
2703 7.771190e-08
2704 7.776819e-08
2705 7.782470e-08
2706 7.788145e-08
2707 7.793842e-08
2708 7.799562e-08
2709 7.805306e-08
2710 7.811072e-08
2711 7.816861e-08
2712 7.822673e-08
2713 7.828507e-08
2714 7.834365e-08
2715 7.840246e-08
2716 7.846149e-08
2717 7.852076e-08
2718 7.858025e-08
2719 7.863996e-08
2720 7.869991e-08
2721 7.876007e-08
2722 7.882047e-08
2723 7.888108e-08
2724 7.894192e-08
2725 7.900299e-08
2726 7.906427e-08
2727 7.912577e-08
2728 7.918749e-08
2729 7.924943e-08
2730 7.931158e-08
2731 7.937395e-08
2732 7.943653e-08
2733 7.949932e-08
2734 7.956232e-08
2735 7.962553e-08
2736 7.968894e-08
2737 7.975256e-08
2738 7.981638e-08
2739 7.988040e-08
2740 7.994461e-08
2741 8.000902e-08
2742 8.007363e-08
2743 8.013842e-08
2744 8.020340e-08
2745 8.026857e-08
2746 8.033392e-08
2747 8.039945e-08
2748 8.046515e-08
2749 8.053103e-08
2750 8.059709e-08
2751 8.066331e-08
2752 8.072969e-08
2753 8.079624e-08
2754 8.086295e-08
2755 8.092982e-08
2756 8.099683e-08
2757 8.106400e-08
2758 8.113131e-08
2759 8.119877e-08
2760 8.126636e-08
2761 8.133409e-08
2762 8.140195e-08
2763 8.146994e-08
2764 8.153805e-08
2765 8.160628e-08
2766 8.167462e-08
2767 8.174308e-08
2768 8.181165e-08
2769 8.188032e-08
2770 8.194910e-08
2771 8.201796e-08
2772 8.208692e-08
2773 8.215597e-08
2774 8.222510e-08
2775 8.229430e-08
2776 8.236358e-08
2777 8.243293e-08
2778 8.250235e-08
2779 8.257182e-08
2780 8.264135e-08
2781 8.271093e-08
2782 8.278056e-08
2783 8.285023e-08
2784 8.291994e-08
2785 8.298967e-08
2786 8.305944e-08
2787 8.312922e-08
2788 8.319903e-08
2789 8.326885e-08
2790 8.333867e-08
2791 8.340850e-08
2792 8.347832e-08
2793 8.354813e-08
2794 8.361794e-08
2795 8.368772e-08
2796 8.375748e-08
2797 8.382722e-08
2798 8.389691e-08
2799 8.396657e-08
2800 8.403619e-08
2801 8.410576e-08
2802 8.417527e-08
2803 8.424472e-08
2804 8.431411e-08
2805 8.438342e-08
2806 8.445266e-08
2807 8.452182e-08
2808 8.459090e-08
2809 8.465988e-08
2810 8.472877e-08
2811 8.479755e-08
2812 8.486623e-08
2813 8.493480e-08
2814 8.500324e-08
2815 8.507157e-08
2816 8.513977e-08
2817 8.520784e-08
2818 8.527576e-08
2819 8.534355e-08
2820 8.541119e-08
2821 8.547867e-08
2822 8.554600e-08
2823 8.561316e-08
2824 8.568016e-08
2825 8.574698e-08
2826 8.581363e-08
2827 8.588009e-08
2828 8.594637e-08
2829 8.601245e-08
2830 8.607834e-08
2831 8.614402e-08
2832 8.620950e-08
2833 8.627477e-08
2834 8.633982e-08
2835 8.640465e-08
2836 8.646926e-08
2837 8.653364e-08
2838 8.659778e-08
2839 8.666169e-08
2840 8.672536e-08
2841 8.678878e-08
2842 8.685195e-08
2843 8.691487e-08
2844 8.697753e-08
2845 8.703993e-08
2846 8.710206e-08
2847 8.716393e-08
2848 8.722552e-08
2849 8.728684e-08
2850 8.734788e-08
2851 8.740863e-08
2852 8.746910e-08
2853 8.752928e-08
2854 8.758917e-08
2855 8.764876e-08
2856 8.770805e-08
2857 8.776704e-08
2858 8.782572e-08
2859 8.788410e-08
2860 8.794216e-08
2861 8.799992e-08
2862 8.805735e-08
2863 8.811447e-08
2864 8.817127e-08
2865 8.822774e-08
2866 8.828389e-08
2867 8.833971e-08
2868 8.839520e-08
2869 8.845036e-08
2870 8.850518e-08
2871 8.855967e-08
2872 8.861382e-08
2873 8.866763e-08
2874 8.872110e-08
2875 8.877423e-08
2876 8.882701e-08
2877 8.887945e-08
2878 8.893154e-08
2879 8.898329e-08
2880 8.903468e-08
2881 8.908573e-08
2882 8.913643e-08
2883 8.918677e-08
2884 8.923676e-08
2885 8.928640e-08
2886 8.933569e-08
2887 8.938462e-08
2888 8.943319e-08
2889 8.948142e-08
2890 8.952928e-08
2891 8.957680e-08
2892 8.962395e-08
2893 8.967076e-08
2894 8.971720e-08
2895 8.976329e-08
2896 8.980903e-08
2897 8.985441e-08
2898 8.989944e-08
2899 8.994412e-08
2900 8.998844e-08
2901 9.003241e-08
2902 9.007602e-08
2903 9.011929e-08
2904 9.016220e-08
2905 9.020477e-08
2906 9.024699e-08
2907 9.028886e-08
2908 9.033038e-08
2909 9.037156e-08
2910 9.041239e-08
2911 9.045288e-08
2912 9.049303e-08
2913 9.053284e-08
2914 9.057231e-08
2915 9.061145e-08
2916 9.065025e-08
2917 9.068871e-08
2918 9.072684e-08
2919 9.076465e-08
2920 9.080212e-08
2921 9.083927e-08
2922 9.087609e-08
2923 9.091259e-08
2924 9.094877e-08
2925 9.098462e-08
2926 9.102017e-08
2927 9.105540e-08
2928 9.109031e-08
2929 9.112492e-08
2930 9.115922e-08
2931 9.119321e-08
2932 9.122690e-08
2933 9.126029e-08
2934 9.129339e-08
2935 9.132618e-08
2936 9.135869e-08
2937 9.139090e-08
2938 9.142283e-08
2939 9.145447e-08
2940 9.148583e-08
2941 9.151691e-08
2942 9.154772e-08
2943 9.157825e-08
2944 9.160851e-08
2945 9.163850e-08
2946 9.166823e-08
2947 9.169770e-08
2948 9.172691e-08
2949 9.175586e-08
2950 9.178456e-08
2951 9.181301e-08
2952 9.184122e-08
2953 9.186918e-08
2954 9.189690e-08
2955 9.192439e-08
2956 9.195164e-08
2957 9.197867e-08
2958 9.200547e-08
2959 9.203204e-08
2960 9.205840e-08
2961 9.208454e-08
2962 9.211048e-08
2963 9.213620e-08
2964 9.216172e-08
2965 9.218704e-08
2966 9.221216e-08
2967 9.223708e-08
2968 9.226182e-08
2969 9.228638e-08
2970 9.231075e-08
2971 9.233494e-08
2972 9.235855e-08
2973 9.238199e-08
2974 9.240510e-08
2975 9.242807e-08
2976 9.245078e-08
2977 9.247336e-08
2978 9.249573e-08
2979 9.251798e-08
2980 9.254006e-08
2981 9.256203e-08
2982 9.258386e-08
2983 9.260560e-08
2984 9.262720e-08
2985 9.264873e-08
2986 9.267016e-08
2987 9.269152e-08
2988 9.271279e-08
2989 9.273400e-08
2990 9.275515e-08
2991 9.277625e-08
2992 9.279730e-08
2993 9.281831e-08
2994 9.283929e-08
2995 9.286024e-08
2996 9.288117e-08
2997 9.290210e-08
2998 9.292301e-08
2999 9.294392e-08
3000 9.296484e-08
3001 9.298577e-08
3002 9.300672e-08
3003 9.302770e-08
3004 9.304870e-08
3005 9.306974e-08
3006 9.309083e-08
3007 9.311197e-08
3008 9.313316e-08
3009 9.315441e-08
3010 9.317573e-08
3011 9.319713e-08
3012 9.321861e-08
3013 9.324018e-08
3014 9.326184e-08
3015 9.328362e-08
3016 9.330549e-08
3017 9.332749e-08
3018 9.334960e-08
3019 9.337186e-08
3020 9.339424e-08
3021 9.341680e-08
3022 9.343949e-08
3023 9.346237e-08
3024 9.348540e-08
3025 9.350867e-08
3026 9.353208e-08
3027 9.355578e-08
3028 9.357964e-08
3029 9.360386e-08
3030 9.362825e-08
3031 9.365326e-08
3032 9.367847e-08
3033 9.370388e-08
3034 9.372949e-08
3035 9.375532e-08
3036 9.378136e-08
3037 9.380761e-08
3038 9.383409e-08
3039 9.386079e-08
3040 9.388772e-08
3041 9.391487e-08
3042 9.394226e-08
3043 9.396988e-08
3044 9.399774e-08
3045 9.402584e-08
3046 9.405419e-08
3047 9.408278e-08
3048 9.411163e-08
3049 9.414072e-08
3050 9.417007e-08
3051 9.419968e-08
3052 9.422955e-08
3053 9.425968e-08
3054 9.429007e-08
3055 9.432074e-08
3056 9.435168e-08
3057 9.438288e-08
3058 9.441437e-08
3059 9.444613e-08
3060 9.447817e-08
3061 9.451050e-08
3062 9.454311e-08
3063 9.457601e-08
3064 9.460919e-08
3065 9.464267e-08
3066 9.467644e-08
3067 9.471051e-08
3068 9.474488e-08
3069 9.477954e-08
3070 9.481451e-08
3071 9.484978e-08
3072 9.488536e-08
3073 9.492125e-08
3074 9.495744e-08
3075 9.499395e-08
3076 9.503078e-08
3077 9.506791e-08
3078 9.510537e-08
3079 9.514314e-08
3080 9.518124e-08
3081 9.521966e-08
3082 9.525840e-08
3083 9.529747e-08
3084 9.533686e-08
3085 9.537659e-08
3086 9.541664e-08
3087 9.545703e-08
3088 9.549775e-08
3089 9.553880e-08
3090 9.558019e-08
3091 9.562192e-08
3092 9.566399e-08
3093 9.570639e-08
3094 9.574914e-08
3095 9.579223e-08
3096 9.583566e-08
3097 9.587944e-08
3098 9.592356e-08
3099 9.596803e-08
3100 9.601285e-08
3101 9.605801e-08
3102 9.610352e-08
3103 9.614939e-08
3104 9.619560e-08
3105 9.624217e-08
3106 9.628908e-08
3107 9.633635e-08
3108 9.638397e-08
3109 9.643195e-08
3110 9.648028e-08
3111 9.652897e-08
3112 9.657800e-08
3113 9.662740e-08
3114 9.667715e-08
3115 9.672726e-08
3116 9.677772e-08
3117 9.682854e-08
3118 9.687971e-08
3119 9.693124e-08
3120 9.698313e-08
3121 9.703538e-08
3122 9.708798e-08
3123 9.714093e-08
3124 9.719425e-08
3125 9.724791e-08
3126 9.730194e-08
3127 9.735632e-08
3128 9.741105e-08
3129 9.746614e-08
3130 9.752158e-08
3131 9.757737e-08
3132 9.763351e-08
3133 9.769001e-08
3134 9.774686e-08
3135 9.780406e-08
3136 9.786160e-08
3137 9.791950e-08
3138 9.797774e-08
3139 9.803633e-08
3140 9.809527e-08
3141 9.815455e-08
3142 9.821417e-08
3143 9.827413e-08
3144 9.833444e-08
3145 9.839508e-08
3146 9.845606e-08
3147 9.851738e-08
3148 9.857904e-08
3149 9.864102e-08
3150 9.870334e-08
3151 9.876599e-08
3152 9.882897e-08
3153 9.889228e-08
3154 9.895591e-08
3155 9.901986e-08
3156 9.908414e-08
3157 9.914873e-08
3158 9.921365e-08
3159 9.927888e-08
3160 9.934442e-08
3161 9.941028e-08
3162 9.947644e-08
3163 9.954292e-08
3164 9.960970e-08
3165 9.967678e-08
3166 9.974416e-08
3167 9.981184e-08
3168 9.987982e-08
3169 9.994809e-08
3170 1.000167e-07
3171 1.000855e-07
3172 1.001546e-07
3173 1.002241e-07
3174 1.002938e-07
3175 1.003637e-07
3176 1.004340e-07
3177 1.005045e-07
3178 1.005753e-07
3179 1.006464e-07
3180 1.007177e-07
3181 1.007893e-07
3182 1.008611e-07
3183 1.009332e-07
3184 1.010055e-07
3185 1.010781e-07
3186 1.011510e-07
3187 1.012240e-07
3188 1.012974e-07
3189 1.013709e-07
3190 1.014447e-07
3191 1.015187e-07
3192 1.015929e-07
3193 1.016674e-07
3194 1.017421e-07
3195 1.018170e-07
3196 1.018921e-07
3197 1.019674e-07
3198 1.020429e-07
3199 1.021186e-07
3200 1.021946e-07
3201 1.022707e-07
3202 1.023470e-07
3203 1.024235e-07
3204 1.025002e-07
3205 1.025770e-07
3206 1.026541e-07
3207 1.027313e-07
3208 1.028086e-07
3209 1.028862e-07
3210 1.029639e-07
3211 1.030418e-07
3212 1.031198e-07
3213 1.031980e-07
3214 1.032763e-07
3215 1.033547e-07
3216 1.034333e-07
3217 1.035121e-07
3218 1.035910e-07
3219 1.036700e-07
3220 1.037491e-07
3221 1.038283e-07
3222 1.039077e-07
3223 1.039872e-07
3224 1.040668e-07
3225 1.041465e-07
3226 1.042263e-07
3227 1.043062e-07
3228 1.043862e-07
3229 1.044663e-07
3230 1.045465e-07
3231 1.046268e-07
3232 1.047071e-07
3233 1.047876e-07
3234 1.048681e-07
3235 1.049487e-07
3236 1.050293e-07
3237 1.051101e-07
3238 1.051908e-07
3239 1.052717e-07
3240 1.053526e-07
3241 1.054335e-07
3242 1.055145e-07
3243 1.055956e-07
3244 1.056767e-07
3245 1.057578e-07
3246 1.058390e-07
3247 1.059202e-07
3248 1.060014e-07
3249 1.060827e-07
3250 1.061640e-07
3251 1.062453e-07
3252 1.063266e-07
3253 1.064080e-07
3254 1.064893e-07
3255 1.065707e-07
3256 1.066521e-07
3257 1.067335e-07
3258 1.068148e-07
3259 1.068962e-07
3260 1.069776e-07
3261 1.070590e-07
3262 1.071404e-07
3263 1.072218e-07
3264 1.073031e-07
3265 1.073845e-07
3266 1.074658e-07
3267 1.075471e-07
3268 1.076284e-07
3269 1.077097e-07
3270 1.077910e-07
3271 1.078722e-07
3272 1.079534e-07
3273 1.080346e-07
3274 1.081158e-07
3275 1.081969e-07
3276 1.082780e-07
3277 1.083590e-07
3278 1.084401e-07
3279 1.085210e-07
3280 1.086020e-07
3281 1.086829e-07
3282 1.087638e-07
3283 1.088446e-07
3284 1.089254e-07
3285 1.090061e-07
3286 1.090869e-07
3287 1.091675e-07
3288 1.092481e-07
3289 1.093287e-07
3290 1.094092e-07
3291 1.094897e-07
3292 1.095702e-07
3293 1.096506e-07
3294 1.097309e-07
3295 1.098112e-07
3296 1.098915e-07
3297 1.099717e-07
3298 1.100519e-07
3299 1.101320e-07
3300 1.102121e-07
3301 1.102921e-07
3302 1.103721e-07
3303 1.104520e-07
3304 1.105319e-07
3305 1.106118e-07
3306 1.106916e-07
3307 1.107714e-07
3308 1.108511e-07
3309 1.109308e-07
3310 1.110105e-07
3311 1.110901e-07
3312 1.111697e-07
3313 1.112492e-07
3314 1.113288e-07
3315 1.114082e-07
3316 1.114877e-07
3317 1.115671e-07
3318 1.116466e-07
3319 1.117259e-07
3320 1.118053e-07
3321 1.118846e-07
3322 1.119640e-07
3323 1.120433e-07
3324 1.121226e-07
3325 1.122019e-07
3326 1.122811e-07
3327 1.123604e-07
3328 1.124397e-07
3329 1.125189e-07
3330 1.125982e-07
3331 1.126774e-07
3332 1.127567e-07
3333 1.128360e-07
3334 1.129152e-07
3335 1.129945e-07
3336 1.130739e-07
3337 1.131532e-07
3338 1.132325e-07
3339 1.133119e-07
3340 1.133913e-07
3341 1.134707e-07
3342 1.135502e-07
3343 1.136297e-07
3344 1.137092e-07
3345 1.137888e-07
3346 1.138684e-07
3347 1.139481e-07
3348 1.140278e-07
3349 1.141076e-07
3350 1.141874e-07
3351 1.142673e-07
3352 1.143472e-07
3353 1.144272e-07
3354 1.145073e-07
3355 1.145875e-07
3356 1.146677e-07
3357 1.147480e-07
3358 1.148284e-07
3359 1.149089e-07
3360 1.149895e-07
3361 1.150702e-07
3362 1.151509e-07
3363 1.152318e-07
3364 1.153128e-07
3365 1.153939e-07
3366 1.154750e-07
3367 1.155563e-07
3368 1.156377e-07
3369 1.157193e-07
3370 1.158009e-07
3371 1.158827e-07
3372 1.159646e-07
3373 1.160467e-07
3374 1.161289e-07
3375 1.162112e-07
3376 1.162936e-07
3377 1.163762e-07
3378 1.164590e-07
3379 1.165419e-07
3380 1.166250e-07
3381 1.167082e-07
3382 1.167916e-07
3383 1.168751e-07
3384 1.169588e-07
3385 1.170427e-07
3386 1.171268e-07
3387 1.172110e-07
3388 1.172954e-07
3389 1.173800e-07
3390 1.174648e-07
3391 1.175497e-07
3392 1.176349e-07
3393 1.177202e-07
3394 1.178058e-07
3395 1.178915e-07
3396 1.179774e-07
3397 1.180636e-07
3398 1.181499e-07
3399 1.182365e-07
3400 1.183232e-07
3401 1.184102e-07
3402 1.184974e-07
3403 1.185848e-07
3404 1.186724e-07
3405 1.187602e-07
3406 1.188483e-07
3407 1.189366e-07
3408 1.190251e-07
3409 1.191139e-07
3410 1.192028e-07
3411 1.192920e-07
3412 1.193815e-07
3413 1.194712e-07
3414 1.195611e-07
3415 1.196512e-07
3416 1.197416e-07
3417 1.198322e-07
3418 1.199231e-07
3419 1.200142e-07
3420 1.201056e-07
3421 1.201972e-07
3422 1.202890e-07
3423 1.203811e-07
3424 1.204735e-07
3425 1.205661e-07
3426 1.206590e-07
3427 1.207521e-07
3428 1.208454e-07
3429 1.209390e-07
3430 1.210329e-07
3431 1.211270e-07
3432 1.212214e-07
3433 1.213160e-07
3434 1.214109e-07
3435 1.215060e-07
3436 1.216014e-07
3437 1.216971e-07
3438 1.217930e-07
3439 1.218892e-07
3440 1.219856e-07
3441 1.220823e-07
3442 1.221792e-07
3443 1.222764e-07
3444 1.223738e-07
3445 1.224715e-07
3446 1.225695e-07
3447 1.226677e-07
3448 1.227662e-07
3449 1.228649e-07
3450 1.229639e-07
3451 1.230631e-07
3452 1.231626e-07
3453 1.232623e-07
3454 1.233623e-07
3455 1.234625e-07
3456 1.235630e-07
3457 1.236638e-07
3458 1.237647e-07
3459 1.238660e-07
3460 1.239674e-07
3461 1.240692e-07
3462 1.241711e-07
3463 1.242733e-07
3464 1.243758e-07
3465 1.244785e-07
3466 1.245814e-07
3467 1.246845e-07
3468 1.247879e-07
3469 1.248916e-07
3470 1.249954e-07
3471 1.250995e-07
3472 1.252039e-07
3473 1.253084e-07
3474 1.254132e-07
3475 1.255182e-07
3476 1.256234e-07
3477 1.257289e-07
3478 1.258345e-07
3479 1.259404e-07
3480 1.260465e-07
3481 1.261529e-07
3482 1.262594e-07
3483 1.263661e-07
3484 1.264731e-07
3485 1.265803e-07
3486 1.266876e-07
3487 1.267952e-07
3488 1.269030e-07
3489 1.270109e-07
3490 1.271191e-07
3491 1.272275e-07
3492 1.273360e-07
3493 1.274448e-07
3494 1.275537e-07
3495 1.276628e-07
3496 1.277721e-07
3497 1.278816e-07
3498 1.279913e-07
3499 1.281011e-07
3500 1.282111e-07
3501 1.283213e-07
3502 1.284317e-07
3503 1.285423e-07
3504 1.286530e-07
3505 1.287638e-07
3506 1.288749e-07
3507 1.289861e-07
3508 1.290974e-07
3509 1.292089e-07
3510 1.293206e-07
3511 1.294324e-07
3512 1.295444e-07
3513 1.296565e-07
3514 1.297688e-07
3515 1.298812e-07
3516 1.299937e-07
3517 1.301064e-07
3518 1.302193e-07
3519 1.303322e-07
3520 1.304453e-07
3521 1.305586e-07
3522 1.306719e-07
3523 1.307854e-07
3524 1.308990e-07
3525 1.310128e-07
3526 1.311267e-07
3527 1.312406e-07
3528 1.313547e-07
3529 1.314690e-07
3530 1.315833e-07
3531 1.316978e-07
3532 1.318123e-07
3533 1.319270e-07
3534 1.320418e-07
3535 1.321567e-07
3536 1.322717e-07
3537 1.323868e-07
3538 1.325020e-07
3539 1.326173e-07
3540 1.327327e-07
3541 1.328482e-07
3542 1.329638e-07
3543 1.330795e-07
3544 1.331953e-07
3545 1.333112e-07
3546 1.334272e-07
3547 1.335433e-07
3548 1.336595e-07
3549 1.337757e-07
3550 1.338921e-07
3551 1.340085e-07
3552 1.341250e-07
3553 1.342417e-07
3554 1.343584e-07
3555 1.344752e-07
3556 1.345920e-07
3557 1.347090e-07
3558 1.348260e-07
3559 1.349432e-07
3560 1.350604e-07
3561 1.351777e-07
3562 1.352951e-07
3563 1.354126e-07
3564 1.355301e-07
3565 1.356478e-07
3566 1.357655e-07
3567 1.358833e-07
3568 1.360012e-07
3569 1.361192e-07
3570 1.362373e-07
3571 1.363555e-07
3572 1.364737e-07
3573 1.365921e-07
3574 1.367105e-07
3575 1.368290e-07
3576 1.369476e-07
3577 1.370664e-07
3578 1.371852e-07
3579 1.373041e-07
3580 1.374231e-07
3581 1.375421e-07
3582 1.376613e-07
3583 1.377806e-07
3584 1.379000e-07
3585 1.380195e-07
3586 1.381391e-07
3587 1.382588e-07
3588 1.383787e-07
3589 1.384986e-07
3590 1.386186e-07
3591 1.387388e-07
3592 1.388591e-07
3593 1.389795e-07
3594 1.391000e-07
3595 1.392207e-07
3596 1.393414e-07
3597 1.394623e-07
3598 1.395833e-07
3599 1.397045e-07
3600 1.398258e-07
3601 1.399473e-07
3602 1.400688e-07
3603 1.401906e-07
3604 1.403124e-07
3605 1.404345e-07
3606 1.405566e-07
3607 1.406790e-07
3608 1.408015e-07
3609 1.409241e-07
3610 1.410470e-07
3611 1.411700e-07
3612 1.412931e-07
3613 1.414165e-07
3614 1.415400e-07
3615 1.416637e-07
3616 1.417876e-07
3617 1.419117e-07
3618 1.420360e-07
3619 1.421605e-07
3620 1.422852e-07
3621 1.424101e-07
3622 1.425352e-07
3623 1.426605e-07
3624 1.427860e-07
3625 1.429118e-07
3626 1.430377e-07
3627 1.431639e-07
3628 1.432904e-07
3629 1.434171e-07
3630 1.435440e-07
3631 1.436712e-07
3632 1.437986e-07
3633 1.439262e-07
3634 1.440542e-07
3635 1.441824e-07
3636 1.443108e-07
3637 1.444396e-07
3638 1.445686e-07
3639 1.446978e-07
3640 1.448274e-07
3641 1.449573e-07
3642 1.450874e-07
3643 1.452178e-07
3644 1.453486e-07
3645 1.454796e-07
3646 1.456110e-07
3647 1.457426e-07
3648 1.458746e-07
3649 1.460069e-07
3650 1.461396e-07
3651 1.462725e-07
3652 1.464058e-07
3653 1.465394e-07
3654 1.466734e-07
3655 1.468077e-07
3656 1.469424e-07
3657 1.470774e-07
3658 1.472128e-07
3659 1.473485e-07
3660 1.474846e-07
3661 1.476211e-07
3662 1.477579e-07
3663 1.478951e-07
3664 1.480327e-07
3665 1.481707e-07
3666 1.483090e-07
3667 1.484478e-07
3668 1.485869e-07
3669 1.487264e-07
3670 1.488664e-07
3671 1.490067e-07
3672 1.491475e-07
3673 1.492886e-07
3674 1.494302e-07
3675 1.495722e-07
3676 1.497146e-07
3677 1.498574e-07
3678 1.500007e-07
3679 1.501443e-07
3680 1.502884e-07
3681 1.504330e-07
3682 1.505779e-07
3683 1.507234e-07
3684 1.508692e-07
3685 1.510155e-07
3686 1.511622e-07
3687 1.513094e-07
3688 1.514570e-07
3689 1.516051e-07
3690 1.517537e-07
3691 1.519026e-07
3692 1.520521e-07
3693 1.522020e-07
3694 1.523523e-07
3695 1.525032e-07
3696 1.526544e-07
3697 1.528062e-07
3698 1.529584e-07
3699 1.531110e-07
3700 1.532642e-07
3701 1.534178e-07
3702 1.535719e-07
3703 1.537264e-07
3704 1.538814e-07
3705 1.540369e-07
3706 1.541928e-07
3707 1.543492e-07
3708 1.545061e-07
3709 1.546635e-07
3710 1.548213e-07
3711 1.549796e-07
3712 1.551383e-07
3713 1.552976e-07
3714 1.554573e-07
3715 1.556174e-07
3716 1.557781e-07
3717 1.559392e-07
3718 1.561007e-07
3719 1.562628e-07
3720 1.564253e-07
3721 1.565882e-07
3722 1.567516e-07
3723 1.569155e-07
3724 1.570799e-07
3725 1.572447e-07
3726 1.574099e-07
3727 1.575756e-07
3728 1.577418e-07
3729 1.579084e-07
3730 1.580754e-07
3731 1.582429e-07
3732 1.584109e-07
3733 1.585793e-07
3734 1.587481e-07
3735 1.589174e-07
3736 1.590871e-07
3737 1.592572e-07
3738 1.594277e-07
3739 1.595987e-07
3740 1.597701e-07
3741 1.599419e-07
3742 1.601142e-07
3743 1.602868e-07
3744 1.604599e-07
3745 1.606333e-07
3746 1.608072e-07
3747 1.609815e-07
3748 1.611561e-07
3749 1.613312e-07
3750 1.615066e-07
3751 1.616824e-07
3752 1.618586e-07
3753 1.620352e-07
3754 1.622122e-07
3755 1.623895e-07
3756 1.625671e-07
3757 1.627452e-07
3758 1.629236e-07
3759 1.631023e-07
3760 1.632814e-07
3761 1.634608e-07
3762 1.636406e-07
3763 1.638207e-07
3764 1.640011e-07
3765 1.641818e-07
3766 1.643629e-07
3767 1.645443e-07
3768 1.647259e-07
3769 1.649079e-07
3770 1.650902e-07
3771 1.652727e-07
3772 1.654556e-07
3773 1.656387e-07
3774 1.658221e-07
3775 1.660058e-07
3776 1.661897e-07
3777 1.663739e-07
3778 1.665584e-07
3779 1.667431e-07
3780 1.669280e-07
3781 1.671132e-07
3782 1.672986e-07
3783 1.674842e-07
3784 1.676701e-07
3785 1.678562e-07
3786 1.680424e-07
3787 1.682289e-07
3788 1.684156e-07
3789 1.686025e-07
3790 1.687895e-07
3791 1.689767e-07
3792 1.691642e-07
3793 1.693517e-07
3794 1.695395e-07
3795 1.697274e-07
3796 1.699154e-07
3797 1.701036e-07
3798 1.702919e-07
3799 1.704804e-07
3800 1.706690e-07
3801 1.708577e-07
3802 1.710465e-07
3803 1.712355e-07
3804 1.714245e-07
3805 1.716137e-07
3806 1.718029e-07
3807 1.719922e-07
3808 1.721817e-07
3809 1.723711e-07
3810 1.725607e-07
3811 1.727503e-07
3812 1.729400e-07
3813 1.731298e-07
3814 1.733196e-07
3815 1.735094e-07
3816 1.736993e-07
3817 1.738893e-07
3818 1.740792e-07
3819 1.742692e-07
3820 1.744592e-07
3821 1.746492e-07
3822 1.748393e-07
3823 1.750293e-07
3824 1.752193e-07
3825 1.754094e-07
3826 1.755994e-07
3827 1.757894e-07
3828 1.759794e-07
3829 1.761694e-07
3830 1.763594e-07
3831 1.765493e-07
3832 1.767392e-07
3833 1.769291e-07
3834 1.771189e-07
3835 1.773087e-07
3836 1.774985e-07
3837 1.776881e-07
3838 1.778778e-07
3839 1.780674e-07
3840 1.782569e-07
3841 1.784463e-07
3842 1.786357e-07
3843 1.788250e-07
3844 1.790143e-07
3845 1.792034e-07
3846 1.793925e-07
3847 1.795815e-07
3848 1.797705e-07
3849 1.799593e-07
3850 1.801481e-07
3851 1.803367e-07
3852 1.805253e-07
3853 1.807138e-07
3854 1.809021e-07
3855 1.810904e-07
3856 1.812786e-07
3857 1.814667e-07
3858 1.816547e-07
3859 1.818426e-07
3860 1.820303e-07
3861 1.822180e-07
3862 1.824056e-07
3863 1.825930e-07
3864 1.827804e-07
3865 1.829676e-07
3866 1.831547e-07
3867 1.833418e-07
3868 1.835287e-07
3869 1.837155e-07
3870 1.839022e-07
3871 1.840888e-07
3872 1.842753e-07
3873 1.844617e-07
3874 1.846480e-07
3875 1.848341e-07
3876 1.850202e-07
3877 1.852062e-07
3878 1.853920e-07
3879 1.855778e-07
3880 1.857635e-07
3881 1.859491e-07
3882 1.861345e-07
3883 1.863199e-07
3884 1.865052e-07
3885 1.866904e-07
3886 1.868756e-07
3887 1.870606e-07
3888 1.872456e-07
3889 1.874305e-07
3890 1.876153e-07
3891 1.878000e-07
3892 1.879847e-07
3893 1.881693e-07
3894 1.883539e-07
3895 1.885384e-07
3896 1.887228e-07
3897 1.889072e-07
3898 1.890916e-07
3899 1.892759e-07
3900 1.894602e-07
3901 1.896444e-07
3902 1.898286e-07
3903 1.900128e-07
3904 1.901970e-07
3905 1.903812e-07
3906 1.905653e-07
3907 1.907495e-07
3908 1.909337e-07
3909 1.911178e-07
3910 1.913020e-07
3911 1.914862e-07
3912 1.916705e-07
3913 1.918547e-07
3914 1.920390e-07
3915 1.922234e-07
3916 1.924078e-07
3917 1.925922e-07
3918 1.927767e-07
3919 1.929613e-07
3920 1.931459e-07
3921 1.933307e-07
3922 1.935155e-07
3923 1.937004e-07
3924 1.938854e-07
3925 1.940705e-07
3926 1.942558e-07
3927 1.944411e-07
3928 1.946266e-07
3929 1.948122e-07
3930 1.949980e-07
3931 1.951839e-07
3932 1.953699e-07
3933 1.955561e-07
3934 1.957425e-07
3935 1.959291e-07
3936 1.961158e-07
3937 1.963027e-07
3938 1.964899e-07
3939 1.966772e-07
3940 1.968647e-07
3941 1.970525e-07
3942 1.972405e-07
3943 1.974287e-07
3944 1.976171e-07
3945 1.978058e-07
3946 1.979948e-07
3947 1.981840e-07
3948 1.983735e-07
3949 1.985632e-07
3950 1.987533e-07
3951 1.989436e-07
3952 1.991342e-07
3953 1.993251e-07
3954 1.995164e-07
3955 1.997079e-07
3956 1.998998e-07
3957 2.000920e-07
3958 2.002845e-07
3959 2.004774e-07
3960 2.006706e-07
3961 2.008642e-07
3962 2.010581e-07
3963 2.012524e-07
3964 2.014471e-07
3965 2.016422e-07
3966 2.018376e-07
3967 2.020335e-07
3968 2.022297e-07
3969 2.024263e-07
3970 2.026234e-07
3971 2.028209e-07
3972 2.030187e-07
3973 2.032171e-07
3974 2.034158e-07
3975 2.036150e-07
3976 2.038146e-07
3977 2.040147e-07
3978 2.042152e-07
3979 2.044162e-07
3980 2.046176e-07
3981 2.048195e-07
3982 2.050219e-07
3983 2.052248e-07
3984 2.054281e-07
3985 2.056319e-07
3986 2.058362e-07
3987 2.060410e-07
3988 2.062462e-07
3989 2.064520e-07
3990 2.066583e-07
3991 2.068651e-07
3992 2.070723e-07
3993 2.072801e-07
3994 2.074884e-07
3995 2.076972e-07
3996 2.079066e-07
3997 2.081164e-07
3998 2.083268e-07
3999 2.085376e-07
4000 2.087491e-07
4001 2.089610e-07
4002 2.091735e-07
4003 2.093864e-07
4004 2.096000e-07
4005 2.098140e-07
4006 2.100286e-07
4007 2.102437e-07
4008 2.104594e-07
4009 2.106755e-07
4010 2.108922e-07
4011 2.111095e-07
4012 2.113273e-07
4013 2.115456e-07
4014 2.117644e-07
4015 2.119838e-07
4016 2.122037e-07
4017 2.124242e-07
4018 2.126451e-07
4019 2.128666e-07
4020 2.130887e-07
4021 2.133112e-07
4022 2.135343e-07
4023 2.137579e-07
4024 2.139820e-07
4025 2.142067e-07
4026 2.144319e-07
4027 2.146575e-07
4028 2.148837e-07
4029 2.151104e-07
4030 2.153377e-07
4031 2.155654e-07
4032 2.157936e-07
4033 2.160223e-07
4034 2.162515e-07
4035 2.164812e-07
4036 2.167114e-07
4037 2.169421e-07
4038 2.171733e-07
4039 2.174049e-07
4040 2.176370e-07
4041 2.178696e-07
4042 2.181027e-07
4043 2.183362e-07
4044 2.185702e-07
4045 2.188046e-07
4046 2.190395e-07
4047 2.192748e-07
4048 2.195106e-07
4049 2.197467e-07
4050 2.199834e-07
4051 2.202204e-07
4052 2.204578e-07
4053 2.206957e-07
4054 2.209340e-07
4055 2.211727e-07
4056 2.214117e-07
4057 2.216512e-07
4058 2.218910e-07
4059 2.221312e-07
4060 2.223718e-07
4061 2.226127e-07
4062 2.228540e-07
4063 2.230957e-07
4064 2.233377e-07
4065 2.235800e-07
4066 2.238227e-07
4067 2.240657e-07
4068 2.243090e-07
4069 2.245526e-07
4070 2.247965e-07
4071 2.250407e-07
4072 2.252852e-07
4073 2.255300e-07
4074 2.257751e-07
4075 2.260204e-07
4076 2.262660e-07
4077 2.265118e-07
4078 2.267579e-07
4079 2.270043e-07
4080 2.272508e-07
4081 2.274976e-07
4082 2.277446e-07
4083 2.279919e-07
4084 2.282393e-07
4085 2.284869e-07
4086 2.287347e-07
4087 2.289827e-07
4088 2.292309e-07
4089 2.294792e-07
4090 2.297277e-07
4091 2.299763e-07
4092 2.302251e-07
4093 2.304740e-07
4094 2.307231e-07
4095 2.309722e-07
4096 2.312215e-07
4097 2.314709e-07
4098 2.317204e-07
4099 2.319700e-07
4100 2.322196e-07
4101 2.324694e-07
4102 2.327192e-07
4103 2.329691e-07
4104 2.332190e-07
4105 2.334690e-07
4106 2.337190e-07
4107 2.339691e-07
4108 2.342192e-07
4109 2.344693e-07
4110 2.347195e-07
4111 2.349696e-07
4112 2.352198e-07
4113 2.354699e-07
4114 2.357201e-07
4115 2.359702e-07
4116 2.362203e-07
4117 2.364704e-07
4118 2.367204e-07
4119 2.369704e-07
4120 2.372204e-07
4121 2.374703e-07
4122 2.377201e-07
4123 2.379699e-07
4124 2.382196e-07
4125 2.384693e-07
4126 2.387188e-07
4127 2.389683e-07
4128 2.392177e-07
4129 2.394670e-07
4130 2.397162e-07
4131 2.399653e-07
4132 2.402143e-07
4133 2.404632e-07
4134 2.407119e-07
4135 2.409606e-07
4136 2.412091e-07
4137 2.414575e-07
4138 2.417058e-07
4139 2.419539e-07
4140 2.422019e-07
4141 2.424497e-07
4142 2.426975e-07
4143 2.429450e-07
4144 2.431924e-07
4145 2.434397e-07
4146 2.436868e-07
4147 2.439338e-07
4148 2.441806e-07
4149 2.444272e-07
4150 2.446737e-07
4151 2.449200e-07
4152 2.451661e-07
4153 2.454121e-07
4154 2.456579e-07
4155 2.459036e-07
4156 2.461491e-07
4157 2.463944e-07
4158 2.466395e-07
4159 2.468845e-07
4160 2.471293e-07
4161 2.473739e-07
4162 2.476184e-07
4163 2.478626e-07
4164 2.481068e-07
4165 2.483507e-07
4166 2.485945e-07
4167 2.488381e-07
4168 2.490816e-07
4169 2.493248e-07
4170 2.495680e-07
4171 2.498109e-07
4172 2.500537e-07
4173 2.502964e-07
4174 2.505388e-07
4175 2.507812e-07
4176 2.510234e-07
4177 2.512654e-07
4178 2.515073e-07
4179 2.517490e-07
4180 2.519906e-07
4181 2.522321e-07
4182 2.524734e-07
4183 2.527146e-07
4184 2.529557e-07
4185 2.531967e-07
4186 2.534375e-07
4187 2.536782e-07
4188 2.539188e-07
4189 2.541594e-07
4190 2.543998e-07
4191 2.546401e-07
4192 2.548803e-07
4193 2.551204e-07
4194 2.553605e-07
4195 2.556004e-07
4196 2.558403e-07
4197 2.560802e-07
4198 2.563200e-07
4199 2.565597e-07
4200 2.567993e-07
4201 2.570390e-07
4202 2.572786e-07
4203 2.575181e-07
4204 2.577576e-07
4205 2.579972e-07
4206 2.582366e-07
4207 2.584761e-07
4208 2.587156e-07
4209 2.589551e-07
4210 2.591947e-07
4211 2.594342e-07
4212 2.596738e-07
4213 2.599134e-07
4214 2.601530e-07
4215 2.603927e-07
4216 2.606325e-07
4217 2.608723e-07
4218 2.611122e-07
4219 2.613522e-07
4220 2.615922e-07
4221 2.618324e-07
4222 2.620726e-07
4223 2.623130e-07
4224 2.625535e-07
4225 2.627941e-07
4226 2.630349e-07
4227 2.632758e-07
4228 2.635168e-07
4229 2.637580e-07
4230 2.639994e-07
4231 2.642409e-07
4232 2.644826e-07
4233 2.647245e-07
4234 2.649666e-07
4235 2.652090e-07
4236 2.654515e-07
4237 2.656942e-07
4238 2.659372e-07
4239 2.661804e-07
4240 2.664239e-07
4241 2.666676e-07
4242 2.669116e-07
4243 2.671558e-07
4244 2.674003e-07
4245 2.676451e-07
4246 2.678902e-07
4247 2.681356e-07
4248 2.683813e-07
4249 2.686274e-07
4250 2.688737e-07
4251 2.691204e-07
4252 2.693674e-07
4253 2.696147e-07
4254 2.698624e-07
4255 2.701105e-07
4256 2.703589e-07
4257 2.706077e-07
4258 2.708569e-07
4259 2.711064e-07
4260 2.713564e-07
4261 2.716067e-07
4262 2.718575e-07
4263 2.721087e-07
4264 2.723603e-07
4265 2.726123e-07
4266 2.728647e-07
4267 2.731176e-07
4268 2.733709e-07
4269 2.736247e-07
4270 2.738789e-07
4271 2.741336e-07
4272 2.743887e-07
4273 2.746443e-07
4274 2.749004e-07
4275 2.751570e-07
4276 2.754140e-07
4277 2.756716e-07
4278 2.759296e-07
4279 2.761881e-07
4280 2.764472e-07
4281 2.767067e-07
4282 2.769668e-07
4283 2.772273e-07
4284 2.774884e-07
4285 2.777500e-07
4286 2.780121e-07
4287 2.782748e-07
4288 2.785380e-07
4289 2.788017e-07
4290 2.790659e-07
4291 2.793307e-07
4292 2.795961e-07
4293 2.798619e-07
4294 2.801283e-07
4295 2.803953e-07
4296 2.806628e-07
4297 2.809309e-07
4298 2.811995e-07
4299 2.814686e-07
4300 2.817383e-07
4301 2.820086e-07
4302 2.822794e-07
4303 2.825508e-07
4304 2.828227e-07
4305 2.830951e-07
4306 2.833681e-07
4307 2.836417e-07
4308 2.839158e-07
4309 2.841905e-07
4310 2.844657e-07
4311 2.847415e-07
4312 2.850178e-07
4313 2.852947e-07
4314 2.855721e-07
4315 2.858500e-07
4316 2.861285e-07
4317 2.864075e-07
4318 2.866870e-07
4319 2.869671e-07
4320 2.872477e-07
4321 2.875289e-07
4322 2.878105e-07
4323 2.880927e-07
4324 2.883754e-07
4325 2.886586e-07
4326 2.889423e-07
4327 2.892266e-07
4328 2.895113e-07
4329 2.897965e-07
4330 2.900822e-07
4331 2.903684e-07
4332 2.906550e-07
4333 2.909422e-07
4334 2.912298e-07
4335 2.915179e-07
4336 2.918064e-07
4337 2.920954e-07
4338 2.923849e-07
4339 2.926748e-07
4340 2.929651e-07
4341 2.932559e-07
4342 2.935470e-07
4343 2.938386e-07
4344 2.941307e-07
4345 2.944231e-07
4346 2.947159e-07
4347 2.950091e-07
4348 2.953027e-07
4349 2.955966e-07
4350 2.958910e-07
4351 2.961857e-07
4352 2.964807e-07
4353 2.967761e-07
4354 2.970719e-07
4355 2.973679e-07
4356 2.976643e-07
4357 2.979610e-07
4358 2.982580e-07
4359 2.985553e-07
4360 2.988529e-07
4361 2.991508e-07
4362 2.994490e-07
4363 2.997474e-07
4364 3.000461e-07
4365 3.003450e-07
4366 3.006442e-07
4367 3.009436e-07
4368 3.012432e-07
4369 3.015430e-07
4370 3.018431e-07
4371 3.021433e-07
4372 3.024437e-07
4373 3.027443e-07
4374 3.030451e-07
4375 3.033460e-07
4376 3.036471e-07
4377 3.039484e-07
4378 3.042497e-07
4379 3.045512e-07
4380 3.048528e-07
4381 3.051546e-07
4382 3.054564e-07
4383 3.057583e-07
4384 3.060603e-07
4385 3.063623e-07
4386 3.066644e-07
4387 3.069666e-07
4388 3.072688e-07
4389 3.075711e-07
4390 3.078734e-07
4391 3.081757e-07
4392 3.084780e-07
4393 3.087803e-07
4394 3.090826e-07
4395 3.093849e-07
4396 3.096872e-07
4397 3.099894e-07
4398 3.102916e-07
4399 3.105938e-07
4400 3.108958e-07
4401 3.111979e-07
4402 3.114998e-07
4403 3.118017e-07
4404 3.121035e-07
4405 3.124051e-07
4406 3.127067e-07
4407 3.130082e-07
4408 3.133095e-07
4409 3.136107e-07
4410 3.139118e-07
4411 3.142127e-07
4412 3.145135e-07
4413 3.148141e-07
4414 3.151146e-07
4415 3.154149e-07
4416 3.157150e-07
4417 3.160149e-07
4418 3.163146e-07
4419 3.166141e-07
4420 3.169135e-07
4421 3.172126e-07
4422 3.175115e-07
4423 3.178102e-07
4424 3.181086e-07
4425 3.184068e-07
4426 3.187048e-07
4427 3.190025e-07
4428 3.193000e-07
4429 3.195972e-07
4430 3.198942e-07
4431 3.201909e-07
4432 3.204873e-07
4433 3.207834e-07
4434 3.210793e-07
4435 3.213749e-07
4436 3.216702e-07
4437 3.219652e-07
4438 3.222599e-07
4439 3.225544e-07
4440 3.228485e-07
4441 3.231423e-07
4442 3.234358e-07
4443 3.237290e-07
4444 3.240218e-07
4445 3.243144e-07
4446 3.246066e-07
4447 3.248985e-07
4448 3.251901e-07
4449 3.254814e-07
4450 3.257723e-07
4451 3.260629e-07
4452 3.263532e-07
4453 3.266431e-07
4454 3.269327e-07
4455 3.272219e-07
4456 3.275108e-07
4457 3.277994e-07
4458 3.280876e-07
4459 3.283755e-07
4460 3.286630e-07
4461 3.289502e-07
4462 3.292371e-07
4463 3.295236e-07
4464 3.298097e-07
4465 3.300956e-07
4466 3.303810e-07
4467 3.306662e-07
4468 3.309509e-07
4469 3.312354e-07
4470 3.315195e-07
4471 3.318032e-07
4472 3.320867e-07
4473 3.323697e-07
4474 3.326525e-07
4475 3.329349e-07
4476 3.332170e-07
4477 3.334987e-07
4478 3.337801e-07
4479 3.340612e-07
4480 3.343420e-07
4481 3.346224e-07
4482 3.349025e-07
4483 3.351823e-07
4484 3.354618e-07
4485 3.357410e-07
4486 3.360198e-07
4487 3.362984e-07
4488 3.365766e-07
4489 3.368546e-07
4490 3.371322e-07
4491 3.374096e-07
4492 3.376866e-07
4493 3.379634e-07
4494 3.382399e-07
4495 3.385161e-07
4496 3.387921e-07
4497 3.390678e-07
4498 3.393432e-07
4499 3.396183e-07
4500 3.398932e-07
4501 3.401679e-07
4502 3.404423e-07
4503 3.407164e-07
4504 3.409904e-07
4505 3.412641e-07
4506 3.415375e-07
4507 3.418108e-07
4508 3.420838e-07
4509 3.423566e-07
4510 3.426292e-07
4511 3.429016e-07
4512 3.431738e-07
4513 3.434459e-07
4514 3.437177e-07
4515 3.439893e-07
4516 3.442608e-07
4517 3.445321e-07
4518 3.448033e-07
4519 3.450743e-07
4520 3.453451e-07
4521 3.456158e-07
4522 3.458863e-07
4523 3.461568e-07
4524 3.464270e-07
4525 3.466972e-07
4526 3.469673e-07
4527 3.472372e-07
4528 3.475070e-07
4529 3.477768e-07
4530 3.480464e-07
4531 3.483159e-07
4532 3.485854e-07
4533 3.488548e-07
4534 3.491241e-07
4535 3.493933e-07
4536 3.496625e-07
4537 3.499316e-07
4538 3.502007e-07
4539 3.504697e-07
4540 3.507387e-07
4541 3.510077e-07
4542 3.512766e-07
4543 3.515455e-07
4544 3.518144e-07
4545 3.520833e-07
4546 3.523522e-07
4547 3.526211e-07
4548 3.528900e-07
4549 3.531589e-07
4550 3.534278e-07
4551 3.536967e-07
4552 3.539656e-07
4553 3.542346e-07
4554 3.545036e-07
4555 3.547727e-07
4556 3.550418e-07
4557 3.553109e-07
4558 3.555801e-07
4559 3.558494e-07
4560 3.561187e-07
4561 3.563881e-07
4562 3.566576e-07
4563 3.569271e-07
4564 3.571967e-07
4565 3.574664e-07
4566 3.577362e-07
4567 3.580061e-07
4568 3.582761e-07
4569 3.585462e-07
4570 3.588163e-07
4571 3.590866e-07
4572 3.593570e-07
4573 3.596275e-07
4574 3.598981e-07
4575 3.601688e-07
4576 3.604397e-07
4577 3.607107e-07
4578 3.609818e-07
4579 3.612530e-07
4580 3.615244e-07
4581 3.617959e-07
4582 3.620675e-07
4583 3.623393e-07
4584 3.626112e-07
4585 3.628833e-07
4586 3.631555e-07
4587 3.634279e-07
4588 3.637004e-07
4589 3.639730e-07
4590 3.642458e-07
4591 3.645188e-07
4592 3.647919e-07
4593 3.650652e-07
4594 3.653386e-07
4595 3.656122e-07
4596 3.658859e-07
4597 3.661598e-07
4598 3.664339e-07
4599 3.667081e-07
4600 3.669825e-07
4601 3.672571e-07
4602 3.675318e-07
4603 3.678066e-07
4604 3.680817e-07
4605 3.683569e-07
4606 3.686322e-07
4607 3.689077e-07
4608 3.691834e-07
4609 3.694592e-07
4610 3.697352e-07
4611 3.700114e-07
4612 3.702877e-07
4613 3.705642e-07
4614 3.708408e-07
4615 3.711176e-07
4616 3.713945e-07
4617 3.716716e-07
4618 3.719489e-07
4619 3.722263e-07
4620 3.725038e-07
4621 3.727815e-07
4622 3.730593e-07
4623 3.733373e-07
4624 3.736154e-07
4625 3.738937e-07
4626 3.741721e-07
4627 3.744506e-07
4628 3.747293e-07
4629 3.750081e-07
4630 3.752871e-07
4631 3.755661e-07
4632 3.758453e-07
4633 3.761246e-07
4634 3.764041e-07
4635 3.766837e-07
4636 3.769633e-07
4637 3.772431e-07
4638 3.775230e-07
4639 3.778031e-07
4640 3.780832e-07
4641 3.783634e-07
4642 3.786437e-07
4643 3.789242e-07
4644 3.792047e-07
4645 3.794853e-07
4646 3.797660e-07
4647 3.800468e-07
4648 3.803277e-07
4649 3.806087e-07
4650 3.808897e-07
4651 3.811708e-07
4652 3.814520e-07
4653 3.817332e-07
4654 3.820146e-07
4655 3.822960e-07
4656 3.825774e-07
4657 3.828589e-07
4658 3.831404e-07
4659 3.834220e-07
4660 3.837037e-07
4661 3.839854e-07
4662 3.842671e-07
4663 3.845489e-07
4664 3.848307e-07
4665 3.851125e-07
4666 3.853944e-07
4667 3.856763e-07
4668 3.859582e-07
4669 3.862401e-07
4670 3.865220e-07
4671 3.868040e-07
4672 3.870859e-07
4673 3.873679e-07
4674 3.876498e-07
4675 3.879318e-07
4676 3.882137e-07
4677 3.884957e-07
4678 3.887776e-07
4679 3.890595e-07
4680 3.893414e-07
4681 3.896233e-07
4682 3.899051e-07
4683 3.901869e-07
4684 3.904687e-07
4685 3.907504e-07
4686 3.910322e-07
4687 3.913138e-07
4688 3.915955e-07
4689 3.918771e-07
4690 3.921586e-07
4691 3.924401e-07
4692 3.927215e-07
4693 3.930029e-07
4694 3.932842e-07
4695 3.935655e-07
4696 3.938466e-07
4697 3.941278e-07
4698 3.944088e-07
4699 3.946898e-07
4700 3.949707e-07
4701 3.952515e-07
4702 3.955323e-07
4703 3.958129e-07
4704 3.960935e-07
4705 3.963740e-07
4706 3.966544e-07
4707 3.969347e-07
4708 3.972149e-07
4709 3.974951e-07
4710 3.977751e-07
4711 3.980550e-07
4712 3.983348e-07
4713 3.986146e-07
4714 3.988942e-07
4715 3.991737e-07
4716 3.994531e-07
4717 3.997324e-07
4718 4.000116e-07
4719 4.002906e-07
4720 4.005696e-07
4721 4.008484e-07
4722 4.011271e-07
4723 4.014057e-07
4724 4.016842e-07
4725 4.019626e-07
4726 4.022408e-07
4727 4.025189e-07
4728 4.027969e-07
4729 4.030747e-07
4730 4.033525e-07
4731 4.036300e-07
4732 4.039075e-07
4733 4.041848e-07
4734 4.044620e-07
4735 4.047391e-07
4736 4.050160e-07
4737 4.052928e-07
4738 4.055694e-07
4739 4.058460e-07
4740 4.061223e-07
4741 4.063986e-07
4742 4.066747e-07
4743 4.069506e-07
4744 4.072264e-07
4745 4.075021e-07
4746 4.077776e-07
4747 4.080530e-07
4748 4.083282e-07
4749 4.086033e-07
4750 4.088783e-07
4751 4.091531e-07
4752 4.094277e-07
4753 4.097022e-07
4754 4.099766e-07
4755 4.102508e-07
4756 4.105249e-07
4757 4.107988e-07
4758 4.110726e-07
4759 4.113462e-07
4760 4.116197e-07
4761 4.118930e-07
4762 4.121662e-07
4763 4.124392e-07
4764 4.127121e-07
4765 4.129848e-07
4766 4.132574e-07
4767 4.135299e-07
4768 4.138022e-07
4769 4.140743e-07
4770 4.143464e-07
4771 4.146182e-07
4772 4.148900e-07
4773 4.151615e-07
4774 4.154330e-07
4775 4.157043e-07
4776 4.159754e-07
4777 4.162464e-07
4778 4.165173e-07
4779 4.167881e-07
4780 4.170587e-07
4781 4.173291e-07
4782 4.175994e-07
4783 4.178696e-07
4784 4.181397e-07
4785 4.184096e-07
4786 4.186794e-07
4787 4.189490e-07
4788 4.192185e-07
4789 4.194879e-07
4790 4.197572e-07
4791 4.200263e-07
4792 4.202953e-07
4793 4.205642e-07
4794 4.208329e-07
4795 4.211015e-07
4796 4.213700e-07
4797 4.216384e-07
4798 4.219066e-07
4799 4.221748e-07
4800 4.224428e-07
4801 4.227107e-07
4802 4.229785e-07
4803 4.232461e-07
4804 4.235137e-07
4805 4.237811e-07
4806 4.240485e-07
4807 4.243157e-07
4808 4.245828e-07
4809 4.248498e-07
4810 4.251167e-07
4811 4.253835e-07
4812 4.256502e-07
4813 4.259168e-07
4814 4.261833e-07
4815 4.264496e-07
4816 4.267159e-07
4817 4.269821e-07
4818 4.272482e-07
4819 4.275142e-07
4820 4.277802e-07
4821 4.280460e-07
4822 4.283117e-07
4823 4.285774e-07
4824 4.288429e-07
4825 4.291084e-07
4826 4.293738e-07
4827 4.296392e-07
4828 4.299044e-07
4829 4.301696e-07
4830 4.304346e-07
4831 4.306997e-07
4832 4.309646e-07
4833 4.312295e-07
4834 4.314943e-07
4835 4.317590e-07
4836 4.320237e-07
4837 4.322883e-07
4838 4.325529e-07
4839 4.328174e-07
4840 4.330818e-07
4841 4.333462e-07
4842 4.336105e-07
4843 4.338748e-07
4844 4.341390e-07
4845 4.344032e-07
4846 4.346673e-07
4847 4.349314e-07
4848 4.351955e-07
4849 4.354595e-07
4850 4.357235e-07
4851 4.359874e-07
4852 4.362513e-07
4853 4.365152e-07
4854 4.367791e-07
4855 4.370429e-07
4856 4.373067e-07
4857 4.375705e-07
4858 4.378343e-07
4859 4.380980e-07
4860 4.383618e-07
4861 4.386255e-07
4862 4.388892e-07
4863 4.391530e-07
4864 4.394167e-07
4865 4.396804e-07
4866 4.399441e-07
4867 4.402078e-07
4868 4.404716e-07
4869 4.407353e-07
4870 4.409991e-07
4871 4.412629e-07
4872 4.415267e-07
4873 4.417905e-07
4874 4.420543e-07
4875 4.423182e-07
4876 4.425821e-07
4877 4.428460e-07
4878 4.431100e-07
4879 4.433740e-07
4880 4.436380e-07
4881 4.439021e-07
4882 4.441663e-07
4883 4.444305e-07
4884 4.446947e-07
4885 4.449590e-07
4886 4.452234e-07
4887 4.454878e-07
4888 4.457523e-07
4889 4.460169e-07
4890 4.462815e-07
4891 4.465462e-07
4892 4.468110e-07
4893 4.470758e-07
4894 4.473408e-07
4895 4.476058e-07
4896 4.478709e-07
4897 4.481362e-07
4898 4.484015e-07
4899 4.486669e-07
4900 4.489324e-07
4901 4.491980e-07
4902 4.494637e-07
4903 4.497296e-07
4904 4.499955e-07
4905 4.502616e-07
4906 4.505278e-07
4907 4.507941e-07
4908 4.510606e-07
4909 4.513272e-07
4910 4.515939e-07
4911 4.518607e-07
4912 4.521277e-07
4913 4.523949e-07
4914 4.526621e-07
4915 4.529296e-07
4916 4.531972e-07
4917 4.534649e-07
4918 4.537328e-07
4919 4.540009e-07
4920 4.542691e-07
4921 4.545376e-07
4922 4.548061e-07
4923 4.550749e-07
4924 4.553438e-07
4925 4.556130e-07
4926 4.558823e-07
4927 4.561518e-07
4928 4.564215e-07
4929 4.566914e-07
4930 4.569615e-07
4931 4.572318e-07
4932 4.575023e-07
4933 4.577730e-07
4934 4.580439e-07
4935 4.583151e-07
4936 4.585864e-07
4937 4.588580e-07
4938 4.591298e-07
4939 4.594019e-07
4940 4.596741e-07
4941 4.599466e-07
4942 4.602194e-07
4943 4.604923e-07
4944 4.607656e-07
4945 4.610390e-07
4946 4.613127e-07
4947 4.615867e-07
4948 4.618609e-07
4949 4.621354e-07
4950 4.624101e-07
4951 4.626852e-07
4952 4.629604e-07
4953 4.632360e-07
4954 4.635118e-07
4955 4.637878e-07
4956 4.640642e-07
4957 4.643408e-07
4958 4.646177e-07
4959 4.648949e-07
4960 4.651724e-07
4961 4.654502e-07
4962 4.657282e-07
4963 4.660066e-07
4964 4.662853e-07
4965 4.665642e-07
4966 4.668435e-07
4967 4.671230e-07
4968 4.674029e-07
4969 4.676830e-07
4970 4.679635e-07
4971 4.682443e-07
4972 4.685254e-07
4973 4.688068e-07
4974 4.690886e-07
4975 4.693706e-07
4976 4.696530e-07
4977 4.699357e-07
4978 4.702188e-07
4979 4.705021e-07
4980 4.707858e-07
4981 4.710699e-07
4982 4.713542e-07
4983 4.716389e-07
4984 4.719240e-07
4985 4.722094e-07
4986 4.724951e-07
4987 4.727812e-07
4988 4.730676e-07
4989 4.733543e-07
4990 4.736414e-07
4991 4.739289e-07
4992 4.742167e-07
4993 4.745049e-07
4994 4.747934e-07
4995 4.750823e-07
4996 4.753716e-07
4997 4.756612e-07
4998 4.759511e-07
4999 4.762415e-07
5000 4.765322e-07
