0 2.413263e-09
1 1.790706e-09
2 1.284638e-09
3 8.932648e-10
4 6.088332e-10
5 4.091907e-10
6 2.699512e-10
7 1.776378e-10
8 1.169943e-10
9 7.775272e-11
10 5.227363e-11
11 3.573305e-11
12 2.474429e-11
13 1.725642e-11
14 1.201468e-11
15 8.275623e-12
16 5.597663e-12
17 3.700997e-12
18 2.388074e-12
19 1.504573e-12
20 9.266092e-13
21 5.582812e-13
22 0.000000e+00
23 0.000000e+00
24 0.000000e+00
25 3.895975e-09
26 2.935138e-09
27 2.144441e-09
28 1.504286e-09
29 1.013770e-09
30 6.718315e-10
31 4.438593e-10
32 2.871971e-10
33 1.868142e-10
34 1.225949e-10
35 8.185165e-11
36 5.567585e-11
37 3.870659e-11
38 2.729669e-11
39 1.932343e-11
40 1.356052e-11
41 9.323364e-12
42 6.225371e-12
43 4.019392e-12
44 2.510352e-12
45 1.522768e-12
46 9.019999e-13
47 0.000000e+00
48 0.000000e+00
49 0.000000e+00
50 4.135467e-09
51 3.110072e-09
52 2.271215e-09
53 1.588361e-09
54 1.059382e-09
55 6.931365e-10
56 4.565134e-10
57 2.929293e-10
58 1.893711e-10
59 1.237803e-10
60 8.275770e-11
61 5.639771e-11
62 3.942832e-11
63 2.799655e-11
64 1.995295e-11
65 1.407180e-11
66 9.692758e-12
67 6.456105e-12
68 4.137299e-12
69 2.552214e-12
70 1.523638e-12
71 8.868705e-13
72 0.000000e+00
73 0.000000e+00
74 0.000000e+00
75 4.272802e-09
76 3.211223e-09
77 2.344931e-09
78 1.637680e-09
79 1.086833e-09
80 7.066998e-10
81 4.648200e-10
82 2.969797e-10
83 1.914134e-10
84 1.248451e-10
85 8.352492e-11
86 5.697185e-11
87 3.994068e-11
88 2.845964e-11
89 2.035017e-11
90 1.438732e-11
91 9.919857e-12
92 6.600042e-12
93 4.214323e-12
94 2.583956e-12
95 1.530251e-12
96 8.826768e-13
97 0.000000e+00
98 0.000000e+00
99 0.000000e+00
100 4.365730e-09
101 3.279488e-09
102 2.394780e-09
103 1.670973e-09
104 1.105324e-09
105 7.158369e-10
106 4.704155e-10
107 2.997185e-10
108 1.927862e-10
109 1.255638e-10
110 8.404227e-11
111 5.735441e-11
112 4.028491e-11
113 2.876951e-11
114 2.061755e-11
115 1.459979e-11
116 1.007280e-11
117 6.697473e-12
118 4.266381e-12
119 2.605496e-12
120 1.534625e-12
121 8.798116e-13
122 0.000000e+00
123 0.000000e+00
124 0.000000e+00
125 4.436139e-09
126 3.331432e-09
127 2.432472e-09
128 1.696258e-09
129 1.119396e-09
130 7.228080e-10
131 4.746740e-10
132 3.017744e-10
133 1.938258e-10
134 1.261036e-10
135 8.443557e-11
136 5.764983e-11
137 4.055028e-11
138 2.900718e-11
139 2.082200e-11
140 1.476225e-11
141 1.018974e-11
142 6.771053e-12
143 4.305835e-12
144 2.621678e-12
145 1.537851e-12
146 8.775465e-13
147 0.000000e+00
148 0.000000e+00
149 0.000000e+00
150 4.493345e-09
151 3.373451e-09
152 2.463194e-09
153 1.716812e-09
154 1.130841e-09
155 7.284795e-10
156 4.781432e-10
157 3.034751e-10
158 1.946740e-10
159 1.265590e-10
160 8.475583e-11
161 5.789314e-11
162 4.076242e-11
163 2.920017e-11
164 2.098689e-11
165 1.489427e-11
166 1.028468e-11
167 6.831251e-12
168 4.338058e-12
169 2.634971e-12
170 1.540737e-12
171 8.759066e-13
172 0.000000e+00
173 0.000000e+00
174 0.000000e+00
175 4.540518e-09
176 3.408193e-09
177 2.488419e-09
178 1.733686e-09
179 1.140241e-09
180 7.331296e-10
181 4.809842e-10
182 3.048459e-10
183 1.953720e-10
184 1.269180e-10
185 8.501977e-11
186 5.809086e-11
187 4.093834e-11
188 2.935797e-11
189 2.112269e-11
190 1.500198e-11
191 1.036249e-11
192 6.880494e-12
193 4.364534e-12
194 2.645936e-12
195 1.542992e-12
196 8.744640e-13
197 0.000000e+00
198 0.000000e+00
199 0.000000e+00
200 4.581996e-09
201 3.438646e-09
202 2.510593e-09
203 1.748517e-09
204 1.148490e-09
205 7.371663e-10
206 4.834653e-10
207 3.060574e-10
208 1.959767e-10
209 1.272338e-10
210 8.524707e-11
211 5.826135e-11
212 4.109173e-11
213 2.949657e-11
214 2.124252e-11
215 1.509737e-11
216 1.043088e-11
217 6.923676e-12
218 4.387752e-12
219 2.655410e-12
220 1.544920e-12
221 8.731734e-13
222 0.000000e+00
223 0.000000e+00
224 0.000000e+00
225 4.634560e-09
226 3.477331e-09
227 2.538772e-09
228 1.767369e-09
229 1.158967e-09
230 7.423397e-10
231 4.866369e-10
232 3.076013e-10
233 1.967551e-10
234 1.276499e-10
235 8.554079e-11
236 5.848019e-11
237 4.129039e-11
238 2.967420e-11
239 2.139438e-11
240 1.521793e-11
241 1.051789e-11
242 6.979035e-12
243 4.417242e-12
244 2.667656e-12
245 1.547465e-12
246 8.715461e-13
247 0.000000e+00
248 0.000000e+00
249 0.000000e+00
250 1.074212e-08
251 8.531536e-09
252 6.609009e-09
253 4.987683e-09
254 3.637063e-09
255 2.549435e-09
256 1.739878e-09
257 1.171403e-09
258 7.719030e-10
259 5.053414e-10
260 3.305204e-10
261 2.176734e-10
262 1.452945e-10
263 9.881959e-11
264 6.850521e-11
265 4.816224e-11
266 3.402767e-11
267 2.388346e-11
268 1.648105e-11
269 1.109242e-11
270 7.251748e-12
271 4.602691e-12
272 0.000000e+00
273 0.000000e+00
274 0.000000e+00
275 1.292579e-08
276 1.032209e-08
277 8.038127e-09
278 6.114261e-09
279 4.506440e-09
280 3.180853e-09
281 2.166500e-09
282 1.461517e-09
283 9.663041e-10
284 6.306283e-10
285 4.110495e-10
286 2.701068e-10
287 1.794147e-10
288 1.215708e-10
289 8.411716e-11
290 5.919195e-11
291 4.197876e-11
292 2.965096e-11
293 2.061255e-11
294 1.397105e-11
295 9.181137e-12
296 5.844132e-12
297 0.000000e+00
298 0.000000e+00
299 0.000000e+00
300 1.407937e-08
301 1.126036e-08
302 8.781394e-09
303 6.697907e-09
304 4.954767e-09
305 3.503442e-09
306 2.380830e-09
307 1.605604e-09
308 1.062568e-09
309 6.917802e-10
310 4.502100e-10
311 2.955397e-10
312 1.959886e-10
313 1.326789e-10
314 9.180981e-11
315 6.468016e-11
316 4.596884e-11
317 3.255737e-11
318 2.269398e-11
319 1.541179e-11
320 1.013630e-11
321 6.449832e-12
322 0.000000e+00
323 0.000000e+00
324 0.000000e+00
325 1.486644e-08
326 1.190214e-08
327 9.290476e-09
328 7.097611e-09
329 5.261914e-09
330 3.724867e-09
331 2.528338e-09
332 1.705086e-09
333 1.129015e-09
334 7.340990e-10
335 4.773164e-10
336 3.131809e-10
337 2.074719e-10
338 1.403740e-10
339 9.712473e-11
340 6.846535e-11
341 4.871589e-11
342 3.455733e-11
343 2.412543e-11
344 1.640412e-11
345 1.079548e-11
346 6.868518e-12
347 0.000000e+00
348 0.000000e+00
349 0.000000e+00
350 1.546348e-08
351 1.238762e-08
352 9.675680e-09
353 7.400431e-09
354 5.494826e-09
355 3.892712e-09
356 2.640119e-09
357 1.780334e-09
358 1.179376e-09
359 7.661332e-10
360 4.978172e-10
361 3.265234e-10
362 2.161696e-10
363 1.461927e-10
364 1.011479e-10
365 7.133224e-11
366 5.079974e-11
367 3.607286e-11
368 2.521109e-11
369 1.715728e-11
370 1.129588e-11
371 7.185733e-12
372 0.000000e+00
373 0.000000e+00
374 0.000000e+00
375 1.594653e-08
376 1.278076e-08
377 9.987078e-09
378 7.644865e-09
379 5.682897e-09
380 4.028097e-09
381 2.730431e-09
382 1.841284e-09
383 1.220084e-09
384 7.920790e-10
385 5.144424e-10
386 3.373462e-10
387 2.232076e-10
388 1.509034e-10
389 1.044020e-10
390 7.364558e-11
391 5.247760e-11
392 3.729407e-11
393 2.608645e-11
394 1.776343e-11
395 1.169881e-11
396 7.442265e-12
397 0.000000e+00
398 0.000000e+00
399 0.000000e+00
400 1.634530e-08
401 1.310547e-08
402 1.024486e-08
403 7.847363e-09
404 5.838461e-09
405 4.140177e-09
406 2.805048e-09
407 1.891657e-09
408 1.253774e-09
409 8.135121e-10
410 5.281559e-10
411 3.462807e-10
412 2.290336e-10
413 1.548021e-10
414 1.070933e-10
415 7.555929e-11
416 5.387426e-11
417 3.830783e-11
418 2.681132e-11
419 1.826730e-11
420 1.203297e-11
421 7.654813e-12
422 0.000000e+00
423 0.000000e+00
424 0.000000e+00
425 1.669576e-08
426 1.339132e-08
427 1.047209e-08
428 8.025484e-09
429 5.975468e-09
430 4.238762e-09
431 2.870826e-09
432 1.935890e-09
433 1.283369e-09
434 8.323547e-10
435 5.402418e-10
436 3.541218e-10
437 2.341348e-10
438 1.582233e-10
439 1.094685e-10
440 7.725123e-11
441 5.509487e-11
442 3.919845e-11
443 2.745103e-11
444 1.870923e-11
445 1.232642e-11
446 7.841105e-12
447 0.000000e+00
448 0.000000e+00
449 0.000000e+00
450 1.713900e-08
451 1.375238e-08
452 1.075842e-08
453 8.250862e-09
454 6.148522e-09
455 4.363481e-09
456 2.954127e-09
457 1.992078e-09
458 1.320883e-09
459 8.562622e-10
460 5.555772e-10
461 3.640925e-10
462 2.406296e-10
463 1.625671e-10
464 1.124665e-10
465 7.938209e-11
466 5.664207e-11
467 4.032704e-11
468 2.825877e-11
469 1.926827e-11
470 1.269861e-11
471 8.077241e-12
472 0.000000e+00
473 0.000000e+00
474 0.000000e+00
475 1.806672e-08
476 1.481704e-08
477 1.179519e-08
478 9.156111e-09
479 6.927875e-09
480 5.073937e-09
481 3.573663e-09
482 2.443322e-09
483 1.646025e-09
484 1.087828e-09
485 7.122476e-10
486 4.654777e-10
487 3.063014e-10
488 2.040920e-10
489 1.385936e-10
490 9.598317e-11
491 6.753628e-11
492 4.785332e-11
493 3.376930e-11
494 2.347405e-11
495 1.593238e-11
496 1.050392e-11
497 0.000000e+00
498 0.000000e+00
499 0.000000e+00
500 2.067457e-08
501 1.707498e-08
502 1.366306e-08
503 1.065578e-08
504 8.114757e-09
505 5.994483e-09
506 4.251993e-09
507 2.908953e-09
508 1.963925e-09
509 1.302438e-09
510 8.518802e-10
511 5.554421e-10
512 3.649177e-10
513 2.422253e-10
514 1.638469e-10
515 1.131885e-10
516 7.959686e-11
517 5.651866e-11
518 4.005741e-11
519 2.801246e-11
520 1.913863e-11
521 1.269446e-11
522 0.000000e+00
523 0.000000e+00
524 0.000000e+00
525 2.241935e-08
526 1.857927e-08
527 1.490483e-08
528 1.165090e-08
529 8.901761e-09
530 6.604866e-09
531 4.700143e-09
532 3.214970e-09
533 2.172113e-09
534 1.443116e-09
535 9.430100e-10
536 6.141242e-10
537 4.031131e-10
538 2.670207e-10
539 1.803465e-10
540 1.244404e-10
541 8.750918e-11
542 6.220351e-11
543 4.419912e-11
544 3.100245e-11
545 2.124724e-11
546 1.413199e-11
547 0.000000e+00
548 0.000000e+00
549 0.000000e+00
550 2.374096e-08
551 1.972257e-08
552 1.584957e-08
553 1.240949e-08
554 9.500679e-09
555 7.069061e-09
556 5.041928e-09
557 3.448941e-09
558 2.331353e-09
559 1.550547e-09
560 1.012737e-09
561 6.589756e-10
562 4.323393e-10
563 2.860244e-10
564 1.929389e-10
565 1.330424e-10
566 9.355117e-11
567 6.655402e-11
568 4.735223e-11
569 3.328153e-11
570 2.285636e-11
571 1.522737e-11
572 0.000000e+00
573 0.000000e+00
574 0.000000e+00
575 2.481474e-08
576 2.065158e-08
577 1.661628e-08
578 1.302321e-08
579 9.986599e-09
580 7.446029e-09
581 5.318691e-09
582 3.638256e-09
583 2.460355e-09
584 1.637738e-09
585 1.069210e-09
586 6.953633e-10
587 4.560386e-10
588 3.014301e-10
589 2.031804e-10
590 1.400286e-10
591 9.845428e-11
592 7.007521e-11
593 4.991934e-11
594 3.513095e-11
595 2.416149e-11
596 1.611674e-11
597 0.000000e+00
598 0.000000e+00
599 0.000000e+00
600 2.570230e-08
601 2.141719e-08
602 1.724840e-08
603 1.352980e-08
604 1.038689e-08
605 7.756538e-09
606 5.546857e-09
607 3.794479e-09
608 2.566704e-09
609 1.709566e-09
610 1.115804e-09
611 7.254028e-10
612 4.755876e-10
613 3.141431e-10
614 2.115833e-10
615 1.457829e-10
616 1.024984e-10
617 7.298565e-11
618 5.202899e-11
619 3.665815e-11
620 2.523717e-11
621 1.685150e-11
622 0.000000e+00
623 0.000000e+00
624 0.000000e+00
625 2.647838e-08
626 2.208877e-08
627 1.780467e-08
628 1.397604e-08
629 1.074007e-08
630 8.030472e-09
631 5.748199e-09
632 3.932205e-09
633 2.660639e-09
634 1.772956e-09
635 1.156931e-09
636 7.518009e-10
637 4.928089e-10
638 3.253298e-10
639 2.190530e-10
640 1.508396e-10
641 1.060510e-10
642 7.554678e-11
643 5.388589e-11
644 3.800062e-11
645 2.618598e-11
646 1.749681e-11
647 0.000000e+00
648 0.000000e+00
649 0.000000e+00
650 2.746505e-08
651 2.293991e-08
652 1.850788e-08
653 1.453880e-08
654 1.118554e-08
655 8.375548e-09
656 6.002049e-09
657 4.106061e-09
658 2.779059e-09
659 1.852866e-09
660 1.208709e-09
661 7.852341e-10
662 5.145645e-10
663 3.394794e-10
664 2.284178e-10
665 1.572396e-10
666 1.105457e-10
667 7.878260e-11
668 5.623865e-11
669 3.969614e-11
670 2.738441e-11
671 1.831371e-11
672 0.000000e+00
673 0.000000e+00
674 0.000000e+00
675 2.527878e-08
676 2.126888e-08
677 1.730442e-08
678 1.368380e-08
679 1.055789e-08
680 7.931779e-09
681 5.754953e-09
682 4.018297e-09
683 2.734657e-09
684 1.834731e-09
685 1.208102e-09
686 7.897636e-10
687 5.167502e-10
688 3.407972e-10
689 2.279952e-10
690 1.556072e-10
691 1.083259e-10
692 7.654842e-11
693 5.436780e-11
694 3.838315e-11
695 2.664998e-11
696 1.804578e-11
697 0.000000e+00
698 0.000000e+00
699 0.000000e+00
700 2.816248e-08
701 2.386829e-08
702 1.953606e-08
703 1.551888e-08
704 1.202938e-08
705 9.093978e-09
706 6.650911e-09
707 4.669749e-09
708 3.180999e-09
709 2.141382e-09
710 1.412195e-09
711 9.233061e-10
712 6.027647e-10
713 3.967279e-10
714 2.644682e-10
715 1.798873e-10
716 1.249208e-10
717 8.820275e-11
718 6.275935e-11
719 4.449235e-11
720 3.106457e-11
721 2.116838e-11
722 0.000000e+00
723 0.000000e+00
724 0.000000e+00
725 3.033149e-08
726 2.582101e-08
727 2.121099e-08
728 1.689758e-08
729 1.313203e-08
730 9.965260e-09
731 7.322076e-09
732 5.157264e-09
733 3.514032e-09
734 2.369978e-09
735 1.564184e-09
736 1.022664e-09
737 6.667518e-10
738 4.384089e-10
739 2.916286e-10
740 1.979533e-10
741 1.372806e-10
742 9.691325e-11
743 6.903849e-11
744 4.905611e-11
745 3.436598e-11
746 2.350336e-11
747 0.000000e+00
748 0.000000e+00
749 0.000000e+00
750 3.209369e-08
751 2.741205e-08
752 2.257547e-08
753 1.801934e-08
754 1.403148e-08
755 1.067552e-08
756 7.868861e-09
757 5.554516e-09
758 3.785666e-09
759 2.556601e-09
760 1.688314e-09
761 1.103869e-09
762 7.190903e-10
763 4.724596e-10
764 3.138483e-10
765 2.127120e-10
766 1.473678e-10
767 1.040127e-10
768 7.416028e-11
769 5.278040e-11
770 3.705784e-11
771 2.540620e-11
772 0.000000e+00
773 0.000000e+00
774 0.000000e+00
775 3.355058e-08
776 2.872214e-08
777 2.370068e-08
778 1.894417e-08
779 1.477206e-08
780 1.126029e-08
781 8.319170e-09
782 5.882268e-09
783 4.009827e-09
784 2.710599e-09
785 1.790792e-09
786 1.170880e-09
787 7.621818e-10
788 5.005192e-10
789 3.320994e-10
790 2.249015e-10
791 1.556965e-10
792 1.098659e-10
793 7.836889e-11
794 5.585093e-11
795 3.926964e-11
796 2.697553e-11
797 0.000000e+00
798 0.000000e+00
799 0.000000e+00
800 3.482947e-08
801 2.987502e-08
802 2.468967e-08
803 1.975744e-08
804 1.542392e-08
805 1.177568e-08
806 8.716181e-09
807 6.170721e-09
808 4.207402e-09
809 2.846239e-09
810 1.880963e-09
811 1.229782e-09
812 8.001944e-10
813 5.252210e-10
814 3.482958e-10
815 2.356043e-10
816 1.630214e-10
817 1.150308e-10
818 8.208416e-11
819 5.855215e-11
820 4.123882e-11
821 2.835668e-11
822 0.000000e+00
823 0.000000e+00
824 0.000000e+00
825 3.644766e-08
826 3.133463e-08
827 2.594076e-08
828 2.078692e-08
829 1.624837e-08
830 1.242597e-08
831 9.217092e-09
832 6.534906e-09
833 4.456498e-09
834 3.017286e-09
835 1.994737e-09
836 1.304152e-09
837 8.481962e-10
838 5.564438e-10
839 3.685214e-10
840 2.491480e-10
841 1.722780e-10
842 1.215469e-10
843 8.676960e-11
844 6.196449e-11
845 4.369406e-11
846 3.010148e-11
847 0.000000e+00
848 0.000000e+00
849 0.000000e+00
850 3.256935e-08
851 2.799902e-08
852 2.323030e-08
853 1.867269e-08
854 1.461659e-08
855 1.116553e-08
856 8.281863e-09
857 5.915466e-09
858 4.078032e-09
859 2.758880e-09
860 1.836896e-09
861 1.204413e-09
862 7.863254e-10
863 5.157244e-10
864 3.416295e-10
865 2.302654e-10
866 1.584578e-10
867 1.111242e-10
868 7.887781e-11
869 5.608754e-11
870 3.949670e-11
871 2.727093e-11
872 0.000000e+00
873 0.000000e+00
874 0.000000e+00
875 3.571062e-08
876 3.092124e-08
877 2.581917e-08
878 2.086116e-08
879 1.639845e-08
880 1.258653e-08
881 9.396817e-09
882 6.760187e-09
883 4.677791e-09
884 3.168589e-09
885 2.118137e-09
886 1.388710e-09
887 9.063974e-10
888 5.935920e-10
889 3.920686e-10
890 2.632963e-10
891 1.805826e-10
892 1.263811e-10
893 8.969328e-11
894 6.390693e-11
895 4.519718e-11
896 3.139014e-11
897 0.000000e+00
898 0.000000e+00
899 0.000000e+00
900 3.825188e-08
901 3.328553e-08
902 2.791228e-08
903 2.262792e-08
904 1.783881e-08
905 1.373358e-08
906 1.029720e-08
907 7.441729e-09
908 5.161123e-09
909 3.498578e-09
910 2.344578e-09
911 1.537052e-09
912 1.003063e-09
913 6.561109e-10
914 4.326683e-10
915 2.899076e-10
916 1.984024e-10
917 1.386681e-10
918 9.841222e-11
919 7.022264e-11
920 4.979406e-11
921 3.470777e-11
922 0.000000e+00
923 0.000000e+00
924 0.000000e+00
925 4.035123e-08
926 3.523708e-08
927 2.964299e-08
928 2.409065e-08
929 1.902700e-08
930 1.468204e-08
931 1.104212e-08
932 8.005736e-09
933 5.561480e-09
934 3.771792e-09
935 2.532301e-09
936 1.660229e-09
937 1.083056e-09
938 7.079483e-10
939 4.662326e-10
940 3.119506e-10
941 2.131871e-10
942 1.488264e-10
943 1.056086e-10
944 7.544002e-11
945 5.359233e-11
946 3.745395e-11
947 0.000000e+00
948 0.000000e+00
949 0.000000e+00
950 4.219665e-08
951 3.695262e-08
952 3.116354e-08
953 2.537577e-08
954 2.007494e-08
955 1.551683e-08
956 1.169721e-08
957 8.502153e-09
958 5.914052e-09
959 4.012571e-09
960 2.697558e-09
961 1.768291e-09
962 1.153666e-09
963 7.536422e-10
964 4.958949e-10
965 3.313287e-10
966 2.261774e-10
967 1.577984e-10
968 1.119640e-10
969 8.003333e-11
970 5.694784e-11
971 3.987152e-11
972 0.000000e+00
973 0.000000e+00
974 0.000000e+00
975 4.453659e-08
976 3.912749e-08
977 3.308713e-08
978 2.700162e-08
979 2.139830e-08
980 1.657109e-08
981 1.252475e-08
982 9.129032e-09
983 6.359119e-09
984 4.316178e-09
985 2.905954e-09
986 1.904828e-09
987 1.242618e-09
988 8.113109e-10
989 5.332849e-10
990 3.558397e-10
991 2.426007e-10
992 1.691012e-10
993 1.199849e-10
994 8.583671e-11
995 6.120426e-11
996 4.292866e-11
997 0.000000e+00
998 0.000000e+00
999 0.000000e+00
1000 4.013567e-08
1001 3.516660e-08
1002 2.971191e-08
1003 2.425935e-08
1004 1.924098e-08
1005 1.488745e-08
1006 1.122441e-08
1007 8.181935e-09
1008 5.735985e-09
1009 3.910206e-09
1010 2.627239e-09
1011 1.732696e-09
1012 1.132750e-09
1013 7.401253e-10
1014 4.871006e-10
1015 3.249135e-10
1016 2.210939e-10
1017 1.535976e-10
1018 1.085155e-10
1019 7.728399e-11
1020 5.488694e-11
1021 3.844833e-11
1022 0.000000e+00
1023 0.000000e+00
1024 0.000000e+00
1025 4.357614e-08
1026 3.844984e-08
1027 3.269957e-08
1028 2.685094e-08
1029 2.139319e-08
1030 1.662074e-08
1031 1.259780e-08
1032 9.246611e-09
1033 6.521096e-09
1034 4.454255e-09
1035 3.000525e-09
1036 1.983797e-09
1037 1.297231e-09
1038 8.462686e-10
1039 5.560694e-10
1040 3.697123e-10
1041 2.505920e-10
1042 1.735593e-10
1043 1.224137e-10
1044 8.722253e-11
1045 6.211210e-11
1046 4.371193e-11
1047 0.000000e+00
1048 0.000000e+00
1049 0.000000e+00
1050 4.641009e-08
1051 4.114876e-08
1052 3.515746e-08
1053 2.898174e-08
1054 2.315993e-08
1055 1.804352e-08
1056 1.372606e-08
1057 1.012080e-08
1058 7.165718e-09
1059 4.900585e-09
1060 3.306646e-09
1061 2.189688e-09
1062 1.431920e-09
1063 9.332733e-10
1064 6.125150e-10
1065 4.063577e-10
1066 2.747961e-10
1067 1.899117e-10
1068 1.337975e-10
1069 9.537776e-11
1070 6.805601e-11
1071 4.803636e-11
1072 0.000000e+00
1073 0.000000e+00
1074 0.000000e+00
1075 4.890465e-08
1076 4.353053e-08
1077 3.732595e-08
1078 3.086197e-08
1079 2.471825e-08
1080 1.930071e-08
1081 1.472128e-08
1082 1.089303e-08
1083 7.734497e-09
1084 5.294597e-09
1085 3.576978e-09
1086 2.371430e-09
1087 1.551222e-09
1088 1.010114e-09
1089 6.625502e-10
1090 4.387256e-10
1091 2.961529e-10
1092 2.043714e-10
1093 1.438742e-10
1094 1.025744e-10
1095 7.329207e-11
1096 5.185592e-11
1097 0.000000e+00
1098 0.000000e+00
1099 0.000000e+00
1100 5.205866e-08
1101 4.653690e-08
1102 4.005985e-08
1103 3.323362e-08
1104 2.668837e-08
1105 2.088578e-08
1106 1.597751e-08
1107 1.186666e-08
1108 8.452900e-09
1109 5.792150e-09
1110 3.918199e-09
1111 2.600864e-09
1112 1.701362e-09
1113 1.107183e-09
1114 7.254295e-10
1115 4.796191e-10
1116 3.231273e-10
1117 2.226078e-10
1118 1.565593e-10
1119 1.116568e-10
1120 7.991188e-11
1121 5.666983e-11
1122 0.000000e+00
1123 0.000000e+00
1124 0.000000e+00
1125 4.817726e-08
1126 4.295096e-08
1127 3.691543e-08
1128 3.061729e-08
1129 2.460311e-08
1130 1.925403e-08
1131 1.470495e-08
1132 1.090444e-08
1133 7.784926e-09
1134 5.363757e-09
1135 3.626457e-09
1136 2.413053e-09
1137 1.581008e-09
1138 1.031519e-09
1139 6.758212e-10
1140 4.471317e-10
1141 3.009765e-10
1142 2.069557e-10
1143 1.451263e-10
1144 1.031260e-10
1145 7.352214e-11
1146 5.202009e-11
1147 0.000000e+00
1148 0.000000e+00
1149 0.000000e+00
1150 5.186443e-08
1151 4.654072e-08
1152 4.026358e-08
1153 3.359317e-08
1154 2.712659e-08
1155 2.131137e-08
1156 1.634918e-08
1157 1.219509e-08
1158 8.764895e-09
1159 6.062845e-09
1160 4.105553e-09
1161 2.741744e-09
1162 1.796986e-09
1163 1.172136e-09
1164 7.668405e-10
1165 5.059323e-10
1166 3.393738e-10
1167 2.324588e-10
1168 1.625549e-10
1169 1.154017e-10
1170 8.238605e-11
1171 5.847779e-11
1172 0.000000e+00
1173 0.000000e+00
1174 0.000000e+00
1175 5.510542e-08
1176 4.969949e-08
1177 4.320637e-08
1178 3.620675e-08
1179 2.933869e-08
1180 2.312106e-08
1181 1.779212e-08
1182 1.332934e-08
1183 9.624976e-09
1184 6.675551e-09
1185 4.525757e-09
1186 3.029349e-09
1187 1.986264e-09
1188 1.295338e-09
1189 8.465661e-10
1190 5.575422e-10
1191 3.729592e-10
1192 2.548342e-10
1193 1.778681e-10
1194 1.261711e-10
1195 9.014989e-11
1196 6.414888e-11
1197 0.000000e+00
1198 0.000000e+00
1199 0.000000e+00
1200 5.919823e-08
1201 5.368690e-08
1202 4.692150e-08
1203 3.950889e-08
1204 3.213860e-08
1205 2.540388e-08
1206 1.961521e-08
1207 1.476081e-08
1208 1.071125e-08
1209 7.450306e-09
1210 5.056251e-09
1211 3.392860e-09
1212 2.225352e-09
1213 1.451059e-09
1214 9.470975e-10
1215 6.225549e-10
1216 4.154288e-10
1217 2.830868e-10
1218 1.971729e-10
1219 1.397753e-10
1220 9.994087e-11
1221 7.130871e-11
1222 0.000000e+00
1223 0.000000e+00
1224 0.000000e+00
1225 5.660367e-08
1226 5.125326e-08
1227 4.476613e-08
1228 3.769819e-08
1229 3.069438e-08
1230 2.428094e-08
1231 1.874751e-08
1232 1.409614e-08
1233 1.023809e-08
1234 7.152150e-09
1235 4.865333e-09
1236 3.262472e-09
1237 2.147172e-09
1238 1.401680e-09
1239 9.151356e-10
1240 6.018178e-10
1241 4.013108e-10
1242 2.730234e-10
1243 1.897153e-10
1244 1.341043e-10
1245 9.563684e-11
1246 6.806509e-11
1247 0.000000e+00
1248 0.000000e+00
1249 0.000000e+00
1250 6.068879e-08
1251 5.531236e-08
1252 4.862488e-08
1253 4.120514e-08
1254 3.372521e-08
1255 2.680028e-08
1256 2.077366e-08
1257 1.570097e-08
1258 1.147878e-08
1259 8.063666e-09
1260 5.497058e-09
1261 3.695836e-09
1262 2.437468e-09
1263 1.591813e-09
1264 1.037658e-09
1265 6.812086e-10
1266 4.526149e-10
1267 3.067122e-10
1268 2.123679e-10
1269 1.497639e-10
1270 1.067745e-10
1271 7.614736e-11
1272 0.000000e+00
1273 0.000000e+00
1274 0.000000e+00
1275 6.584062e-08
1276 6.042279e-08
1277 5.348351e-08
1278 4.562071e-08
1279 3.754925e-08
1280 2.996696e-08
1281 2.332430e-08
1282 1.772028e-08
1283 1.303991e-08
1284 9.210421e-09
1285 6.291690e-09
1286 4.240787e-09
1287 2.802389e-09
1288 1.830702e-09
1289 1.191925e-09
1290 7.808507e-10
1291 5.170671e-10
1292 3.490386e-10
1293 2.407958e-10
1294 1.694535e-10
1295 1.208027e-10
1296 8.632706e-11
1297 0.000000e+00
1298 0.000000e+00
1299 0.000000e+00
1300 6.583620e-08
1301 6.051144e-08
1302 5.367793e-08
1303 4.590301e-08
1304 3.789138e-08
1305 3.032491e-08
1306 2.364853e-08
1307 1.799576e-08
1308 1.327745e-08
1309 9.423285e-09
1310 6.465353e-09
1311 4.360316e-09
1312 2.891018e-09
1313 1.890186e-09
1314 1.231447e-09
1315 8.061273e-10
1316 5.330711e-10
1317 3.588655e-10
1318 2.467670e-10
1319 1.730685e-10
1320 1.230197e-10
1321 8.776678e-11
1322 0.000000e+00
1323 0.000000e+00
1324 0.000000e+00
1325 7.224790e-08
1326 6.697805e-08
1327 5.995683e-08
1328 5.172646e-08
1329 4.304131e-08
1330 3.467041e-08
1331 2.718918e-08
1332 2.081719e-08
1333 1.548674e-08
1334 1.108980e-08
1335 7.647129e-09
1336 5.170575e-09
1337 3.443384e-09
1338 2.252989e-09
1339 1.466864e-09
1340 9.580022e-10
1341 6.308726e-10
1342 4.223145e-10
1343 2.887246e-10
1344 2.015564e-10
1345 1.429507e-10
1346 1.020434e-10
1347 0.000000e+00
1348 0.000000e+00
1349 0.000000e+00
1350 8.084082e-08
1351 7.584034e-08
1352 6.875604e-08
1353 6.012073e-08
1354 5.068351e-08
1355 4.129935e-08
1356 3.269650e-08
1357 2.525710e-08
1358 1.900379e-08
1359 1.381247e-08
1360 9.652674e-09
1361 6.563868e-09
1362 4.398651e-09
1363 2.891993e-09
1364 1.884885e-09
1365 1.226814e-09
1366 8.038217e-10
1367 5.332328e-10
1368 3.606548e-10
1369 2.491636e-10
1370 1.753167e-10
1371 1.246949e-10
1372 0.000000e+00
1373 0.000000e+00
1374 0.000000e+00
1375 5.386397e-07
1376 4.704390e-07
1377 3.906537e-07
1378 3.197235e-07
1379 2.625842e-07
1380 2.058363e-07
1381 1.496387e-07
1382 1.044288e-07
1383 7.266004e-08
1384 4.824302e-08
1385 3.157028e-08
1386 0.000000e+00
1387 0.000000e+00
1388 0.000000e+00
1389 0.000000e+00
1390 0.000000e+00
1391 0.000000e+00
1392 0.000000e+00
1393 0.000000e+00
1394 0.000000e+00
1395 0.000000e+00
1396 0.000000e+00
1397 0.000000e+00
1398 0.000000e+00
1399 0.000000e+00
1400 6.848362e-07
1401 6.005971e-07
1402 4.999983e-07
1403 4.090400e-07
1404 3.357384e-07
1405 2.645963e-07
1406 1.934652e-07
1407 1.348983e-07
1408 9.412909e-08
1409 6.259627e-08
1410 4.102277e-08
1411 0.000000e+00
1412 0.000000e+00
1413 0.000000e+00
1414 0.000000e+00
1415 0.000000e+00
1416 0.000000e+00
1417 0.000000e+00
1418 0.000000e+00
1419 0.000000e+00
1420 0.000000e+00
1421 0.000000e+00
1422 0.000000e+00
1423 0.000000e+00
1424 0.000000e+00
1425 7.839249e-07
1426 6.888146e-07
1427 5.741091e-07
1428 4.695760e-07
1429 3.853205e-07
1430 3.044222e-07
1431 2.231680e-07
1432 1.555485e-07
1433 1.086790e-07
1434 7.232330e-08
1435 4.742928e-08
1436 0.000000e+00
1437 0.000000e+00
1438 0.000000e+00
1439 0.000000e+00
1440 0.000000e+00
1441 0.000000e+00
1442 0.000000e+00
1443 0.000000e+00
1444 0.000000e+00
1445 0.000000e+00
1446 0.000000e+00
1447 0.000000e+00
1448 0.000000e+00
1449 0.000000e+00
1450 8.589252e-07
1451 7.555866e-07
1452 6.302037e-07
1453 5.153958e-07
1454 4.228482e-07
1455 3.345662e-07
1456 2.456545e-07
1457 1.711793e-07
1458 1.196911e-07
1459 7.968600e-08
1460 5.227789e-08
1461 0.000000e+00
1462 0.000000e+00
1463 0.000000e+00
1464 0.000000e+00
1465 0.000000e+00
1466 0.000000e+00
1467 0.000000e+00
1468 0.000000e+00
1469 0.000000e+00
1470 0.000000e+00
1471 0.000000e+00
1472 0.000000e+00
1473 0.000000e+00
1474 0.000000e+00
1475 9.197423e-07
1476 8.097295e-07
1477 6.756888e-07
1478 5.525495e-07
1479 4.532788e-07
1480 3.590089e-07
1481 2.638855e-07
1482 1.838536e-07
1483 1.286215e-07
1484 8.565645e-08
1485 5.620989e-08
1486 0.000000e+00
1487 0.000000e+00
1488 0.000000e+00
1489 0.000000e+00
1490 0.000000e+00
1491 0.000000e+00
1492 0.000000e+00
1493 0.000000e+00
1494 0.000000e+00
1495 0.000000e+00
1496 0.000000e+00
1497 0.000000e+00
1498 0.000000e+00
1499 0.000000e+00
1500 9.698980e-07
1501 8.543824e-07
1502 7.132013e-07
1503 5.831875e-07
1504 4.783756e-07
1505 3.791675e-07
1506 2.789173e-07
1507 1.943066e-07
1508 1.359866e-07
1509 9.058042e-08
1510 5.945269e-08
1511 0.000000e+00
1512 0.000000e+00
1513 0.000000e+00
1514 0.000000e+00
1515 0.000000e+00
1516 0.000000e+00
1517 0.000000e+00
1518 0.000000e+00
1519 0.000000e+00
1520 0.000000e+00
1521 0.000000e+00
1522 0.000000e+00
1523 0.000000e+00
1524 0.000000e+00
1525 1.014089e-06
1526 8.937255e-07
1527 7.462472e-07
1528 6.101850e-07
1529 5.004881e-07
1530 3.969266e-07
1531 2.921647e-07
1532 2.035142e-07
1533 1.424759e-07
1534 9.491886e-08
1535 6.230989e-08
1536 0.000000e+00
1537 0.000000e+00
1538 0.000000e+00
1539 0.000000e+00
1540 0.000000e+00
1541 0.000000e+00
1542 0.000000e+00
1543 0.000000e+00
1544 0.000000e+00
1545 0.000000e+00
1546 0.000000e+00
1547 0.000000e+00
1548 0.000000e+00
1549 0.000000e+00
1550 1.069878e-06
1551 9.433887e-07
1552 7.879645e-07
1553 6.442608e-07
1554 5.283981e-07
1555 4.193463e-07
1556 3.088891e-07
1557 2.151386e-07
1558 1.506662e-07
1559 1.003944e-07
1560 6.591586e-08
1561 0.000000e+00
1562 0.000000e+00
1563 0.000000e+00
1564 0.000000e+00
1565 0.000000e+00
1566 0.000000e+00
1567 0.000000e+00
1568 0.000000e+00
1569 0.000000e+00
1570 0.000000e+00
1571 0.000000e+00
1572 0.000000e+00
1573 0.000000e+00
1574 0.000000e+00
1575 2.372935e-07
1576 2.338770e-07
1577 2.156762e-07
1578 1.851197e-07
1579 1.510956e-07
1580 1.230755e-07
1581 1.023950e-07
1582 7.940557e-08
1583 5.446360e-08
1584 3.919563e-08
1585 2.645995e-08
1586 1.750416e-08
1587 1.133832e-08
1588 0.000000e+00
1589 0.000000e+00
1590 0.000000e+00
1591 0.000000e+00
1592 0.000000e+00
1593 0.000000e+00
1594 0.000000e+00
1595 0.000000e+00
1596 0.000000e+00
1597 0.000000e+00
1598 0.000000e+00
1599 0.000000e+00
1600 3.431026e-07
1601 3.386419e-07
1602 3.130000e-07
1603 2.693006e-07
1604 2.200455e-07
1605 1.790600e-07
1606 1.488959e-07
1607 1.161073e-07
1608 7.985461e-08
1609 5.734110e-08
1610 3.879091e-08
1611 2.572338e-08
1612 1.664349e-08
1613 0.000000e+00
1614 0.000000e+00
1615 0.000000e+00
1616 0.000000e+00
1617 0.000000e+00
1618 0.000000e+00
1619 0.000000e+00
1620 0.000000e+00
1621 0.000000e+00
1622 0.000000e+00
1623 0.000000e+00
1624 0.000000e+00
1625 4.230996e-07
1626 4.178517e-07
1627 3.865747e-07
1628 3.329463e-07
1629 2.721704e-07
1630 2.213915e-07
1631 1.840571e-07
1632 1.438514e-07
1633 9.904810e-08
1634 7.105765e-08
1635 4.811176e-08
1636 3.193602e-08
1637 2.065363e-08
1638 0.000000e+00
1639 0.000000e+00
1640 0.000000e+00
1641 0.000000e+00
1642 0.000000e+00
1643 0.000000e+00
1644 0.000000e+00
1645 0.000000e+00
1646 0.000000e+00
1647 0.000000e+00
1648 0.000000e+00
1649 0.000000e+00
1650 4.879852e-07
1651 4.820857e-07
1652 4.462511e-07
1653 3.845738e-07
1654 3.144461e-07
1655 2.557206e-07
1656 2.125715e-07
1657 1.663542e-07
1658 1.146147e-07
1659 8.218297e-08
1660 5.567127e-08
1661 3.697478e-08
1662 2.390598e-08
1663 0.000000e+00
1664 0.000000e+00
1665 0.000000e+00
1666 0.000000e+00
1667 0.000000e+00
1668 0.000000e+00
1669 0.000000e+00
1670 0.000000e+00
1671 0.000000e+00
1672 0.000000e+00
1673 0.000000e+00
1674 0.000000e+00
1675 5.415061e-07
1676 5.350750e-07
1677 4.954883e-07
1678 4.271482e-07
1679 3.493171e-07
1680 2.840369e-07
1681 2.360916e-07
1682 1.849155e-07
1683 1.274546e-07
1684 9.135956e-08
1685 6.190665e-08
1686 4.113153e-08
1687 2.658867e-08
1688 0.000000e+00
1689 0.000000e+00
1690 0.000000e+00
1691 0.000000e+00
1692 0.000000e+00
1693 0.000000e+00
1694 0.000000e+00
1695 0.000000e+00
1696 0.000000e+00
1697 0.000000e+00
1698 0.000000e+00
1699 0.000000e+00
1700 5.886424e-07
1701 5.817432e-07
1702 5.388412e-07
1703 4.646472e-07
1704 3.800243e-07
1705 3.089770e-07
1706 2.568029e-07
1707 2.012624e-07
1708 1.387627e-07
1709 9.944282e-08
1710 6.739817e-08
1711 4.479192e-08
1712 2.895130e-08
1713 0.000000e+00
1714 0.000000e+00
1715 0.000000e+00
1716 0.000000e+00
1717 0.000000e+00
1718 0.000000e+00
1719 0.000000e+00
1720 0.000000e+00
1721 0.000000e+00
1722 0.000000e+00
1723 0.000000e+00
1724 0.000000e+00
1725 6.481067e-07
1726 6.406173e-07
1727 5.935314e-07
1728 5.119552e-07
1729 4.187685e-07
1730 3.404388e-07
1731 2.829394e-07
1732 2.218860e-07
1733 1.530294e-07
1734 1.096392e-07
1735 7.432640e-08
1736 4.941002e-08
1737 3.193209e-08
1738 0.000000e+00
1739 0.000000e+00
1740 0.000000e+00
1741 0.000000e+00
1742 0.000000e+00
1743 0.000000e+00
1744 0.000000e+00
1745 0.000000e+00
1746 0.000000e+00
1747 0.000000e+00
1748 0.000000e+00
1749 0.000000e+00
1750 1.245970e-07
1751 1.297826e-07
1752 1.280677e-07
1753 1.180811e-07
1754 1.012148e-07
1755 8.243301e-08
1756 6.705297e-08
1757 5.589023e-08
1758 4.334923e-08
1759 2.934801e-08
1760 2.143581e-08
1761 1.430782e-08
1762 9.457096e-09
1763 6.128956e-09
1764 0.000000e+00
1765 0.000000e+00
1766 0.000000e+00
1767 0.000000e+00
1768 0.000000e+00
1769 0.000000e+00
1770 0.000000e+00
1771 0.000000e+00
1772 0.000000e+00
1773 0.000000e+00
1774 0.000000e+00
1775 2.021400e-07
1776 2.105340e-07
1777 2.079780e-07
1778 1.921555e-07
1779 1.650497e-07
1780 1.345419e-07
1781 1.093267e-07
1782 9.108044e-08
1783 7.102767e-08
1784 4.821558e-08
1785 3.513084e-08
1786 2.348401e-08
1787 1.556738e-08
1788 1.007445e-08
1789 0.000000e+00
1790 0.000000e+00
1791 0.000000e+00
1792 0.000000e+00
1793 0.000000e+00
1794 0.000000e+00
1795 0.000000e+00
1796 0.000000e+00
1797 0.000000e+00
1798 0.000000e+00
1799 0.000000e+00
1800 2.644233e-07
1801 2.753817e-07
1802 2.721584e-07
1803 2.516408e-07
1804 2.162977e-07
1805 1.763559e-07
1806 1.432634e-07
1807 1.193323e-07
1808 9.323229e-08
1809 6.334433e-08
1810 4.611788e-08
1811 3.084141e-08
1812 2.046562e-08
1813 1.323733e-08
1814 0.000000e+00
1815 0.000000e+00
1816 0.000000e+00
1817 0.000000e+00
1818 0.000000e+00
1819 0.000000e+00
1820 0.000000e+00
1821 0.000000e+00
1822 0.000000e+00
1823 0.000000e+00
1824 0.000000e+00
1825 3.157823e-07
1826 3.288537e-07
1827 3.250726e-07
1828 3.006798e-07
1829 2.585471e-07
1830 2.108371e-07
1831 1.712419e-07
1832 1.426260e-07
1833 1.115414e-07
1834 7.581743e-08
1835 5.518052e-08
1836 3.690891e-08
1837 2.450508e-08
1838 1.584570e-08
1839 0.000000e+00
1840 0.000000e+00
1841 0.000000e+00
1842 0.000000e+00
1843 0.000000e+00
1844 0.000000e+00
1845 0.000000e+00
1846 0.000000e+00
1847 0.000000e+00
1848 0.000000e+00
1849 0.000000e+00
1850 3.610342e-07
1851 3.759675e-07
1852 3.716918e-07
1853 3.438908e-07
1854 2.957746e-07
1855 2.412182e-07
1856 1.958944e-07
1857 1.631499e-07
1858 1.276696e-07
1859 8.680883e-08
1860 6.316196e-08
1861 4.225064e-08
1862 2.806422e-08
1863 1.814205e-08
1864 0.000000e+00
1865 0.000000e+00
1866 0.000000e+00
1867 0.000000e+00
1868 0.000000e+00
1869 0.000000e+00
1870 0.000000e+00
1871 0.000000e+00
1872 0.000000e+00
1873 0.000000e+00
1874 0.000000e+00
1875 4.181573e-07
1876 4.353975e-07
1877 4.305342e-07
1878 3.984279e-07
1879 3.427388e-07
1880 2.795627e-07
1881 2.270087e-07
1882 1.890534e-07
1883 1.480296e-07
1884 1.006736e-07
1885 7.323198e-08
1886 4.899727e-08
1887 3.255630e-08
1888 2.104238e-08
1889 0.000000e+00
1890 0.000000e+00
1891 0.000000e+00
1892 0.000000e+00
1893 0.000000e+00
1894 0.000000e+00
1895 0.000000e+00
1896 0.000000e+00
1897 0.000000e+00
1898 0.000000e+00
1899 0.000000e+00
1900 1.332255e-07
1901 1.431056e-07
1902 1.471122e-07
1903 1.428447e-07
1904 1.293273e-07
1905 1.090929e-07
1906 8.829436e-08
1907 7.226679e-08
1908 6.018775e-08
1909 4.487108e-08
1910 3.026526e-08
1911 2.192628e-08
1912 1.466312e-08
1913 9.487077e-09
1914 6.176844e-09
1915 0.000000e+00
1916 0.000000e+00
1917 0.000000e+00
1918 0.000000e+00
1919 0.000000e+00
1920 0.000000e+00
1921 0.000000e+00
1922 0.000000e+00
1923 0.000000e+00
1924 0.000000e+00
1925 1.814580e-07
1926 1.948293e-07
1927 2.002987e-07
1928 1.945672e-07
1929 1.762365e-07
1930 1.487460e-07
1931 1.204026e-07
1932 9.849919e-08
1933 8.204694e-08
1934 6.127633e-08
1935 4.131169e-08
1936 2.996581e-08
1937 2.002606e-08
1938 1.296784e-08
1939 8.441531e-09
1940 0.000000e+00
1941 0.000000e+00
1942 0.000000e+00
1943 0.000000e+00
1944 0.000000e+00
1945 0.000000e+00
1946 0.000000e+00
1947 0.000000e+00
1948 0.000000e+00
1949 0.000000e+00
1950 2.239523e-07
1951 2.403926e-07
1952 2.471428e-07
1953 2.401191e-07
1954 2.175557e-07
1955 1.836681e-07
1956 1.486801e-07
1957 1.216123e-07
1958 1.012981e-07
1959 7.572974e-08
1960 5.104097e-08
1961 3.704884e-08
1962 2.475079e-08
1963 1.603449e-08
1964 1.043678e-08
1965 0.000000e+00
1966 0.000000e+00
1967 0.000000e+00
1968 0.000000e+00
1969 0.000000e+00
1970 0.000000e+00
1971 0.000000e+00
1972 0.000000e+00
1973 0.000000e+00
1974 0.000000e+00
1975 2.775645e-07
1976 2.978783e-07
1977 3.062504e-07
1978 2.975972e-07
1979 2.696894e-07
1980 2.277342e-07
1981 1.843672e-07
1982 1.507639e-07
1983 1.255938e-07
1984 9.396354e-08
1985 6.331745e-08
1986 4.598345e-08
1987 3.071130e-08
1988 1.990279e-08
1989 1.295360e-08
1990 0.000000e+00
1991 0.000000e+00
1992 0.000000e+00
1993 0.000000e+00
1994 0.000000e+00
1995 0.000000e+00
1996 0.000000e+00
1997 0.000000e+00
1998 0.000000e+00
1999 0.000000e+00
2000 9.441871e-08
2001 1.035148e-07
2002 1.092477e-07
2003 1.099582e-07
2004 1.040398e-07
2005 9.128627e-08
2006 7.515640e-08
2007 6.071195e-08
2008 5.035610e-08
2009 4.091745e-08
2010 2.847600e-08
2011 2.020596e-08
2012 1.371034e-08
2013 9.254259e-09
2014 5.907230e-09
2015 0.000000e+00
2016 0.000000e+00
2017 0.000000e+00
2018 0.000000e+00
2019 0.000000e+00
2020 0.000000e+00
2021 0.000000e+00
2022 0.000000e+00
2023 0.000000e+00
2024 0.000000e+00
2025 1.339276e-07
2026 1.467325e-07
2027 1.548179e-07
2028 1.558262e-07
2029 1.474917e-07
2030 1.294980e-07
2031 1.066535e-07
2032 8.614382e-08
2033 7.142597e-08
2034 5.809920e-08
2035 4.048652e-08
2036 2.868038e-08
2037 1.948942e-08
2038 1.315815e-08
2039 8.396793e-09
2040 0.000000e+00
2041 0.000000e+00
2042 0.000000e+00
2043 0.000000e+00
2044 0.000000e+00
2045 0.000000e+00
2046 0.000000e+00
2047 0.000000e+00
2048 0.000000e+00
2049 0.000000e+00
2050 1.837801e-07
2051 2.012563e-07
2052 2.123108e-07
2053 2.136895e-07
2054 2.023124e-07
2055 1.777089e-07
2056 1.463920e-07
2057 1.182300e-07
2058 9.800885e-08
2059 7.977692e-08
2060 5.563835e-08
2061 3.937285e-08
2062 2.678034e-08
2063 1.808323e-08
2064 1.153764e-08
2065 0.000000e+00
2066 0.000000e+00
2067 0.000000e+00
2068 0.000000e+00
2069 0.000000e+00
2070 0.000000e+00
2071 0.000000e+00
2072 0.000000e+00
2073 0.000000e+00
2074 0.000000e+00
2075 7.273979e-08
2076 8.099100e-08
2077 8.730349e-08
2078 9.018226e-08
2079 8.798313e-08
2080 8.002594e-08
2081 6.784018e-08
2082 5.493483e-08
2083 4.483399e-08
2084 3.737298e-08
2085 2.822822e-08
2086 1.886618e-08
2087 1.380354e-08
2088 9.164817e-09
2089 5.937230e-09
2090 3.851734e-09
2091 0.000000e+00
2092 0.000000e+00
2093 0.000000e+00
2094 0.000000e+00
2095 0.000000e+00
2096 0.000000e+00
2097 0.000000e+00
2098 0.000000e+00
2099 0.000000e+00
2100 1.187700e-07
2101 1.320700e-07
2102 1.422700e-07
2103 1.469540e-07
2104 1.434231e-07
2105 1.305082e-07
2106 1.106790e-07
2107 8.963991e-08
2108 7.312795e-08
2109 6.096080e-08
2110 4.611286e-08
2111 3.081848e-08
2112 2.256966e-08
2113 1.497502e-08
2114 9.709648e-09
2115 6.297311e-09
2116 0.000000e+00
2117 0.000000e+00
2118 0.000000e+00
2119 0.000000e+00
2120 0.000000e+00
2121 0.000000e+00
2122 0.000000e+00
2123 0.000000e+00
2124 0.000000e+00
2125 7.301802e-08
2126 8.230667e-08
2127 8.989971e-08
2128 9.452345e-08
2129 9.478515e-08
2130 8.921191e-08
2131 7.772719e-08
2132 6.373282e-08
2133 5.149810e-08
2134 4.280706e-08
2135 3.445054e-08
2136 2.368876e-08
2137 1.702284e-08
2138 1.137394e-08
2139 7.636891e-09
2140 4.865819e-09
2141 0.000000e+00
2142 0.000000e+00
2143 0.000000e+00
2144 0.000000e+00
2145 0.000000e+00
2146 0.000000e+00
2147 0.000000e+00
2148 0.000000e+00
2149 0.000000e+00
2150 3.895218e-08
2151 4.438199e-08
2152 4.918417e-08
2153 5.264001e-08
2154 5.377907e-08
2155 5.181650e-08
2156 4.656866e-08
2157 3.899129e-08
2158 3.146377e-08
2159 2.584571e-08
2160 2.149431e-08
2161 1.568532e-08
2162 1.060947e-08
2163 7.540745e-09
2164 5.057476e-09
2165 3.214323e-09
2166 2.077610e-09
2167 0.000000e+00
2168 0.000000e+00
2169 0.000000e+00
2170 0.000000e+00
2171 0.000000e+00
2172 0.000000e+00
2173 0.000000e+00
2174 0.000000e+00
2175 4.253653e-05
2176 3.741783e-05
2177 3.118716e-05
2178 2.547978e-05
2179 2.092531e-05
2180 1.660563e-05
2181 1.216519e-05
2182 8.472182e-06
2183 5.936815e-06
2184 3.948617e-06
2185 2.588379e-06
2186 0.000000e+00
2187 0.000000e+00
2188 0.000000e+00
2189 0.000000e+00
2190 0.000000e+00
2191 0.000000e+00
2192 0.000000e+00
2193 0.000000e+00
2194 0.000000e+00
2195 0.000000e+00
2196 0.000000e+00
2197 0.000000e+00
2198 0.000000e+00
2199 0.000000e+00
2200 2.507272e-05
2201 2.476918e-05
2202 2.294220e-05
2203 1.978278e-05
2204 1.616977e-05
2205 1.313941e-05
2206 1.092872e-05
2207 8.582614e-06
2208 5.895759e-06
2209 4.243425e-06
2210 2.867201e-06
2211 1.907655e-06
2212 1.232846e-06
2213 0.000000e+00
2214 0.000000e+00
2215 0.000000e+00
2216 0.000000e+00
2217 0.000000e+00
2218 0.000000e+00
2219 0.000000e+00
2220 0.000000e+00
2221 0.000000e+00
2222 0.000000e+00
2223 0.000000e+00
2224 0.000000e+00
2225 1.649960e-05
2226 1.716408e-05
2227 1.696573e-05
2228 1.569597e-05
2229 1.349715e-05
2230 1.100630e-05
2231 8.933840e-06
2232 7.443297e-06
2233 5.830685e-06
2234 3.958494e-06
2235 2.889443e-06
2236 1.928421e-06
2237 1.281966e-06
2238 8.287991e-07
2239 0.000000e+00
2240 0.000000e+00
2241 0.000000e+00
2242 0.000000e+00
2243 0.000000e+00
2244 0.000000e+00
2245 0.000000e+00
2246 0.000000e+00
2247 0.000000e+00
2248 0.000000e+00
2249 0.000000e+00
2250 1.127190e-05
2251 1.208086e-05
2252 1.241195e-05
2253 1.205468e-05
2254 1.092280e-05
2255 9.225888e-06
2256 7.466439e-06
2257 6.104659e-06
2258 5.086730e-06
2259 3.809962e-06
2260 2.561260e-06
2261 1.863930e-06
2262 1.244494e-06
2263 8.062072e-07
2264 5.250109e-07
2265 0.000000e+00
2266 0.000000e+00
2267 0.000000e+00
2268 0.000000e+00
2269 0.000000e+00
2270 0.000000e+00
2271 0.000000e+00
2272 0.000000e+00
2273 0.000000e+00
2274 0.000000e+00
2275 7.993272e-06
2276 8.736078e-06
2277 9.204368e-06
2278 9.259382e-06
2279 8.769396e-06
2280 7.704625e-06
2281 6.345230e-06
2282 5.123904e-06
2283 4.247004e-06
2284 3.462183e-06
2285 2.413839e-06
2286 1.706821e-06
2287 1.161155e-06
2288 7.849796e-07
2289 5.004885e-07
2290 0.000000e+00
2291 0.000000e+00
2292 0.000000e+00
2293 0.000000e+00
2294 0.000000e+00
2295 0.000000e+00
2296 0.000000e+00
2297 0.000000e+00
2298 0.000000e+00
2299 0.000000e+00
2300 5.837290e-06
2301 6.473789e-06
2302 6.963851e-06
2303 7.190378e-06
2304 7.015732e-06
2305 6.384233e-06
2306 5.415739e-06
2307 4.386199e-06
2308 3.577064e-06
2309 2.982136e-06
2310 2.258761e-06
2311 1.507411e-06
2312 1.106098e-06
2313 7.334603e-07
2314 4.757737e-07
2315 3.086158e-07
2316 0.000000e+00
2317 0.000000e+00
2318 0.000000e+00
2319 0.000000e+00
2320 0.000000e+00
2321 0.000000e+00
2322 0.000000e+00
2323 0.000000e+00
2324 0.000000e+00
2325 4.348213e-06
2326 4.884796e-06
2327 5.324570e-06
2328 5.592176e-06
2329 5.605427e-06
2330 5.278926e-06
2331 4.600605e-06
2332 3.772498e-06
2333 3.047718e-06
2334 2.532749e-06
2335 2.041186e-06
2336 1.404573e-06
2337 1.007976e-06
2338 6.739115e-07
2339 4.529177e-07
2340 2.884425e-07
2341 0.000000e+00
2342 0.000000e+00
2343 0.000000e+00
2344 0.000000e+00
2345 0.000000e+00
2346 0.000000e+00
2347 0.000000e+00
2348 0.000000e+00
2349 0.000000e+00
2350 2.958126e-06
2351 3.352247e-06
2352 3.703169e-06
2353 3.957757e-06
2354 4.040835e-06
2355 3.893058e-06
2356 3.500073e-06
2357 2.932835e-06
2358 2.366138e-06
2359 1.942597e-06
2360 1.615842e-06
2361 1.182646e-06
2362 7.982031e-07
2363 5.686293e-07
2364 3.810907e-07
2365 2.423097e-07
2366 1.566644e-07
2367 0.000000e+00
2368 0.000000e+00
2369 0.000000e+00
2370 0.000000e+00
2371 0.000000e+00
2372 0.000000e+00
2373 0.000000e+00
2374 0.000000e+00
2375 1.656908e-06
2376 1.897553e-06
2377 2.118919e-06
2378 2.294610e-06
2379 2.393202e-06
2380 2.372282e-06
2381 2.193986e-06
2382 1.883400e-06
2383 1.534307e-06
2384 1.243102e-06
2385 1.036724e-06
2386 8.097691e-07
2387 5.455885e-07
2388 4.012566e-07
2389 2.636123e-07
2390 1.735332e-07
2391 1.110398e-07
2392 0.000000e+00
2393 0.000000e+00
2394 0.000000e+00
2395 0.000000e+00
2396 0.000000e+00
2397 0.000000e+00
2398 0.000000e+00
2399 0.000000e+00
2400 7.063384e-07
2401 8.155806e-07
2402 9.217268e-07
2403 1.013539e-06
2404 1.074306e-06
2405 1.087270e-06
2406 1.037799e-06
2407 9.212197e-07
2408 7.626433e-07
2409 6.151815e-07
2410 5.080242e-07
2411 4.189306e-07
2412 2.964025e-07
2413 2.054867e-07
2414 1.417209e-07
2415 9.533953e-08
2416 6.010756e-08
2417 3.846868e-08
2418 0.000000e+00
2419 0.000000e+00
2420 0.000000e+00
2421 0.000000e+00
2422 0.000000e+00
2423 0.000000e+00
2424 0.000000e+00
2425 0.000000e+00
2426 0.000000e+00
2427 0.000000e+00
2428 0.000000e+00
2429 0.000000e+00
2430 0.000000e+00
2431 0.000000e+00
2432 2.571408e-07
2433 1.802702e-07
2434 1.201886e-07
2435 7.895328e-08
2436 0.000000e+00
2437 0.000000e+00
2438 0.000000e+00
2439 0.000000e+00
2440 0.000000e+00
2441 0.000000e+00
2442 0.000000e+00
2443 0.000000e+00
2444 0.000000e+00
2445 0.000000e+00
2446 0.000000e+00
2447 0.000000e+00
2448 0.000000e+00
2449 0.000000e+00
2450 0.000000e+00
2451 0.000000e+00
2452 0.000000e+00
2453 0.000000e+00
2454 0.000000e+00
2455 0.000000e+00
2456 0.000000e+00
2457 2.964876e-07
2458 2.046365e-07
2459 1.465268e-07
2460 9.939332e-08
2461 6.611900e-08
2462 4.271669e-08
2463 0.000000e+00
2464 0.000000e+00
2465 0.000000e+00
2466 0.000000e+00
2467 0.000000e+00
2468 0.000000e+00
2469 0.000000e+00
2470 0.000000e+00
2471 0.000000e+00
2472 0.000000e+00
2473 0.000000e+00
2474 0.000000e+00
2475 0.000000e+00
2476 0.000000e+00
2477 0.000000e+00
2478 0.000000e+00
2479 0.000000e+00
2480 0.000000e+00
2481 0.000000e+00
2482 2.826711e-07
2483 2.216308e-07
2484 1.508201e-07
2485 1.096543e-07
2486 7.338846e-08
2487 4.879667e-08
2488 3.152817e-08
2489 0.000000e+00
2490 0.000000e+00
2491 0.000000e+00
2492 0.000000e+00
2493 0.000000e+00
2494 0.000000e+00
2495 0.000000e+00
2496 0.000000e+00
2497 0.000000e+00
2498 0.000000e+00
2499 0.000000e+00
2500 0.000000e+00
2501 0.000000e+00
2502 0.000000e+00
2503 0.000000e+00
2504 0.000000e+00
2505 0.000000e+00
2506 0.000000e+00
2507 2.562301e-07
2508 2.134603e-07
2509 1.599152e-07
2510 1.077269e-07
2511 7.830559e-08
2512 5.227069e-08
2513 3.389712e-08
2514 2.205875e-08
2515 0.000000e+00
2516 0.000000e+00
2517 0.000000e+00
2518 0.000000e+00
2519 0.000000e+00
2520 0.000000e+00
2521 0.000000e+00
2522 0.000000e+00
2523 0.000000e+00
2524 0.000000e+00
2525 0.000000e+00
2526 0.000000e+00
2527 0.000000e+00
2528 0.000000e+00
2529 0.000000e+00
2530 0.000000e+00
2531 0.000000e+00
2532 2.342644e-07
2533 1.941409e-07
2534 1.581783e-07
2535 1.104446e-07
2536 7.804081e-08
2537 5.315256e-08
2538 3.589792e-08
2539 2.289856e-08
2540 0.000000e+00
2541 0.000000e+00
2542 0.000000e+00
2543 0.000000e+00
2544 0.000000e+00
2545 0.000000e+00
2546 0.000000e+00
2547 0.000000e+00
2548 0.000000e+00
2549 0.000000e+00
2550 0.000000e+00
2551 0.000000e+00
2552 0.000000e+00
2553 0.000000e+00
2554 0.000000e+00
2555 0.000000e+00
2556 0.000000e+00
2557 2.152254e-07
2558 1.755134e-07
2559 1.463182e-07
2560 1.108277e-07
2561 7.406743e-08
2562 5.428945e-08
2563 3.599909e-08
2564 2.336001e-08
2565 1.514656e-08
2566 0.000000e+00
2567 0.000000e+00
2568 0.000000e+00
2569 0.000000e+00
2570 0.000000e+00
2571 0.000000e+00
2572 0.000000e+00
2573 0.000000e+00
2574 0.000000e+00
2575 0.000000e+00
2576 0.000000e+00
2577 0.000000e+00
2578 0.000000e+00
2579 0.000000e+00
2580 0.000000e+00
2581 0.000000e+00
2582 1.972035e-07
2583 1.593178e-07
2584 1.323825e-07
2585 1.067101e-07
2586 7.345392e-08
2587 5.268747e-08
2588 3.525528e-08
2589 2.368717e-08
2590 1.508401e-08
2591 0.000000e+00
2592 0.000000e+00
2593 0.000000e+00
2594 0.000000e+00
2595 0.000000e+00
2596 0.000000e+00
2597 0.000000e+00
2598 0.000000e+00
2599 0.000000e+00
2600 0.000000e+00
2601 0.000000e+00
2602 0.000000e+00
2603 0.000000e+00
2604 0.000000e+00
2605 0.000000e+00
2606 0.000000e+00
2607 1.782183e-07
2608 1.438152e-07
2609 1.180512e-07
2610 9.819227e-08
2611 7.191521e-08
2612 4.853143e-08
2613 3.460734e-08
2614 2.318136e-08
2615 1.475023e-08
2616 9.534954e-09
2617 0.000000e+00
2618 0.000000e+00
2619 0.000000e+00
2620 0.000000e+00
2621 0.000000e+00
2622 0.000000e+00
2623 0.000000e+00
2624 0.000000e+00
2625 0.000000e+00
2626 0.000000e+00
2627 0.000000e+00
2628 0.000000e+00
2629 0.000000e+00
2630 0.000000e+00
2631 0.000000e+00
2632 1.533202e-07
2633 1.249281e-07
2634 1.012194e-07
2635 8.439615e-08
2636 6.598033e-08
2637 4.449083e-08
2638 3.267602e-08
2639 2.148590e-08
2640 1.415262e-08
2641 9.052424e-09
2642 0.000000e+00
2643 0.000000e+00
2644 0.000000e+00
2645 0.000000e+00
2646 0.000000e+00
2647 0.000000e+00
2648 0.000000e+00
2649 0.000000e+00
2650 0.000000e+00
2651 0.000000e+00
2652 0.000000e+00
2653 0.000000e+00
2654 0.000000e+00
2655 0.000000e+00
2656 0.000000e+00
2657 1.209560e-07
2658 1.005473e-07
2659 8.116969e-08
2660 6.687324e-08
2661 5.525209e-08
2662 3.957237e-08
2663 2.721906e-08
2664 1.897912e-08
2665 1.272622e-08
2666 8.047822e-09
2667 5.154733e-09
2668 0.000000e+00
2669 0.000000e+00
2670 0.000000e+00
2671 0.000000e+00
2672 0.000000e+00
2673 0.000000e+00
2674 0.000000e+00
2675 0.000000e+00
2676 0.000000e+00
2677 0.000000e+00
2678 0.000000e+00
2679 0.000000e+00
2680 0.000000e+00
2681 0.000000e+00
2682 3.132234e-10
2683 1.995821e-10
2684 1.291160e-10
2685 8.660053e-11
2686 5.927076e-11
2687 4.199497e-11
2688 3.030999e-11
2689 2.194197e-11
2690 1.565289e-11
2691 1.083057e-11
2692 7.177347e-12
2693 4.523266e-12
2694 2.711181e-12
2695 1.556491e-12
2696 0.000000e+00
2697 0.000000e+00
2698 0.000000e+00
2699 0.000000e+00
2700 0.000000e+00
2701 0.000000e+00
2702 0.000000e+00
2703 0.000000e+00
2704 0.000000e+00
2705 0.000000e+00
2706 0.000000e+00
2707 2.194669e-09
2708 1.456172e-09
2709 9.423638e-10
2710 6.107469e-10
2711 3.999508e-10
2712 2.639744e-10
2713 1.782031e-10
2714 1.232736e-10
2715 8.707956e-11
2716 6.223331e-11
2717 4.439344e-11
2718 3.117058e-11
2719 2.128672e-11
2720 1.403853e-11
2721 0.000000e+00
2722 0.000000e+00
2723 0.000000e+00
2724 0.000000e+00
2725 0.000000e+00
2726 0.000000e+00
2727 0.000000e+00
2728 0.000000e+00
2729 0.000000e+00
2730 0.000000e+00
2731 0.000000e+00
2732 4.734934e-09
2733 3.207355e-09
2734 2.142020e-09
2735 1.396238e-09
2736 9.059442e-10
2737 5.931823e-10
2738 3.905671e-10
2739 2.623406e-10
2740 1.803838e-10
2741 1.267867e-10
2742 9.046243e-11
2743 6.473042e-11
2744 4.583105e-11
2745 3.170627e-11
2746 0.000000e+00
2747 0.000000e+00
2748 0.000000e+00
2749 0.000000e+00
2750 0.000000e+00
2751 0.000000e+00
2752 0.000000e+00
2753 0.000000e+00
2754 0.000000e+00
2755 0.000000e+00
2756 0.000000e+00
2757 7.853500e-09
2758 5.358071e-09
2759 3.636515e-09
2760 2.406641e-09
2761 1.573456e-09
2762 1.021685e-09
2763 6.693567e-10
2764 4.421326e-10
2765 2.980998e-10
2766 2.057423e-10
2767 1.451072e-10
2768 1.037504e-10
2769 7.430959e-11
2770 5.262425e-11
2771 0.000000e+00
2772 0.000000e+00
2773 0.000000e+00
2774 0.000000e+00
2775 0.000000e+00
2776 0.000000e+00
2777 0.000000e+00
2778 0.000000e+00
2779 0.000000e+00
2780 0.000000e+00
2781 0.000000e+00
2782 1.139781e-08
2783 7.967735e-09
2784 5.415668e-09
2785 3.660549e-09
2786 2.399065e-09
2787 1.564630e-09
2788 1.019905e-09
2789 6.685144e-10
2790 4.444111e-10
2791 3.019530e-10
2792 2.100180e-10
2793 1.489868e-10
2794 1.068313e-10
2795 7.647406e-11
2796 0.000000e+00
2797 0.000000e+00
2798 0.000000e+00
2799 0.000000e+00
2800 0.000000e+00
2801 0.000000e+00
2802 0.000000e+00
2803 0.000000e+00
2804 0.000000e+00
2805 0.000000e+00
2806 0.000000e+00
2807 1.539258e-08
2808 1.105045e-08
2809 7.591676e-09
2810 5.152654e-09
2811 3.430980e-09
2812 2.245065e-09
2813 1.458299e-09
2814 9.533493e-10
2815 6.274672e-10
2816 4.207132e-10
2817 2.885966e-10
2818 2.025125e-10
2819 1.445170e-10
2820 1.037906e-10
2821 0.000000e+00
2822 0.000000e+00
2823 0.000000e+00
2824 0.000000e+00
2825 0.000000e+00
2826 0.000000e+00
2827 0.000000e+00
2828 0.000000e+00
2829 0.000000e+00
2830 0.000000e+00
2831 0.000000e+00
2832 1.994196e-08
2833 1.464085e-08
2834 1.025285e-08
2835 6.976492e-09
2836 4.708663e-09
2837 3.090769e-09
2838 2.014645e-09
2839 1.311522e-09
2840 8.582901e-10
2841 5.690618e-10
2842 3.853593e-10
2843 2.671024e-10
2844 1.890054e-10
2845 1.354448e-10
2846 0.000000e+00
2847 0.000000e+00
2848 0.000000e+00
2849 0.000000e+00
2850 0.000000e+00
2851 0.000000e+00
2852 0.000000e+00
2853 0.000000e+00
2854 0.000000e+00
2855 0.000000e+00
2856 0.000000e+00
2857 2.502860e-08
2858 1.868982e-08
2859 1.336150e-08
2860 9.167839e-09
2861 6.213349e-09
2862 4.123177e-09
2863 2.695510e-09
2864 1.749392e-09
2865 1.141535e-09
2866 7.504495e-10
2867 5.021728e-10
2868 3.437386e-10
2869 2.406921e-10
2870 1.714839e-10
2871 0.000000e+00
2872 0.000000e+00
2873 0.000000e+00
2874 0.000000e+00
2875 0.000000e+00
2876 0.000000e+00
2877 0.000000e+00
2878 0.000000e+00
2879 0.000000e+00
2880 0.000000e+00
2881 0.000000e+00
2882 3.099743e-08
2883 2.345760e-08
2884 1.709865e-08
2885 1.190587e-08
2886 8.089051e-09
2887 5.433666e-09
2888 3.559532e-09
2889 2.313751e-09
2890 1.504738e-09
2891 9.829016e-10
2892 6.508214e-10
2893 4.398694e-10
2894 3.041896e-10
2895 2.147203e-10
2896 0.000000e+00
2897 0.000000e+00
2898 0.000000e+00
2899 0.000000e+00
2900 0.000000e+00
2901 0.000000e+00
2902 0.000000e+00
2903 0.000000e+00
2904 0.000000e+00
2905 0.000000e+00
2906 0.000000e+00
2907 4.170431e-08
2908 3.203991e-08
2909 2.391173e-08
2910 1.711616e-08
2911 1.177305e-08
2912 7.967295e-09
2913 5.287953e-09
2914 3.451183e-09
2915 2.235979e-09
2916 1.452644e-09
2917 9.493860e-10
2918 6.301069e-10
2919 4.270727e-10
2920 2.958369e-10
2921 0.000000e+00
2922 0.000000e+00
2923 0.000000e+00
2924 0.000000e+00
2925 0.000000e+00
2926 0.000000e+00
2927 0.000000e+00
2928 0.000000e+00
2929 0.000000e+00
2930 0.000000e+00
2931 0.000000e+00
2932 1.342557e-07
2933 1.095450e-07
2934 8.676835e-08
2935 6.714720e-08
2936 5.070093e-08
2937 3.689569e-08
2938 2.560264e-08
2939 1.732108e-08
2940 1.157116e-08
2941 7.516782e-09
2942 4.820448e-09
2943 3.079941e-09
2944 1.960507e-09
2945 1.253303e-09
2946 0.000000e+00
2947 0.000000e+00
2948 0.000000e+00
2949 0.000000e+00
2950 0.000000e+00
2951 0.000000e+00
2952 0.000000e+00
2953 0.000000e+00
2954 0.000000e+00
2955 0.000000e+00
2956 1.550967e-12
2957 1.123176e-12
2958 8.268935e-13
2959 5.934708e-13
2960 4.311693e-13
2961 0.000000e+00
2962 0.000000e+00
2963 0.000000e+00
2964 0.000000e+00
2965 0.000000e+00
2966 0.000000e+00
2967 0.000000e+00
2968 0.000000e+00
2969 0.000000e+00
2970 0.000000e+00
2971 0.000000e+00
2972 0.000000e+00
2973 0.000000e+00
2974 0.000000e+00
2975 0.000000e+00
2976 0.000000e+00
2977 0.000000e+00
2978 0.000000e+00
2979 0.000000e+00
2980 0.000000e+00
2981 1.321237e-12
2982 1.048469e-12
2983 7.403406e-13
2984 5.478118e-13
2985 3.916536e-13
2986 2.797315e-13
2987 1.996537e-13
2988 0.000000e+00
2989 0.000000e+00
2990 0.000000e+00
2991 0.000000e+00
2992 0.000000e+00
2993 0.000000e+00
2994 0.000000e+00
2995 0.000000e+00
2996 0.000000e+00
2997 0.000000e+00
2998 0.000000e+00
2999 0.000000e+00
3000 0.000000e+00
3001 0.000000e+00
3002 0.000000e+00
3003 0.000000e+00
3004 0.000000e+00
3005 0.000000e+00
3006 1.112486e-12
3007 9.278366e-13
3008 7.335146e-13
3009 5.077612e-13
3010 3.776871e-13
3011 2.642938e-13
3012 1.873127e-13
3013 1.316979e-13
3014 0.000000e+00
3015 0.000000e+00
3016 0.000000e+00
3017 0.000000e+00
3018 0.000000e+00
3019 0.000000e+00
3020 0.000000e+00
3021 0.000000e+00
3022 0.000000e+00
3023 0.000000e+00
3024 0.000000e+00
3025 0.000000e+00
3026 0.000000e+00
3027 0.000000e+00
3028 0.000000e+00
3029 0.000000e+00
3030 0.000000e+00
3031 9.913449e-13
3032 8.105032e-13
3033 6.762801e-13
3034 5.105130e-13
3035 3.473732e-13
3036 2.591447e-13
3037 1.792674e-13
3038 1.232352e-13
3039 8.644162e-14
3040 0.000000e+00
3041 0.000000e+00
3042 0.000000e+00
3043 0.000000e+00
3044 0.000000e+00
3045 0.000000e+00
3046 0.000000e+00
3047 0.000000e+00
3048 0.000000e+00
3049 0.000000e+00
3050 0.000000e+00
3051 0.000000e+00
3052 0.000000e+00
3053 0.000000e+00
3054 0.000000e+00
3055 0.000000e+00
3056 9.022061e-13
3057 7.286125e-13
3058 6.032064e-13
3059 4.931708e-13
3060 3.479916e-13
3061 2.464169e-13
3062 1.717651e-13
3063 1.198812e-13
3064 8.063926e-14
3065 0.000000e+00
3066 0.000000e+00
3067 0.000000e+00
3068 0.000000e+00
3069 0.000000e+00
3070 0.000000e+00
3071 0.000000e+00
3072 0.000000e+00
3073 0.000000e+00
3074 0.000000e+00
3075 0.000000e+00
3076 0.000000e+00
3077 0.000000e+00
3078 0.000000e+00
3079 0.000000e+00
3080 0.000000e+00
3081 8.252709e-13
3082 6.683815e-13
3083 5.450566e-13
3084 4.548931e-13
3085 3.460749e-13
3086 2.317244e-13
3087 1.720496e-13
3088 1.159795e-13
3089 7.759783e-14
3090 5.233995e-14
3091 0.000000e+00
3092 0.000000e+00
3093 0.000000e+00
3094 0.000000e+00
3095 0.000000e+00
3096 0.000000e+00
3097 0.000000e+00
3098 0.000000e+00
3099 0.000000e+00
3100 0.000000e+00
3101 0.000000e+00
3102 0.000000e+00
3103 0.000000e+00
3104 0.000000e+00
3105 0.000000e+00
3106 7.613421e-13
3107 6.254905e-13
3108 5.049026e-13
3109 4.189633e-13
3110 3.393095e-13
3111 2.356641e-13
3112 1.678266e-13
3113 1.133114e-13
3114 7.765568e-14
3115 5.075026e-14
3116 0.000000e+00
3117 0.000000e+00
3118 0.000000e+00
3119 0.000000e+00
3120 0.000000e+00
3121 0.000000e+00
3122 0.000000e+00
3123 0.000000e+00
3124 0.000000e+00
3125 0.000000e+00
3126 0.000000e+00
3127 0.000000e+00
3128 0.000000e+00
3129 0.000000e+00
3130 0.000000e+00
3131 7.038133e-13
3132 5.901616e-13
3133 4.766775e-13
3134 3.912808e-13
3135 3.253683e-13
3136 2.391396e-13
3137 1.612915e-13
3138 1.164943e-13
3139 7.791869e-14
3140 5.013019e-14
3141 3.316672e-14
3142 0.000000e+00
3143 0.000000e+00
3144 0.000000e+00
3145 0.000000e+00
3146 0.000000e+00
3147 0.000000e+00
3148 0.000000e+00
3149 0.000000e+00
3150 0.000000e+00
3151 0.000000e+00
3152 0.000000e+00
3153 0.000000e+00
3154 0.000000e+00
3155 0.000000e+00
3156 6.450539e-13
3157 5.550368e-13
3158 4.524148e-13
3159 3.660496e-13
3160 3.053039e-13
3161 2.403300e-13
3162 1.625282e-13
3163 1.186997e-13
3164 7.837652e-14
3165 5.225226e-14
3166 3.341013e-14
3167 0.000000e+00
3168 0.000000e+00
3169 0.000000e+00
3170 0.000000e+00
3171 0.000000e+00
3172 0.000000e+00
3173 0.000000e+00
3174 0.000000e+00
3175 0.000000e+00
3176 0.000000e+00
3177 0.000000e+00
3178 0.000000e+00
3179 0.000000e+00
3180 0.000000e+00
3181 5.818185e-13
3182 5.194443e-13
3183 4.327502e-13
3184 3.496050e-13
3185 2.876195e-13
3186 2.378890e-13
3187 1.718674e-13
3188 1.176135e-13
3189 8.270393e-14
3190 5.523478e-14
3191 3.509075e-14
3192 2.258866e-14
3193 0.000000e+00
3194 0.000000e+00
3195 0.000000e+00
3196 0.000000e+00
3197 0.000000e+00
3198 0.000000e+00
3199 0.000000e+00
3200 0.000000e+00
3201 0.000000e+00
3202 0.000000e+00
3203 0.000000e+00
3204 0.000000e+00
3205 0.000000e+00
3206 1.051692e-14
3207 8.241215e-15
3208 6.535077e-15
3209 5.206721e-15
3210 4.138032e-15
3211 3.245277e-15
3212 2.492320e-15
3213 1.855472e-15
3214 1.325667e-15
3215 8.997567e-16
3216 5.746010e-16
3217 3.429520e-16
3218 1.911929e-16
3219 1.003045e-16
3220 5.005303e-17
3221 2.373143e-17
3222 0.000000e+00
3223 0.000000e+00
3224 0.000000e+00
3225 0.000000e+00
3226 0.000000e+00
3227 0.000000e+00
3228 0.000000e+00
3229 0.000000e+00
3230 0.000000e+00
3231 2.706918e-14
3232 2.047802e-14
3233 1.564873e-14
3234 1.206096e-14
3235 9.447171e-15
3236 7.489973e-15
3237 5.954967e-15
3238 4.713957e-15
3239 3.677193e-15
3240 2.795943e-15
3241 2.049569e-15
3242 1.432874e-15
3243 9.463652e-16
3244 5.871889e-16
3245 3.424821e-16
3246 1.891218e-16
3247 0.000000e+00
3248 0.000000e+00
3249 0.000000e+00
3250 0.000000e+00
3251 0.000000e+00
3252 0.000000e+00
3253 0.000000e+00
3254 0.000000e+00
3255 0.000000e+00
3256 4.278223e-14
3257 3.182986e-14
3258 2.392777e-14
3259 1.818364e-14
3260 1.391860e-14
3261 1.082024e-14
3262 8.529935e-15
3263 6.758024e-15
3264 5.344344e-15
3265 4.176642e-15
3266 3.191457e-15
3267 2.359024e-15
3268 1.669406e-15
3269 1.120536e-15
3270 7.085286e-16
3271 4.210731e-16
3272 0.000000e+00
3273 0.000000e+00
3274 0.000000e+00
3275 0.000000e+00
3276 0.000000e+00
3277 0.000000e+00
3278 0.000000e+00
3279 0.000000e+00
3280 0.000000e+00
3281 5.858406e-14
3282 4.401121e-14
3283 3.265993e-14
3284 2.455614e-14
3285 1.857599e-14
3286 1.422630e-14
3287 1.104307e-14
3288 8.688289e-15
3289 6.863527e-15
3290 5.405970e-15
3291 4.202133e-15
3292 3.190659e-15
3293 2.341467e-15
3294 1.644860e-15
3295 1.096138e-15
3296 6.884604e-16
3297 0.000000e+00
3298 0.000000e+00
3299 0.000000e+00
3300 0.000000e+00
3301 0.000000e+00
3302 0.000000e+00
3303 0.000000e+00
3304 0.000000e+00
3305 0.000000e+00
3306 7.482222e-14
3307 5.691215e-14
3308 4.235042e-14
3309 3.143098e-14
3310 2.365609e-14
3311 1.785533e-14
3312 1.369561e-14
3313 1.065361e-14
3314 8.367106e-15
3315 6.588531e-15
3316 5.156712e-15
3317 3.971289e-15
3318 2.978132e-15
3319 2.153521e-15
3320 1.487649e-15
3321 9.737849e-16
3322 0.000000e+00
3323 0.000000e+00
3324 0.000000e+00
3325 0.000000e+00
3326 0.000000e+00
3327 0.000000e+00
3328 0.000000e+00
3329 0.000000e+00
3330 0.000000e+00
3331 9.218255e-14
3332 7.080695e-14
3333 5.317863e-14
3334 3.927296e-14
3335 2.923844e-14
3336 2.194270e-14
3337 1.662088e-14
3338 1.276716e-14
3339 9.946368e-15
3340 7.795779e-15
3341 6.107631e-15
3342 4.736471e-15
3343 3.599162e-15
3344 2.654211e-15
3345 1.881212e-15
3346 1.270635e-15
3347 0.000000e+00
3348 0.000000e+00
3349 0.000000e+00
3350 0.000000e+00
3351 0.000000e+00
3352 0.000000e+00
3353 0.000000e+00
3354 0.000000e+00
3355 0.000000e+00
3356 1.113108e-13
3357 8.613824e-14
3358 6.533525e-14
3359 4.841937e-14
3360 3.569859e-14
3361 2.663885e-14
3362 1.993909e-14
3363 1.515103e-14
3364 1.167444e-14
3365 9.086470e-15
3366 7.095534e-15
3367 5.513740e-15
3368 4.222024e-15
3369 3.154594e-15
3370 2.277942e-15
3371 1.575977e-15
3372 0.000000e+00
3373 0.000000e+00
3374 0.000000e+00
3375 0.000000e+00
3376 0.000000e+00
3377 0.000000e+00
3378 0.000000e+00
3379 0.000000e+00
3380 0.000000e+00
3381 1.321851e-13
3382 1.029030e-13
3383 7.872149e-14
3384 5.878242e-14
3385 4.315669e-14
3386 3.190997e-14
3387 2.373293e-14
3388 1.782935e-14
3389 1.356929e-14
3390 1.047085e-14
3391 8.127464e-15
3392 6.304622e-15
3393 4.841971e-15
3394 3.646202e-15
3395 2.667202e-15
3396 1.878227e-15
3397 0.000000e+00
3398 0.000000e+00
3399 0.000000e+00
3400 0.000000e+00
3401 0.000000e+00
3402 0.000000e+00
3403 0.000000e+00
3404 0.000000e+00
3405 0.000000e+00
3406 1.562891e-13
3407 1.223577e-13
3408 9.428931e-14
3409 7.105740e-14
3410 5.228256e-14
3411 3.831232e-14
3412 2.833705e-14
3413 2.102611e-14
3414 1.582218e-14
3415 1.206652e-14
3416 9.287003e-15
3417 7.167115e-15
3418 5.500056e-15
3419 4.158066e-15
3420 3.067250e-15
3421 2.187996e-15
3422 0.000000e+00
3423 0.000000e+00
3424 0.000000e+00
3425 0.000000e+00
3426 0.000000e+00
3427 0.000000e+00
3428 0.000000e+00
3429 0.000000e+00
3430 0.000000e+00
3431 1.994909e-13
3432 1.577147e-13
3433 1.226769e-13
3434 9.368219e-14
3435 6.976168e-14
3436 5.088506e-14
3437 3.716301e-14
3438 2.726235e-14
3439 2.012511e-14
3440 1.503367e-14
3441 1.137238e-14
3442 8.654477e-15
3443 6.586930e-15
3444 4.968867e-15
3445 3.681680e-15
3446 2.654240e-15
3447 0.000000e+00
3448 0.000000e+00
3449 0.000000e+00
3450 0.000000e+00
3451 0.000000e+00
3452 0.000000e+00
3453 0.000000e+00
3454 0.000000e+00
3455 0.000000e+00
3456 0.000000e+00
3457 4.132216e-13
3458 3.321677e-13
3459 2.618550e-13
3460 2.038589e-13
3461 1.547996e-13
3462 1.118169e-13
3463 7.909196e-14
3464 5.643938e-14
3465 3.954442e-14
3466 2.774863e-14
3467 1.968838e-14
3468 1.405642e-14
3469 1.008906e-14
3470 7.240491e-15
3471 0.000000e+00
3472 0.000000e+00
3473 0.000000e+00
3474 0.000000e+00
3475 0.000000e+00
3476 0.000000e+00
3477 0.000000e+00
3478 0.000000e+00
3479 0.000000e+00
3480 0.000000e+00
3481 4.896293e-18
3482 4.084432e-18
3483 3.383735e-18
3484 2.798552e-18
3485 2.318822e-18
3486 1.916172e-18
3487 1.561721e-18
3488 1.266587e-18
3489 1.029585e-18
3490 8.286857e-19
3491 6.613092e-19
3492 5.217302e-19
3493 4.043044e-19
3494 3.061480e-19
3495 2.249801e-19
3496 1.591767e-19
3497 1.073441e-19
3498 6.827916e-20
3499 4.056168e-20
