0 2.354096e-09
1 1.574152e-09
2 1.011372e-09
3 6.405498e-10
4 4.097940e-10
5 2.691916e-10
6 1.828720e-10
7 1.269776e-10
8 8.810913e-11
9 5.957155e-11
10 3.843662e-11
11 2.337536e-11
12 1.335761e-11
13 7.200025e-12
14 3.683663e-12
15 3.791912e-09
16 2.599050e-09
17 1.699625e-09
18 1.076141e-09
19 6.805974e-10
20 4.376876e-10
21 2.910407e-10
22 1.998344e-10
23 1.392518e-10
24 9.601881e-11
25 6.389177e-11
26 4.028833e-11
27 2.386096e-11
28 1.327908e-11
29 6.984577e-12
30 4.313878e-09
31 2.977223e-09
32 1.959933e-09
33 1.243273e-09
34 7.845534e-10
35 5.019916e-10
36 3.315653e-10
37 2.265932e-10
38 1.577577e-10
39 1.091869e-10
40 7.320726e-11
41 4.662150e-11
42 2.790504e-11
43 1.568182e-11
44 8.319393e-12
45 4.614515e-09
46 3.194998e-09
47 2.109851e-09
48 1.339654e-09
49 8.444282e-10
50 5.390556e-10
51 3.549016e-10
52 2.419855e-10
53 1.684078e-10
54 1.167614e-10
55 7.856828e-11
56 5.026850e-11
57 3.023408e-11
58 1.706649e-11
59 9.088053e-12
60 4.825116e-09
61 3.347322e-09
62 2.214746e-09
63 1.406981e-09
64 8.862893e-10
65 5.649679e-10
66 3.712424e-10
67 2.527654e-10
68 1.758582e-10
69 1.220684e-10
70 8.232567e-11
71 5.282172e-11
72 3.186535e-11
73 1.803523e-11
74 9.625678e-12
75 4.987622e-09
76 3.465148e-09
77 2.295732e-09
78 1.459031e-09
79 9.186784e-10
80 5.849807e-10
81 3.838438e-10
82 2.610844e-10
83 1.816173e-10
84 1.261677e-10
85 8.522380e-11
86 5.479442e-11
87 3.312357e-11
88 1.878356e-11
89 1.004114e-11
90 5.121763e-09
91 3.562223e-09
92 2.362685e-09
93 1.502013e-09
94 9.454062e-10
95 6.015318e-10
96 3.942564e-10
97 2.679522e-10
98 1.863685e-10
99 1.295454e-10
100 8.761637e-11
101 5.642209e-11
102 3.416401e-11
103 1.940212e-11
104 1.038499e-11
105 5.241311e-09
106 3.649033e-09
107 2.422389e-09
108 1.540458e-09
109 9.692831e-10
110 6.162996e-10
111 4.035857e-10
112 2.741023e-10
113 1.906090e-10
114 1.325610e-10
115 8.975613e-11
116 5.787744e-11
117 3.509511e-11
118 1.995469e-11
119 1.069135e-11
120 5.358187e-09
121 3.733599e-09
122 2.480624e-09
123 1.577820e-09
124 9.923677e-10
125 6.305752e-10
126 4.125867e-10
127 2.800428e-10
128 1.947302e-10
129 1.355071e-10
130 9.183392e-11
131 5.929215e-11
132 3.599734e-11
133 2.048929e-11
134 1.098822e-11
135 5.499216e-09
136 3.835591e-09
137 2.550766e-09
138 1.622920e-09
139 1.020558e-09
140 6.480042e-10
141 4.235633e-10
142 2.872883e-10
143 1.997451e-10
144 1.390648e-10
145 9.435040e-11
146 6.100523e-11
147 3.709025e-11
148 2.114007e-11
149 1.134969e-11
150 7.364643e-09
151 5.223629e-09
152 3.542970e-09
153 2.281707e-09
154 1.432411e-09
155 9.016007e-10
156 5.793844e-10
157 3.864568e-10
158 2.662645e-10
159 1.859023e-10
160 1.279829e-10
161 8.469357e-11
162 5.291513e-11
163 3.098107e-11
164 1.702994e-11
165 9.145708e-09
166 6.561835e-09
167 4.513327e-09
168 2.945285e-09
169 1.851471e-09
170 1.161171e-09
171 7.378998e-10
172 4.856076e-10
173 3.313506e-10
174 2.308101e-10
175 1.600220e-10
176 1.074861e-10
177 6.848181e-11
178 4.093166e-11
179 2.292976e-11
180 1.021688e-08
181 7.370696e-09
182 5.101094e-09
183 3.349407e-09
184 2.108308e-09
185 1.320074e-09
186 8.350165e-10
187 5.460063e-10
188 3.708078e-10
189 2.579461e-10
190 1.793559e-10
191 1.212293e-10
192 7.790436e-11
193 4.699933e-11
194 2.654731e-11
195 1.096777e-08
196 7.936431e-09
197 5.512250e-09
198 3.632474e-09
199 2.288127e-09
200 1.431460e-09
201 9.031188e-10
202 5.883876e-10
203 3.984522e-10
204 2.769127e-10
205 1.928527e-10
206 1.308431e-10
207 8.450149e-11
208 5.123927e-11
209 2.909077e-11
210 1.154606e-08
211 8.373016e-09
212 5.828894e-09
213 3.850813e-09
214 2.426992e-09
215 1.517188e-09
216 9.555300e-10
217 6.209412e-10
218 4.196836e-10
219 2.915729e-10
220 2.032782e-10
221 1.382551e-10
222 8.957371e-11
223 5.451358e-11
224 3.104341e-11
225 1.202426e-08
226 8.734320e-09
227 6.091343e-09
228 4.030744e-09
229 2.541439e-09
230 1.588021e-09
231 9.988714e-10
232 6.480201e-10
233 4.373199e-10
234 3.036545e-10
235 2.118967e-10
236 1.443979e-10
237 9.378452e-11
238 5.722057e-11
239 3.266110e-11
240 1.245122e-08
241 9.056851e-09
242 6.325478e-09
243 4.192036e-09
244 2.643812e-09
245 1.651331e-09
246 1.037651e-09
247 6.721586e-10
248 4.531427e-10
249 3.145409e-10
250 2.196098e-10
251 1.498745e-10
252 9.756250e-11
253 5.963988e-11
254 3.411167e-11
255 1.286587e-08
256 9.370360e-09
257 6.553542e-09
258 4.348060e-09
259 2.742843e-09
260 1.712598e-09
261 1.075250e-09
262 6.956153e-10
263 4.684229e-10
264 3.250217e-10
265 2.270158e-10
266 1.551658e-10
267 1.011726e-10
268 6.198854e-11
269 3.551553e-11
270 1.336992e-08
271 9.749490e-09
272 6.828612e-09
273 4.538508e-09
274 2.863980e-09
275 1.787342e-09
276 1.120827e-09
277 7.239724e-10
278 4.869200e-10
279 3.377387e-10
280 2.361447e-10
281 1.616507e-10
282 1.056221e-10
283 6.482605e-11
284 3.721185e-11
285 1.217014e-08
286 8.884891e-09
287 6.224431e-09
288 4.155312e-09
289 2.635616e-09
290 1.647377e-09
291 1.034576e-09
292 6.671994e-10
293 4.471339e-10
294 3.086493e-10
295 2.148572e-10
296 1.467832e-10
297 9.602003e-11
298 5.918016e-11
299 3.415725e-11
300 1.420015e-08
301 1.047019e-08
302 7.398606e-09
303 4.995487e-09
304 3.193505e-09
305 1.993637e-09
306 1.246889e-09
307 7.965643e-10
308 5.281942e-10
309 3.622279e-10
310 2.521020e-10
311 1.733608e-10
312 1.148177e-10
313 7.183923e-11
314 4.211335e-11
315 1.564929e-08
316 1.160495e-08
317 8.240519e-09
318 5.598483e-09
319 3.595661e-09
320 2.243500e-09
321 1.400468e-09
322 8.895701e-10
323 5.866100e-10
324 4.007014e-10
325 2.787982e-10
326 1.924018e-10
327 1.282361e-10
328 8.092069e-11
329 4.785659e-11
330 1.676574e-08
331 1.247875e-08
332 8.889394e-09
333 6.063120e-09
334 3.905555e-09
335 2.435841e-09
336 1.518634e-09
337 9.613622e-10
338 6.315678e-10
339 4.303395e-10
340 2.993761e-10
341 2.070544e-10
342 1.386047e-10
343 8.793386e-11
344 5.227091e-11
345 1.768951e-08
346 1.320304e-08
347 9.426506e-09
348 6.447645e-09
349 4.161714e-09
350 2.594942e-09
351 1.616301e-09
352 1.020585e-09
353 6.688459e-10
354 4.548799e-10
355 3.163463e-10
356 2.192158e-10
357 1.471766e-10
358 9.371660e-11
359 5.592785e-11
360 1.851607e-08
361 1.384957e-08
362 9.906264e-09
363 6.790717e-09
364 4.390352e-09
365 2.737123e-09
366 1.703418e-09
367 1.073750e-09
368 7.019703e-10
369 4.767702e-10
370 3.315480e-10
371 2.300268e-10
372 1.548201e-10
373 9.887766e-11
374 5.918826e-11
375 1.931400e-08
376 1.447300e-08
377 1.036873e-08
378 7.122239e-09
379 4.611234e-09
380 2.873935e-09
381 1.788052e-09
382 1.124895e-09
383 7.340771e-10
384 4.979572e-10
385 3.462618e-10
386 2.405154e-10
387 1.622312e-10
388 1.038828e-10
389 6.234968e-11
390 2.028580e-08
391 1.523460e-08
392 1.093461e-08
393 7.527369e-09
394 4.881995e-09
395 3.042395e-09
396 1.890928e-09
397 1.187647e-09
398 7.733453e-10
399 5.237092e-10
400 3.641151e-10
401 2.532546e-10
402 1.712513e-10
403 1.099717e-10
404 6.618741e-11
405 1.720579e-08
406 1.287994e-08
407 9.208360e-09
408 6.310345e-09
409 4.094905e-09
410 2.557487e-09
411 1.594735e-09
412 1.006500e-09
413 6.573162e-10
414 4.454050e-10
415 3.086890e-10
416 2.134745e-10
417 1.434133e-10
418 9.157812e-11
419 5.491269e-11
420 1.948531e-08
421 1.473074e-08
422 1.060877e-08
423 7.330776e-09
424 4.803138e-09
425 3.006290e-09
426 1.871218e-09
427 1.173169e-09
428 7.592474e-10
429 5.104142e-10
430 3.524478e-10
431 2.442658e-10
432 1.653071e-10
433 1.067991e-10
434 6.491689e-11
435 2.125887e-08
436 1.617375e-08
437 1.170300e-08
438 8.128229e-09
439 5.356853e-09
440 3.357855e-09
441 2.087935e-09
442 1.304079e-09
443 8.391336e-10
444 5.613714e-10
445 3.866333e-10
446 2.681791e-10
447 1.824095e-10
448 1.186633e-10
449 7.272386e-11
450 2.272463e-08
451 1.736653e-08
452 1.260630e-08
453 8.786475e-09
454 5.813664e-09
455 3.647557e-09
456 2.266285e-09
457 1.411838e-09
458 9.049450e-10
459 6.032948e-10
460 4.147860e-10
461 2.880744e-10
462 1.965209e-10
463 1.284903e-10
464 7.917262e-11
465 2.403389e-08
466 1.842996e-08
467 1.341222e-08
468 9.373668e-09
469 6.221694e-09
470 3.906648e-09
471 2.425445e-09
472 1.508167e-09
473 9.636068e-10
474 6.407509e-10
475 4.399750e-10
476 3.057446e-10
477 2.091005e-10
478 1.372371e-10
479 8.491210e-11
480 2.530012e-08
481 1.946054e-08
482 1.419172e-08
483 9.942846e-09
484 6.616783e-09
485 4.156534e-09
486 2.579885e-09
487 1.601565e-09
488 1.020742e-09
489 6.769770e-10
490 4.642836e-10
491 3.229028e-10
492 2.213015e-10
493 1.457142e-10
494 9.049782e-11
495 2.684162e-08
496 2.071352e-08
497 1.514276e-08
498 1.063557e-08
499 7.098137e-09
500 4.462889e-09
501 2.768023e-09
502 1.715088e-09
503 1.089878e-09
504 7.211310e-10
505 4.939626e-10
506 3.437131e-10
507 2.361705e-10
508 1.560362e-10
509 9.727871e-11
510 2.263579e-08
511 1.736252e-08
512 1.263632e-08
513 8.822507e-09
514 5.861226e-09
515 3.693210e-09
516 2.293835e-09
517 1.428965e-09
518 9.134346e-10
519 6.067080e-10
520 4.157484e-10
521 2.880260e-10
522 1.964443e-10
523 1.287292e-10
524 7.966364e-11
525 2.519319e-08
526 1.951887e-08
527 1.431102e-08
528 1.005790e-08
529 6.741182e-09
530 4.271208e-09
531 2.649525e-09
532 1.644955e-09
533 1.043373e-09
534 6.872490e-10
535 4.681334e-10
536 3.239481e-10
537 2.219849e-10
538 1.467421e-10
539 9.184624e-11
540 2.731521e-08
541 2.130747e-08
542 1.570091e-08
543 1.108414e-08
544 7.471905e-09
545 4.752012e-09
546 2.945216e-09
547 1.825000e-09
548 1.151391e-09
549 7.542419e-10
550 5.116720e-10
551 3.539446e-10
552 2.431652e-10
553 1.616690e-10
554 1.019680e-10
555 2.920660e-08
556 2.290308e-08
557 1.694007e-08
558 1.199768e-08
559 8.122935e-09
560 5.179541e-09
561 3.208097e-09
562 1.984563e-09
563 1.247361e-09
564 8.137707e-10
565 5.504544e-10
566 3.805597e-10
567 2.620146e-10
568 1.749654e-10
569 1.109639e-10
570 3.103996e-08
571 2.444783e-08
572 1.813914e-08
573 1.288395e-08
574 8.753788e-09
575 5.593642e-09
576 3.462766e-09
577 2.139697e-09
578 1.340842e-09
579 8.714629e-10
580 5.879756e-10
581 4.063502e-10
582 2.803300e-10
583 1.878687e-10
584 1.196698e-10
585 3.326723e-08
586 2.632660e-08
587 1.959990e-08
588 1.396131e-08
589 9.521207e-09
590 6.098245e-09
591 3.773174e-09
592 2.327994e-09
593 1.453828e-09
594 9.418250e-10
595 6.337121e-10
596 4.377505e-10
597 3.025795e-10
598 2.035668e-10
599 1.303335e-10
600 2.859636e-08
601 2.246941e-08
602 1.665251e-08
603 1.180436e-08
604 8.002340e-09
605 5.123451e-09
606 3.175898e-09
607 1.966621e-09
608 1.235348e-09
609 8.040186e-10
610 5.424160e-10
611 3.738780e-10
612 2.570253e-10
613 1.715406e-10
614 1.089751e-10
615 3.150601e-08
616 2.501080e-08
617 1.868143e-08
618 1.332379e-08
619 9.101353e-09
620 5.871492e-09
621 3.640651e-09
622 2.250993e-09
623 1.404841e-09
624 9.067398e-10
625 6.073400e-10
626 4.172839e-10
627 2.872880e-10
628 1.929855e-10
629 1.237787e-10
630 3.410644e-08
631 2.727759e-08
632 2.049439e-08
633 1.467988e-08
634 1.008151e-08
635 6.538857e-09
636 4.055235e-09
637 2.504282e-09
638 1.556012e-09
639 9.983266e-10
640 6.652838e-10
641 4.559889e-10
642 3.142735e-10
643 2.120862e-10
644 1.369703e-10
645 3.662304e-08
646 2.947206e-08
647 2.224557e-08
648 1.599256e-08
649 1.102964e-08
650 7.184757e-09
651 4.456243e-09
652 2.749630e-09
653 1.702402e-09
654 1.086805e-09
655 7.213511e-10
656 4.934002e-10
657 3.404097e-10
658 2.305732e-10
659 1.497133e-10
660 3.968561e-08
661 3.214532e-08
662 2.438231e-08
663 1.759131e-08
664 1.218603e-08
665 7.971185e-09
666 4.945187e-09
667 3.047585e-09
668 1.880256e-09
669 1.194749e-09
670 7.893846e-10
671 5.389415e-10
672 3.722578e-10
673 2.531200e-10
674 1.652520e-10
675 3.529987e-08
676 2.841615e-08
677 2.147078e-08
678 1.544353e-08
679 1.064696e-08
680 6.949804e-09
681 4.322499e-09
682 2.668070e-09
683 1.653271e-09
684 1.054917e-09
685 6.991626e-10
686 4.770660e-10
687 3.283059e-10
688 2.218581e-10
689 1.440052e-10
690 3.877018e-08
691 3.154198e-08
692 2.404830e-08
693 1.740654e-08
694 1.208266e-08
695 7.954801e-09
696 4.963101e-09
697 3.058992e-09
698 1.886792e-09
699 1.194160e-09
700 7.849505e-10
701 5.325940e-10
702 3.661470e-10
703 2.485417e-10
704 1.626076e-10
705 4.213064e-08
706 3.456809e-08
707 2.653890e-08
708 1.930853e-08
709 1.347178e-08
710 8.927761e-09
711 5.582688e-09
712 3.437320e-09
713 2.112925e-09
714 1.328683e-09
715 8.679572e-10
716 5.863326e-10
717 4.028521e-10
718 2.743272e-10
719 1.805974e-10
720 4.621653e-08
721 3.825305e-08
722 2.957524e-08
723 2.162158e-08
724 1.516297e-08
725 1.011076e-08
726 6.336510e-09
727 3.896634e-09
728 2.387205e-09
729 1.492416e-09
730 9.686564e-10
731 6.516459e-10
732 4.474279e-10
733 3.057262e-10
734 2.025031e-10
735 4.326616e-08
736 3.570983e-08
737 2.757978e-08
738 2.015513e-08
739 1.410845e-08
740 9.398845e-09
741 5.910303e-09
742 3.635984e-09
743 2.233337e-09
744 1.398801e-09
745 9.084426e-10
746 6.104159e-10
747 4.179260e-10
748 2.845460e-10
749 1.878353e-10
750 4.771838e-08
751 3.985260e-08
752 3.110424e-08
753 2.291091e-08
754 1.614812e-08
755 1.085610e-08
756 6.871533e-09
757 4.223124e-09
758 2.586777e-09
759 1.606785e-09
760 1.033566e-09
761 6.887698e-10
762 4.698911e-10
763 3.204033e-10
764 2.129372e-10
765 5.313569e-08
766 4.489577e-08
767 3.540026e-08
768 2.626469e-08
769 1.862778e-08
770 1.262606e-08
771 8.040937e-09
772 4.936189e-09
773 3.015819e-09
774 1.859877e-09
775 1.185465e-09
776 7.841303e-10
777 5.330889e-10
778 3.640762e-10
779 2.435645e-10
780 5.358987e-08
781 4.548048e-08
782 3.605165e-08
783 2.688336e-08
784 1.912524e-08
785 1.301025e-08
786 8.341495e-09
787 5.130197e-09
788 3.135816e-09
789 1.928396e-09
790 1.222973e-09
791 8.042495e-10
792 5.438348e-10
793 3.703310e-10
794 2.476374e-10
795 6.090349e-08
796 5.252549e-08
797 4.228067e-08
798 3.191272e-08
799 2.291004e-08
800 1.575226e-08
801 1.022291e-08
802 6.300337e-09
803 3.843236e-09
804 2.343382e-09
805 1.466284e-09
806 9.519021e-10
807 6.377327e-10
808 4.333225e-10
809 2.912508e-10
810 7.150885e-08
811 6.313857e-08
812 5.208196e-08
813 4.017127e-08
814 2.930276e-08
815 2.045436e-08
816 1.355735e-08
817 8.460554e-09
818 5.149561e-09
819 3.114332e-09
820 1.911722e-09
821 1.212781e-09
822 7.958821e-10
823 5.343683e-10
824 3.588564e-10
825 6.042493e-07
826 4.614094e-07
827 3.495366e-07
828 2.461919e-07
829 1.549249e-07
830 9.610476e-08
831 5.742260e-08
832 0.000000e+00
833 0.000000e+00
834 0.000000e+00
835 0.000000e+00
836 0.000000e+00
837 0.000000e+00
838 0.000000e+00
839 0.000000e+00
840 7.454221e-07
841 5.702007e-07
842 4.319845e-07
843 3.062212e-07
844 1.930778e-07
845 1.199650e-07
846 7.170016e-08
847 0.000000e+00
848 0.000000e+00
849 0.000000e+00
850 0.000000e+00
851 0.000000e+00
852 0.000000e+00
853 0.000000e+00
854 0.000000e+00
855 8.441109e-07
856 6.462378e-07
857 4.896128e-07
858 3.481846e-07
859 2.197494e-07
860 1.366437e-07
861 8.168134e-08
862 0.000000e+00
863 0.000000e+00
864 0.000000e+00
865 0.000000e+00
866 0.000000e+00
867 0.000000e+00
868 0.000000e+00
869 0.000000e+00
870 9.203472e-07
871 7.049818e-07
872 5.341327e-07
873 3.805999e-07
874 2.403554e-07
875 1.495285e-07
876 8.939141e-08
877 0.000000e+00
878 0.000000e+00
879 0.000000e+00
880 0.000000e+00
881 0.000000e+00
882 0.000000e+00
883 0.000000e+00
884 0.000000e+00
885 9.833977e-07
886 7.535785e-07
887 5.709617e-07
888 4.074153e-07
889 2.573996e-07
890 1.601882e-07
891 9.577050e-08
892 0.000000e+00
893 0.000000e+00
894 0.000000e+00
895 0.000000e+00
896 0.000000e+00
897 0.000000e+00
898 0.000000e+00
899 0.000000e+00
900 1.039625e-06
901 7.969065e-07
902 6.037994e-07
903 4.313228e-07
904 2.725982e-07
905 1.696918e-07
906 1.014568e-07
907 0.000000e+00
908 0.000000e+00
909 0.000000e+00
910 0.000000e+00
911 0.000000e+00
912 0.000000e+00
913 0.000000e+00
914 0.000000e+00
915 1.094160e-06
916 8.389253e-07
917 6.356476e-07
918 4.545133e-07
919 2.873373e-07
920 1.789096e-07
921 1.069735e-07
922 0.000000e+00
923 0.000000e+00
924 0.000000e+00
925 0.000000e+00
926 0.000000e+00
927 0.000000e+00
928 0.000000e+00
929 0.000000e+00
930 1.160551e-06
931 8.900819e-07
932 6.744145e-07
933 4.827468e-07
934 3.052792e-07
935 1.901304e-07
936 1.136882e-07
937 0.000000e+00
938 0.000000e+00
939 0.000000e+00
940 0.000000e+00
941 0.000000e+00
942 0.000000e+00
943 0.000000e+00
944 0.000000e+00
945 2.697836e-07
946 2.205485e-07
947 1.660665e-07
948 1.274061e-07
949 8.883170e-08
950 5.503858e-08
951 3.376898e-08
952 1.987592e-08
953 0.000000e+00
954 0.000000e+00
955 0.000000e+00
956 0.000000e+00
957 0.000000e+00
958 0.000000e+00
959 0.000000e+00
960 4.415162e-07
961 3.639925e-07
962 2.747021e-07
963 2.103151e-07
964 1.486228e-07
965 9.182660e-08
966 5.664924e-08
967 3.337787e-08
968 0.000000e+00
969 0.000000e+00
970 0.000000e+00
971 0.000000e+00
972 0.000000e+00
973 0.000000e+00
974 0.000000e+00
975 5.658177e-07
976 4.680869e-07
977 3.536371e-07
978 2.705071e-07
979 1.921603e-07
980 1.186467e-07
981 7.334709e-08
982 4.323490e-08
983 0.000000e+00
984 0.000000e+00
985 0.000000e+00
986 0.000000e+00
987 0.000000e+00
988 0.000000e+00
989 0.000000e+00
990 6.616623e-07
991 5.483393e-07
992 4.144969e-07
993 3.169239e-07
994 2.257252e-07
995 1.393241e-07
996 8.622014e-08
997 5.083335e-08
998 0.000000e+00
999 0.000000e+00
1000 0.000000e+00
1001 0.000000e+00
1002 0.000000e+00
1003 0.000000e+00
1004 0.000000e+00
1005 7.409259e-07
1006 6.147192e-07
1007 4.648245e-07
1008 3.553062e-07
1009 2.534818e-07
1010 1.564236e-07
1011 9.686546e-08
1012 5.711758e-08
1013 0.000000e+00
1014 0.000000e+00
1015 0.000000e+00
1016 0.000000e+00
1017 0.000000e+00
1018 0.000000e+00
1019 0.000000e+00
1020 8.116000e-07
1021 6.739061e-07
1022 5.097115e-07
1023 3.895322e-07
1024 2.782325e-07
1025 1.716708e-07
1026 1.063574e-07
1027 6.272089e-08
1028 0.000000e+00
1029 0.000000e+00
1030 0.000000e+00
1031 0.000000e+00
1032 0.000000e+00
1033 0.000000e+00
1034 0.000000e+00
1035 8.801469e-07
1036 7.313056e-07
1037 5.532371e-07
1038 4.227263e-07
1039 3.022363e-07
1040 1.864584e-07
1041 1.155635e-07
1042 6.815578e-08
1043 0.000000e+00
1044 0.000000e+00
1045 0.000000e+00
1046 0.000000e+00
1047 0.000000e+00
1048 0.000000e+00
1049 0.000000e+00
1050 9.636306e-07
1051 8.011995e-07
1052 6.062383e-07
1053 4.631448e-07
1054 3.314640e-07
1055 2.044693e-07
1056 1.267721e-07
1057 7.477251e-08
1058 0.000000e+00
1059 0.000000e+00
1060 0.000000e+00
1061 0.000000e+00
1062 0.000000e+00
1063 0.000000e+00
1064 0.000000e+00
1065 2.317530e-07
1066 2.055794e-07
1067 1.604911e-07
1068 1.204121e-07
1069 9.228616e-08
1070 5.847651e-08
1071 3.707783e-08
1072 2.202079e-08
1073 1.278047e-08
1074 0.000000e+00
1075 0.000000e+00
1076 0.000000e+00
1077 0.000000e+00
1078 0.000000e+00
1079 0.000000e+00
1080 3.650217e-07
1081 3.257605e-07
1082 2.554969e-07
1083 1.915364e-07
1084 1.470215e-07
1085 9.408633e-08
1086 5.951447e-08
1087 3.539029e-08
1088 2.052120e-08
1089 0.000000e+00
1090 0.000000e+00
1091 0.000000e+00
1092 0.000000e+00
1093 0.000000e+00
1094 0.000000e+00
1095 4.691301e-07
1096 4.197331e-07
1097 3.298567e-07
1098 2.472098e-07
1099 1.898546e-07
1100 1.220121e-07
1101 7.709358e-08
1102 4.587226e-08
1103 2.659070e-08
1104 0.000000e+00
1105 0.000000e+00
1106 0.000000e+00
1107 0.000000e+00
1108 0.000000e+00
1109 0.000000e+00
1110 5.550595e-07
1111 4.972968e-07
1112 3.912254e-07
1113 2.931573e-07
1114 2.252069e-07
1115 1.450561e-07
1116 9.160065e-08
1117 5.452215e-08
1118 3.159949e-08
1119 0.000000e+00
1120 0.000000e+00
1121 0.000000e+00
1122 0.000000e+00
1123 0.000000e+00
1124 0.000000e+00
1125 6.316859e-07
1126 5.664498e-07
1127 4.459461e-07
1128 3.341270e-07
1129 2.567289e-07
1130 1.656032e-07
1131 1.045358e-07
1132 6.223477e-08
1133 3.606555e-08
1134 0.000000e+00
1135 0.000000e+00
1136 0.000000e+00
1137 0.000000e+00
1138 0.000000e+00
1139 0.000000e+00
1140 7.060084e-07
1141 6.335244e-07
1142 4.990188e-07
1143 3.738629e-07
1144 2.873016e-07
1145 1.855306e-07
1146 1.170815e-07
1147 6.971552e-08
1148 4.039692e-08
1149 0.000000e+00
1150 0.000000e+00
1151 0.000000e+00
1152 0.000000e+00
1153 0.000000e+00
1154 0.000000e+00
1155 7.964910e-07
1156 7.151961e-07
1157 5.636414e-07
1158 4.222462e-07
1159 3.245276e-07
1160 2.097955e-07
1161 1.323555e-07
1162 7.882229e-08
1163 4.567066e-08
1164 0.000000e+00
1165 0.000000e+00
1166 0.000000e+00
1167 0.000000e+00
1168 0.000000e+00
1169 0.000000e+00
1170 2.156360e-07
1171 2.030670e-07
1172 1.669194e-07
1173 1.252061e-07
1174 9.602639e-08
1175 6.751083e-08
1176 4.127176e-08
1177 2.512049e-08
1178 1.458979e-08
1179 0.000000e+00
1180 0.000000e+00
1181 0.000000e+00
1182 0.000000e+00
1183 0.000000e+00
1184 0.000000e+00
1185 3.238308e-07
1186 3.061117e-07
1187 2.526630e-07
1188 1.897511e-07
1189 1.453359e-07
1190 1.028724e-07
1191 6.271843e-08
1192 3.830435e-08
1193 2.226995e-08
1194 0.000000e+00
1195 0.000000e+00
1196 0.000000e+00
1197 0.000000e+00
1198 0.000000e+00
1199 0.000000e+00
1200 4.130635e-07
1201 3.910979e-07
1202 3.234017e-07
1203 2.430057e-07
1204 1.860171e-07
1205 1.320521e-07
1206 8.041833e-08
1207 4.918827e-08
1208 2.860941e-08
1209 0.000000e+00
1210 0.000000e+00
1211 0.000000e+00
1212 0.000000e+00
1213 0.000000e+00
1214 0.000000e+00
1215 4.925262e-07
1216 4.667814e-07
1217 3.863910e-07
1218 2.904238e-07
1219 2.222407e-07
1220 1.580400e-07
1221 9.617863e-08
1222 5.887887e-08
1223 3.425565e-08
1224 0.000000e+00
1225 0.000000e+00
1226 0.000000e+00
1227 0.000000e+00
1228 0.000000e+00
1229 0.000000e+00
1230 5.695872e-07
1231 5.401798e-07
1232 4.474879e-07
1233 3.364161e-07
1234 2.573781e-07
1235 1.832393e-07
1236 1.114637e-07
1237 6.827722e-08
1238 3.973000e-08
1239 0.000000e+00
1240 0.000000e+00
1241 0.000000e+00
1242 0.000000e+00
1243 0.000000e+00
1244 0.000000e+00
1245 6.634397e-07
1246 6.295684e-07
1247 5.218869e-07
1248 3.924246e-07
1249 3.001610e-07
1250 2.139284e-07
1251 1.300777e-07
1252 7.972182e-08
1253 4.639691e-08
1254 0.000000e+00
1255 0.000000e+00
1256 0.000000e+00
1257 0.000000e+00
1258 0.000000e+00
1259 0.000000e+00
1260 2.101411e-07
1261 2.067552e-07
1262 1.785750e-07
1263 1.365267e-07
1264 1.029724e-07
1265 7.762740e-08
1266 4.685477e-08
1267 2.955308e-08
1268 1.733174e-08
1269 9.966103e-09
1270 0.000000e+00
1271 0.000000e+00
1272 0.000000e+00
1273 0.000000e+00
1274 0.000000e+00
1275 3.013736e-07
1276 2.972052e-07
1277 2.574285e-07
1278 1.971817e-07
1279 1.485746e-07
1280 1.122924e-07
1281 6.795517e-08
1282 4.289173e-08
1283 2.516157e-08
1284 1.444917e-08
1285 0.000000e+00
1286 0.000000e+00
1287 0.000000e+00
1288 0.000000e+00
1289 0.000000e+00
1290 3.822145e-07
1291 3.773451e-07
1292 3.272857e-07
1293 2.509123e-07
1294 1.889727e-07
1295 1.429982e-07
1296 8.665395e-08
1297 5.471002e-08
1298 3.209284e-08
1299 1.841986e-08
1300 0.000000e+00
1301 0.000000e+00
1302 0.000000e+00
1303 0.000000e+00
1304 0.000000e+00
1305 4.605993e-07
1306 4.550493e-07
1307 3.949848e-07
1308 3.030084e-07
1309 2.281420e-07
1310 1.727501e-07
1311 1.047779e-07
1312 6.616847e-08
1313 3.881529e-08
1314 2.226759e-08
1315 0.000000e+00
1316 0.000000e+00
1317 0.000000e+00
1318 0.000000e+00
1319 0.000000e+00
1320 5.560472e-07
1321 5.496686e-07
1322 4.774539e-07
1323 3.664117e-07
1324 2.758129e-07
1325 2.089982e-07
1326 1.268471e-07
1327 8.012119e-08
1328 4.700155e-08
1329 2.695494e-08
1330 0.000000e+00
1331 0.000000e+00
1332 0.000000e+00
1333 0.000000e+00
1334 0.000000e+00
1335 1.193471e-07
1336 1.208824e-07
1337 1.083697e-07
1338 8.505003e-08
1339 6.345645e-08
1340 4.899271e-08
1341 3.102165e-08
1342 1.960329e-08
1343 1.149828e-08
1344 6.520429e-09
1345 0.000000e+00
1346 0.000000e+00
1347 0.000000e+00
1348 0.000000e+00
1349 0.000000e+00
1350 2.108525e-07
1351 2.143127e-07
1352 1.931213e-07
1353 1.521670e-07
1354 1.134871e-07
1355 8.762538e-08
1356 5.605784e-08
1357 3.531896e-08
1358 2.072727e-08
1359 1.175037e-08
1360 0.000000e+00
1361 0.000000e+00
1362 0.000000e+00
1363 0.000000e+00
1364 0.000000e+00
1365 2.924860e-07
1366 2.976961e-07
1367 2.687905e-07
1368 2.121293e-07
1369 1.581882e-07
1370 1.221439e-07
1371 7.845321e-08
1372 4.936678e-08
1373 2.898065e-08
1374 1.642765e-08
1375 0.000000e+00
1376 0.000000e+00
1377 0.000000e+00
1378 0.000000e+00
1379 0.000000e+00
1380 3.714190e-07
1381 3.783305e-07
1382 3.419629e-07
1383 2.700991e-07
1384 2.014039e-07
1385 1.555147e-07
1386 1.000964e-07
1387 6.294621e-08
1388 3.695715e-08
1389 2.094861e-08
1390 0.000000e+00
1391 0.000000e+00
1392 0.000000e+00
1393 0.000000e+00
1394 0.000000e+00
1395 4.675467e-07
1396 4.765025e-07
1397 4.310565e-07
1398 3.406755e-07
1399 2.540146e-07
1400 1.961376e-07
1401 1.264561e-07
1402 7.947953e-08
1403 4.667151e-08
1404 2.645421e-08
1405 0.000000e+00
1406 0.000000e+00
1407 0.000000e+00
1408 0.000000e+00
1409 0.000000e+00
1410 1.346609e-07
1411 1.402829e-07
1412 1.308148e-07
1413 1.060523e-07
1414 7.917652e-08
1415 6.089652e-08
1416 4.170153e-08
1417 2.557595e-08
1418 1.518122e-08
1419 8.630119e-09
1420 0.000000e+00
1421 0.000000e+00
1422 0.000000e+00
1423 0.000000e+00
1424 0.000000e+00
1425 2.169635e-07
1426 2.265071e-07
1427 2.118178e-07
1428 1.722523e-07
1429 1.286818e-07
1430 9.888824e-08
1431 6.810724e-08
1432 4.163814e-08
1433 2.477852e-08
1434 1.409972e-08
1435 0.000000e+00
1436 0.000000e+00
1437 0.000000e+00
1438 0.000000e+00
1439 0.000000e+00
1440 2.959766e-07
1441 3.092815e-07
1442 2.895645e-07
1443 2.357884e-07
1444 1.761948e-07
1445 1.353484e-07
1446 9.344628e-08
1447 5.705394e-08
1448 3.398905e-08
1449 1.934899e-08
1450 0.000000e+00
1451 0.000000e+00
1452 0.000000e+00
1453 0.000000e+00
1454 0.000000e+00
1455 3.921402e-07
1456 4.100156e-07
1457 3.841934e-07
1458 3.131284e-07
1459 2.340238e-07
1460 1.797293e-07
1461 1.242845e-07
1462 7.581655e-08
1463 4.519822e-08
1464 2.573668e-08
1465 0.000000e+00
1466 0.000000e+00
1467 0.000000e+00
1468 0.000000e+00
1469 0.000000e+00
1470 7.127903e-08
1471 7.570600e-08
1472 7.246166e-08
1473 6.054492e-08
1474 4.550306e-08
1475 3.470121e-08
1476 2.498382e-08
1477 1.491078e-08
1478 9.081323e-09
1479 5.212700e-09
1480 0.000000e+00
1481 0.000000e+00
1482 0.000000e+00
1483 0.000000e+00
1484 0.000000e+00
1485 1.521455e-07
1486 1.620964e-07
1487 1.559283e-07
1488 1.310699e-07
1489 9.869867e-08
1490 7.511898e-08
1491 5.455103e-08
1492 3.245395e-08
1493 1.987721e-08
1494 1.142945e-08
1495 0.000000e+00
1496 0.000000e+00
1497 0.000000e+00
1498 0.000000e+00
1499 0.000000e+00
1500 2.311716e-07
1501 2.465545e-07
1502 2.375917e-07
1503 2.001322e-07
1504 1.508168e-07
1505 1.147033e-07
1506 8.354433e-08
1507 4.965810e-08
1508 3.047188e-08
1509 1.753095e-08
1510 0.000000e+00
1511 0.000000e+00
1512 0.000000e+00
1513 0.000000e+00
1514 0.000000e+00
1515 3.270568e-07
1516 3.490299e-07
1517 3.366702e-07
1518 2.839128e-07
1519 2.140381e-07
1520 1.627234e-07
1521 1.187132e-07
1522 7.052627e-08
1523 4.332160e-08
1524 2.493172e-08
1525 0.000000e+00
1526 0.000000e+00
1527 0.000000e+00
1528 0.000000e+00
1529 0.000000e+00
1530 9.504693e-08
1531 1.029830e-07
1532 1.017426e-07
1533 8.811201e-08
1534 6.727476e-08
1535 5.064224e-08
1536 3.831979e-08
1537 2.274866e-08
1538 1.425797e-08
1539 8.247611e-09
1540 4.625717e-09
1541 0.000000e+00
1542 0.000000e+00
1543 0.000000e+00
1544 0.000000e+00
1545 1.740852e-07
1546 1.889853e-07
1547 1.872121e-07
1548 1.626409e-07
1549 1.244690e-07
1550 9.357884e-08
1551 7.104294e-08
1552 4.232002e-08
1553 2.655048e-08
1554 1.535984e-08
1555 8.599998e-09
1556 0.000000e+00
1557 0.000000e+00
1558 0.000000e+00
1559 0.000000e+00
1560 2.693239e-07
1561 2.926113e-07
1562 2.901860e-07
1563 2.524112e-07
1564 1.933607e-07
1565 1.452980e-07
1566 1.104553e-07
1567 6.589087e-08
1568 4.135415e-08
1569 2.392482e-08
1570 1.338642e-08
1571 0.000000e+00
1572 0.000000e+00
1573 0.000000e+00
1574 0.000000e+00
1575 1.226907e-07
1576 1.354501e-07
1577 1.371643e-07
1578 1.226916e-07
1579 9.606865e-08
1580 7.155947e-08
1581 5.530568e-08
1582 3.452669e-08
1583 2.168087e-08
1584 1.252106e-08
1585 6.929815e-09
1586 0.000000e+00
1587 0.000000e+00
1588 0.000000e+00
1589 0.000000e+00
1590 2.172182e-07
1591 2.400286e-07
1592 2.433862e-07
1593 2.181548e-07
1594 1.710842e-07
1595 1.273997e-07
1596 9.847124e-08
1597 6.174105e-08
1598 3.874260e-08
1599 2.236900e-08
1600 1.237703e-08
1601 0.000000e+00
1602 0.000000e+00
1603 0.000000e+00
1604 0.000000e+00
1605 6.474321e-05
1606 4.928539e-05
1607 3.760647e-05
1608 2.698640e-05
1609 1.685135e-05
1610 1.052007e-05
1611 6.268097e-06
1612 0.000000e+00
1613 0.000000e+00
1614 0.000000e+00
1615 0.000000e+00
1616 0.000000e+00
1617 0.000000e+00
1618 0.000000e+00
1619 0.000000e+00
1620 5.139278e-05
1621 4.271161e-05
1622 3.219545e-05
1623 2.464921e-05
1624 1.771046e-05
1625 1.084079e-05
1626 6.715840e-06
1627 3.958583e-06
1628 0.000000e+00
1629 0.000000e+00
1630 0.000000e+00
1631 0.000000e+00
1632 0.000000e+00
1633 0.000000e+00
1634 0.000000e+00
1635 4.043701e-05
1636 3.635386e-05
1637 2.862643e-05
1638 2.138938e-05
1639 1.653664e-05
1640 1.063047e-05
1641 6.751937e-06
1642 4.008205e-06
1643 2.314553e-06
1644 0.000000e+00
1645 0.000000e+00
1646 0.000000e+00
1647 0.000000e+00
1648 0.000000e+00
1649 0.000000e+00
1650 3.269036e-05
1651 3.106263e-05
1652 2.575225e-05
1653 1.933826e-05
1654 1.479977e-05
1655 1.057540e-05
1656 6.406745e-06
1657 3.922272e-06
1658 2.282372e-06
1659 0.000000e+00
1660 0.000000e+00
1661 0.000000e+00
1662 0.000000e+00
1663 0.000000e+00
1664 0.000000e+00
1665 2.708126e-05
1666 2.682588e-05
1667 2.332842e-05
1668 1.788123e-05
1669 1.345013e-05
1670 1.024633e-05
1671 6.161031e-06
1672 3.910055e-06
1673 2.296608e-06
1674 1.315854e-06
1675 0.000000e+00
1676 0.000000e+00
1677 0.000000e+00
1678 0.000000e+00
1679 0.000000e+00
1680 2.285052e-05
1681 2.330734e-05
1682 2.111138e-05
1683 1.669680e-05
1684 1.242831e-05
1685 9.618201e-06
1686 6.202269e-06
1687 3.912066e-06
1688 2.291521e-06
1689 1.296024e-06
1690 0.000000e+00
1691 0.000000e+00
1692 0.000000e+00
1693 0.000000e+00
1694 0.000000e+00
1695 1.946312e-05
1696 2.038474e-05
1697 1.913472e-05
1698 1.559200e-05
1699 1.164994e-05
1700 8.947909e-06
1701 6.207498e-06
1702 3.781596e-06
1703 2.251269e-06
1704 1.280966e-06
1705 0.000000e+00
1706 0.000000e+00
1707 0.000000e+00
1708 0.000000e+00
1709 0.000000e+00
1710 1.676860e-05
1711 1.791006e-05
1712 1.729086e-05
1713 1.460742e-05
1714 1.100598e-05
1715 8.366781e-06
1716 6.114218e-06
1717 3.620024e-06
1718 2.226837e-06
1719 1.283039e-06
1720 0.000000e+00
1721 0.000000e+00
1722 0.000000e+00
1723 0.000000e+00
1724 0.000000e+00
1725 1.446193e-05
1726 1.572735e-05
1727 1.563023e-05
1728 1.361089e-05
1729 1.042521e-05
1730 7.829187e-06
1731 5.976735e-06
1732 3.547798e-06
1733 2.232889e-06
1734 1.292658e-06
1735 7.228331e-07
1736 0.000000e+00
1737 0.000000e+00
1738 0.000000e+00
1739 0.000000e+00
1740 1.246005e-05
1741 1.378771e-05
1742 1.399251e-05
1743 1.255808e-05
1744 9.861928e-06
1745 7.334782e-06
1746 5.679171e-06
1747 3.566095e-06
1748 2.241054e-06
1749 1.293540e-06
1750 7.144129e-07
1751 0.000000e+00
1752 0.000000e+00
1753 0.000000e+00
1754 0.000000e+00
1755 1.349096e-06
1756 1.035596e-06
1757 7.847757e-07
1758 5.631238e-07
1759 3.563799e-07
1760 2.220845e-07
1761 1.328125e-07
1762 0.000000e+00
1763 0.000000e+00
1764 0.000000e+00
1765 0.000000e+00
1766 0.000000e+00
1767 0.000000e+00
1768 0.000000e+00
1769 0.000000e+00
1770 1.200863e-06
1771 1.000059e-06
1772 7.571180e-07
1773 5.782442e-07
1774 4.147022e-07
1775 2.557501e-07
1776 1.587015e-07
1777 9.361923e-08
1778 0.000000e+00
1779 0.000000e+00
1780 0.000000e+00
1781 0.000000e+00
1782 0.000000e+00
1783 0.000000e+00
1784 0.000000e+00
1785 1.053703e-06
1786 9.475527e-07
1787 7.475828e-07
1788 5.599880e-07
1789 4.305155e-07
1790 2.788977e-07
1791 1.758585e-07
1792 1.047596e-07
1793 6.069063e-08
1794 0.000000e+00
1795 0.000000e+00
1796 0.000000e+00
1797 0.000000e+00
1798 0.000000e+00
1799 0.000000e+00
1800 9.302467e-07
1801 8.838277e-07
1802 7.335844e-07
1803 5.518270e-07
1804 4.219511e-07
1805 3.012967e-07
1806 1.830694e-07
1807 1.123058e-07
1808 6.537765e-08
1809 0.000000e+00
1810 0.000000e+00
1811 0.000000e+00
1812 0.000000e+00
1813 0.000000e+00
1814 0.000000e+00
1815 8.274542e-07
1816 8.188728e-07
1817 7.122022e-07
1818 5.470189e-07
1819 4.116167e-07
1820 3.122236e-07
1821 1.896701e-07
1822 1.198681e-07
1823 7.031342e-08
1824 4.030336e-08
1825 0.000000e+00
1826 0.000000e+00
1827 0.000000e+00
1828 0.000000e+00
1829 0.000000e+00
1830 7.411103e-07
1831 7.560549e-07
1832 6.847975e-07
1833 5.417430e-07
1834 4.039200e-07
1835 3.118866e-07
1836 2.015350e-07
1837 1.265822e-07
1838 7.434254e-08
1839 4.213721e-08
1840 0.000000e+00
1841 0.000000e+00
1842 0.000000e+00
1843 0.000000e+00
1844 0.000000e+00
1845 6.658890e-07
1846 6.969223e-07
1847 6.537096e-07
1848 5.333916e-07
1849 3.987493e-07
1850 3.061477e-07
1851 2.121328e-07
1852 1.292714e-07
1853 7.712961e-08
1854 4.393427e-08
1855 0.000000e+00
1856 0.000000e+00
1857 0.000000e+00
1858 0.000000e+00
1859 0.000000e+00
1860 6.000921e-07
1861 6.409480e-07
1862 6.189490e-07
1863 5.226288e-07
1864 3.941807e-07
1865 2.995576e-07
1866 2.189170e-07
1867 1.299885e-07
1868 7.993545e-08
1869 4.601818e-08
1870 0.000000e+00
1871 0.000000e+00
1872 0.000000e+00
1873 0.000000e+00
1874 0.000000e+00
1875 5.406155e-07
1876 5.879038e-07
1877 5.836626e-07
1878 5.082788e-07
1879 3.897247e-07
1880 2.927205e-07
1881 2.227842e-07
1882 1.330788e-07
1883 8.354888e-08
1884 4.833704e-08
1885 2.702914e-08
1886 0.000000e+00
1887 0.000000e+00
1888 0.000000e+00
1889 0.000000e+00
1890 4.862448e-07
1891 5.377505e-07
1892 5.458059e-07
1893 4.899450e-07
1894 3.846479e-07
1895 2.863795e-07
1896 2.213569e-07
1897 1.392040e-07
1898 8.730659e-08
1899 5.039996e-08
1900 2.788260e-08
1901 0.000000e+00
1902 0.000000e+00
1903 0.000000e+00
1904 0.000000e+00
1905 5.902583e-09
1906 4.127699e-09
1907 2.751976e-09
1908 1.752088e-09
1909 1.100839e-09
1910 6.977029e-10
1911 4.548710e-10
1912 3.079425e-10
1913 2.140290e-10
1914 1.492321e-10
1915 1.015447e-10
1916 6.589721e-11
1917 4.021575e-11
1918 2.299750e-11
1919 1.238116e-11
1920 1.480630e-08
1921 1.083204e-08
1922 7.614948e-09
1923 5.079391e-09
1924 3.208106e-09
1925 2.000261e-09
1926 1.251246e-09
1927 8.051148e-10
1928 5.398228e-10
1929 3.741186e-10
1930 2.620066e-10
1931 1.800896e-10
1932 1.182269e-10
1933 7.295144e-11
1934 4.207615e-11
1935 2.305907e-08
1936 1.740527e-08
1937 1.254499e-08
1938 8.680238e-09
1939 5.650021e-09
1940 3.519717e-09
1941 2.184100e-09
1942 1.365736e-09
1943 8.850022e-10
1944 5.972963e-10
1945 4.151723e-10
1946 2.896224e-10
1947 1.969517e-10
1948 1.273479e-10
1949 7.714265e-11
1950 3.123850e-08
1951 2.428677e-08
1952 1.785005e-08
1953 1.260842e-08
1954 8.467466e-09
1955 5.331363e-09
1956 3.302669e-09
1957 2.038078e-09
1958 1.287197e-09
1959 8.469892e-10
1960 5.784793e-10
1961 4.030968e-10
1962 2.784341e-10
1963 1.854403e-10
1964 1.165830e-10
1965 3.962567e-08
1966 3.168893e-08
1967 2.376159e-08
1968 1.703240e-08
1969 1.170818e-08
1970 7.535757e-09
1971 4.656824e-09
1972 2.864834e-09
1973 1.776829e-09
1974 1.141919e-09
1975 7.640870e-10
1976 5.272123e-10
1977 3.659495e-10
1978 2.482891e-10
1979 1.606128e-10
1980 4.840891e-08
1981 3.975743e-08
1982 3.046366e-08
1983 2.214026e-08
1984 1.547442e-08
1985 1.021035e-08
1986 6.335277e-09
1987 3.898241e-09
1988 2.387435e-09
1989 1.501986e-09
1990 9.840034e-10
1991 6.686886e-10
1992 4.629648e-10
1993 3.172534e-10
1994 2.096618e-10
1995 5.785611e-08
1996 4.874928e-08
1997 3.821742e-08
1998 2.821039e-08
1999 1.997707e-08
2000 1.347960e-08
2001 8.482734e-09
2002 5.207095e-09
2003 3.169288e-09
2004 1.958329e-09
2005 1.256290e-09
2006 8.380168e-10
2007 5.744838e-10
2008 3.950428e-10
2009 2.650631e-10
2010 6.855920e-08
2011 5.924714e-08
2012 4.762138e-08
2013 3.581486e-08
2014 2.568584e-08
2015 1.766404e-08
2016 1.136837e-08
2017 6.967595e-09
2018 4.237955e-09
2019 2.580648e-09
2020 1.618741e-09
2021 1.055696e-09
2022 7.127741e-10
2023 4.883921e-10
2024 3.305738e-10
2025 8.174737e-08
2026 7.259839e-08
2027 6.003083e-08
2028 4.625173e-08
2029 3.370333e-08
2030 2.357440e-08
2031 1.558656e-08
2032 9.638778e-09
2033 5.862017e-09
2034 3.527240e-09
2035 2.161950e-09
2036 1.373782e-09
2037 9.058388e-10
2038 6.129198e-10
2039 4.153750e-10
2040 1.032025e-07
2041 9.509519e-08
2042 8.191517e-08
2043 6.566320e-08
2044 4.929371e-08
2045 3.525192e-08
2046 2.410472e-08
2047 1.542217e-08
2048 9.383178e-09
2049 5.626589e-09
2050 3.360322e-09
2051 2.053965e-09
2052 1.298955e-09
2053 8.499272e-10
2054 5.666518e-10
2055 2.117025e-07
2056 2.168621e-07
2057 2.111360e-07
2058 1.935570e-07
2059 1.655721e-07
2060 1.316029e-07
2061 9.785829e-08
2062 6.928971e-08
2063 4.683718e-08
2064 2.934045e-08
2065 1.738406e-08
2066 1.004958e-08
2067 5.695902e-09
2068 3.246397e-09
2069 1.877055e-09
2070 2.160242e-11
2071 1.664046e-11
2072 1.283491e-11
2073 9.509990e-12
2074 6.539582e-12
2075 4.584524e-12
2076 3.238223e-12
2077 0.000000e+00
2078 0.000000e+00
2079 0.000000e+00
2080 0.000000e+00
2081 0.000000e+00
2082 0.000000e+00
2083 0.000000e+00
2084 0.000000e+00
2085 1.371817e-11
2086 1.138209e-11
2087 8.633224e-12
2088 6.672970e-12
2089 4.931544e-12
2090 3.296221e-12
2091 2.296896e-12
2092 1.596454e-12
2093 0.000000e+00
2094 0.000000e+00
2095 0.000000e+00
2096 0.000000e+00
2097 0.000000e+00
2098 0.000000e+00
2099 0.000000e+00
2100 9.798819e-12
2101 8.784686e-12
2102 6.923822e-12
2103 5.206714e-12
2104 4.057132e-12
2105 2.748437e-12
2106 1.895428e-12
2107 1.292249e-12
2108 9.008622e-13
2109 0.000000e+00
2110 0.000000e+00
2111 0.000000e+00
2112 0.000000e+00
2113 0.000000e+00
2114 0.000000e+00
2115 7.346578e-12
2116 6.962571e-12
2117 5.771026e-12
2118 4.345498e-12
2119 3.344185e-12
2120 2.443154e-12
2121 1.587427e-12
2122 1.090074e-12
2123 7.460532e-13
2124 0.000000e+00
2125 0.000000e+00
2126 0.000000e+00
2127 0.000000e+00
2128 0.000000e+00
2129 0.000000e+00
2130 5.661713e-12
2131 5.590883e-12
2132 4.855064e-12
2133 3.730144e-12
2134 2.815103e-12
2135 2.160457e-12
2136 1.374338e-12
2137 9.509810e-13
2138 6.423581e-13
2139 4.460718e-13
2140 0.000000e+00
2141 0.000000e+00
2142 0.000000e+00
2143 0.000000e+00
2144 0.000000e+00
2145 4.436966e-12
2146 4.518013e-12
2147 4.086022e-12
2148 3.231058e-12
2149 2.412670e-12
2150 1.874833e-12
2151 1.246935e-12
2152 8.385106e-13
2153 5.575764e-13
2154 3.777660e-13
2155 0.000000e+00
2156 0.000000e+00
2157 0.000000e+00
2158 0.000000e+00
2159 0.000000e+00
2160 3.499466e-12
2161 3.655911e-12
2162 3.424298e-12
2163 2.793080e-12
2164 2.089652e-12
2165 1.609217e-12
2166 1.132905e-12
2167 7.268264e-13
2168 4.825367e-13
2169 3.228074e-13
2170 0.000000e+00
2171 0.000000e+00
2172 0.000000e+00
2173 0.000000e+00
2174 0.000000e+00
2175 2.765043e-12
2176 2.948860e-12
2177 2.843258e-12
2178 2.399302e-12
2179 1.809621e-12
2180 1.378090e-12
2181 1.017561e-12
2182 6.252468e-13
2183 4.190793e-13
2184 2.787473e-13
2185 0.000000e+00
2186 0.000000e+00
2187 0.000000e+00
2188 0.000000e+00
2189 0.000000e+00
2190 2.173629e-12
2191 2.359700e-12
2192 2.339205e-12
2193 2.035247e-12
2194 1.561645e-12
2195 1.173664e-12
2196 8.974084e-13
2197 5.494689e-13
2198 3.685378e-13
2199 2.411230e-13
2200 1.613147e-13
2201 0.000000e+00
2202 0.000000e+00
2203 0.000000e+00
2204 0.000000e+00
2205 1.687250e-12
2206 1.863249e-12
2207 1.888605e-12
2208 1.693809e-12
2209 1.329565e-12
2210 9.899794e-13
2211 7.673484e-13
2212 4.914539e-13
2213 3.213181e-13
2214 2.054329e-13
2215 1.343889e-13
2216 0.000000e+00
2217 0.000000e+00
2218 0.000000e+00
2219 0.000000e+00
2220 3.080697e-13
2221 2.306553e-13
2222 1.710976e-13
2223 1.261947e-13
2224 9.306716e-14
2225 6.838605e-14
2226 4.964975e-14
2227 3.517255e-14
2228 2.394020e-14
2229 1.540943e-14
2230 9.239617e-15
2231 5.102634e-15
2232 2.581922e-15
2233 1.199017e-15
2234 5.125518e-16
2235 5.084160e-13
2236 3.829679e-13
2237 2.845804e-13
2238 2.085158e-13
2239 1.517887e-13
2240 1.110637e-13
2241 8.141241e-14
2242 5.941025e-14
2243 4.260673e-14
2244 2.952096e-14
2245 1.940092e-14
2246 1.187409e-14
2247 6.669246e-15
2248 3.411560e-15
2249 1.592389e-15
2250 6.380206e-13
2251 4.850767e-13
2252 3.618532e-13
2253 2.661667e-13
2254 1.930870e-13
2255 1.399852e-13
2256 1.021759e-13
2257 7.468128e-14
2258 5.422340e-14
2259 3.853560e-14
2260 2.633135e-14
2261 1.698354e-14
2262 1.014917e-14
2263 5.540369e-15
2264 2.745477e-15
2265 7.440732e-13
2266 5.721234e-13
2267 4.287684e-13
2268 3.162978e-13
2269 2.299239e-13
2270 1.656607e-13
2271 1.202671e-13
2272 8.766166e-14
2273 6.384832e-14
2274 4.590955e-14
2275 3.204605e-14
2276 2.132764e-14
2277 1.328052e-14
2278 7.604724e-15
2279 3.957434e-15
2280 8.378293e-13
2281 6.519242e-13
2282 4.916374e-13
2283 3.635820e-13
2284 2.650047e-13
2285 1.905669e-13
2286 1.374039e-13
2287 9.984520e-14
2288 7.267593e-14
2289 5.255506e-14
2290 3.716538e-14
2291 2.526124e-14
2292 1.620448e-14
2293 9.630795e-15
2294 5.223225e-15
2295 9.240179e-13
2296 7.276162e-13
2297 5.528731e-13
2298 4.101454e-13
2299 2.996150e-13
2300 2.156382e-13
2301 1.545316e-13
2302 1.118422e-13
2303 8.123261e-14
2304 5.885511e-14
2305 4.196530e-14
2306 2.896002e-14
2307 1.899633e-14
2308 1.162963e-14
2309 6.536646e-15
2310 1.005864e-12
2311 8.014014e-13
2312 6.141846e-13
2313 4.575510e-13
2314 3.349151e-13
2315 2.414677e-13
2316 1.723980e-13
2317 1.240840e-13
2318 8.986134e-14
2319 6.510416e-14
2320 4.665823e-14
2321 3.254611e-14
2322 2.172085e-14
2323 1.362604e-14
2324 7.897845e-15
2325 1.087533e-12
2326 8.766224e-13
2327 6.782865e-13
2328 5.081173e-13
2329 3.728309e-13
2330 2.693209e-13
2331 1.920304e-13
2332 1.373087e-13
2333 9.907925e-14
2334 7.167156e-14
2335 5.150332e-14
2336 3.621001e-14
2337 2.451158e-14
2338 1.569510e-14
2339 9.346762e-15
2340 1.174753e-12
2341 9.586387e-13
2342 7.498953e-13
2343 5.658990e-13
2344 4.166262e-13
2345 3.015990e-13
2346 2.151207e-13
2347 1.528786e-13
2348 1.097405e-13
2349 7.912588e-14
2350 5.690654e-14
2351 4.024596e-14
2352 2.755823e-14
2353 1.796588e-14
2354 1.096751e-14
2355 1.290682e-12
2356 1.069689e-12
2357 8.490656e-13
2358 6.480414e-13
2359 4.801028e-13
2360 3.486457e-13
2361 2.490760e-13
2362 1.762125e-13
2363 1.253803e-13
2364 8.988549e-14
2365 6.449517e-14
2366 4.581250e-14
2367 3.171155e-14
2368 2.105271e-14
2369 1.319395e-14
2370 1.669949e-12
2371 1.428351e-12
2372 1.170363e-12
2373 9.178412e-13
2374 6.924024e-13
2375 5.074783e-13
2376 3.641553e-13
2377 2.566312e-13
2378 1.793657e-13
2379 1.262928e-13
2380 8.963513e-14
2381 6.370976e-14
2382 4.479809e-14
2383 3.065798e-14
2384 2.010512e-14
2385 2.854512e-16
2386 2.056987e-16
2387 1.477779e-16
2388 1.058825e-16
2389 7.570339e-17
2390 5.400781e-17
2391 3.840737e-17
2392 2.716659e-17
2393 1.905848e-17
2394 1.319458e-17
2395 8.952174e-18
2396 5.905173e-18
2397 3.750105e-18
2398 2.264616e-18
2399 1.282750e-18
