0 2.274321e-09
1 1.659787e-09
2 1.162293e-09
3 7.800811e-10
4 5.050295e-10
5 3.150687e-10
6 1.860459e-10
7 1.040979e-10
8 5.415662e-11
9 2.569168e-11
10 1.106070e-11
11 3.789129e-12
12 1.161635e-12
13 4.098490e-13
14 8.571805e-15
15 1.535767e-16
16 3.611116e-16
17 5.841941e-16
18 8.382718e-16
19 1.060697e-15
20 1.570948e-13
21 1.567805e-13
22 0.000000e+00
23 0.000000e+00
24 0.000000e+00
25 3.695387e-09
26 2.747161e-09
27 1.968715e-09
28 1.341334e-09
29 8.640971e-10
30 5.351540e-10
31 3.203897e-10
32 1.776115e-10
33 9.113092e-11
34 4.095931e-11
35 1.448129e-11
36 2.339764e-12
37 -1.634486e-12
38 -1.476282e-12
39 -9.975394e-13
40 -1.617728e-15
41 -1.680742e-15
42 -1.812634e-15
43 -1.955382e-15
44 -2.034681e-15
45 -5.785586e-13
46 -5.712735e-13
47 0.000000e+00
48 0.000000e+00
49 0.000000e+00
50 3.917202e-09
51 2.907018e-09
52 2.080589e-09
53 1.411869e-09
54 8.995195e-10
55 5.453556e-10
56 3.230583e-10
57 1.781980e-10
58 8.590383e-11
59 3.518892e-11
60 9.453955e-12
61 -1.954834e-12
62 -4.387211e-12
63 -2.621173e-12
64 -3.047513e-13
65 -1.667720e-14
66 -1.732861e-14
67 -1.869245e-14
68 -1.569328e-14
69 -1.596577e-14
70 -1.452985e-12
71 -1.419854e-12
72 0.000000e+00
73 0.000000e+00
74 0.000000e+00
75 4.045175e-09
76 2.998515e-09
77 2.146334e-09
78 1.453845e-09
79 9.181711e-10
80 5.527619e-10
81 3.258295e-10
82 1.737476e-10
83 8.371478e-11
84 3.252258e-11
85 7.377577e-12
86 -3.997422e-12
87 -6.195901e-12
88 1.560711e-12
89 -5.065440e-13
90 -7.258597e-14
91 -7.631709e-14
92 -8.314194e-14
93 -8.947404e-14
94 -9.338447e-14
95 -1.902686e-12
96 -1.859698e-12
97 0.000000e+00
98 0.000000e+00
99 0.000000e+00
100 4.131655e-09
101 3.060820e-09
102 2.190565e-09
103 1.482216e-09
104 9.324804e-10
105 5.577619e-10
106 3.278028e-10
107 1.733993e-10
108 8.206540e-11
109 3.068274e-11
110 5.325997e-12
111 -6.881662e-13
112 -6.900398e-12
113 -4.873008e-12
114 -5.991157e-13
115 -2.423299e-14
116 -2.508697e-14
117 -2.697555e-14
118 -2.822043e-14
119 -2.891610e-14
120 -2.181660e-12
121 -2.129939e-12
122 0.000000e+00
123 0.000000e+00
124 0.000000e+00
125 4.197468e-09
126 3.108854e-09
127 2.224220e-09
128 1.503926e-09
129 9.441626e-10
130 5.615914e-10
131 3.291712e-10
132 1.728658e-10
133 8.085214e-11
134 2.943297e-11
135 4.040463e-12
136 -6.494267e-12
137 -8.063912e-12
138 -5.354214e-12
139 -1.236078e-11
140 -2.842658e-14
141 -2.946591e-14
142 -3.171921e-14
143 -3.416933e-14
144 -3.438599e-14
145 -2.381741e-12
146 -2.324297e-12
147 0.000000e+00
148 0.000000e+00
149 0.000000e+00
150 4.250814e-09
151 3.146731e-09
152 2.251729e-09
153 1.521513e-09
154 9.517033e-10
155 5.647444e-10
156 3.305602e-10
157 1.726887e-10
158 7.994499e-11
159 2.816148e-11
160 3.006867e-12
161 -7.328263e-12
162 -8.774284e-12
163 -5.699284e-12
164 -2.127365e-12
165 -3.949143e-14
166 -2.998187e-14
167 -3.222346e-14
168 -3.466832e-14
169 -3.490865e-14
170 -2.577689e-12
171 -2.516348e-12
172 0.000000e+00
173 0.000000e+00
174 0.000000e+00
175 4.294748e-09
176 3.178485e-09
177 2.274260e-09
178 1.535827e-09
179 9.589661e-10
180 5.673885e-10
181 3.315605e-10
182 1.723658e-10
183 7.927686e-11
184 2.722031e-11
185 2.258438e-12
186 -8.073876e-12
187 -9.302882e-12
188 -6.043342e-12
189 -6.640559e-13
190 -3.127648e-14
191 -3.237163e-14
192 -3.480215e-14
193 -3.745156e-14
194 -3.770843e-14
195 -2.719156e-12
196 -2.657895e-12
197 0.000000e+00
198 0.000000e+00
199 0.000000e+00
200 4.334069e-09
201 3.206296e-09
202 2.294059e-09
203 1.550085e-09
204 9.651850e-10
205 5.696969e-10
206 3.352347e-10
207 1.723231e-10
208 7.855928e-11
209 3.178740e-11
210 1.632409e-12
211 -8.747552e-12
212 -9.774890e-12
213 -6.295201e-12
214 -6.819729e-13
215 -9.781899e-14
216 -1.028854e-13
217 -1.121230e-13
218 -1.219610e-13
219 -1.263470e-13
220 -2.837340e-12
221 -2.768480e-12
222 0.000000e+00
223 0.000000e+00
224 0.000000e+00
225 4.382401e-09
226 3.241743e-09
227 2.319249e-09
228 1.564513e-09
229 9.730317e-10
230 5.725181e-10
231 3.334590e-10
232 1.718292e-10
233 7.772486e-11
234 2.546296e-11
235 5.836753e-13
236 -9.610865e-12
237 -1.015727e-11
238 -5.511377e-12
239 -6.942882e-13
240 -3.245247e-14
241 -3.351295e-14
242 -3.595867e-14
243 -3.863527e-14
244 -3.016989e-13
245 -2.988953e-12
246 -2.915370e-12
247 0.000000e+00
248 0.000000e+00
249 0.000000e+00
250 1.032281e-08
251 8.151660e-09
252 6.261398e-09
253 4.667086e-09
254 3.342394e-09
255 2.280784e-09
256 1.494647e-09
257 9.476480e-10
258 5.704255e-10
259 3.258927e-10
260 1.733136e-10
261 8.357663e-11
262 3.420755e-11
263 9.442856e-12
264 7.472455e-12
265 6.611681e-13
266 4.823329e-13
267 3.815899e-13
268 3.270243e-13
269 2.945185e-13
270 2.699414e-12
271 2.596671e-12
272 0.000000e+00
273 0.000000e+00
274 0.000000e+00
275 1.245913e-08
276 9.903851e-09
277 7.653749e-09
278 5.758992e-09
279 4.181195e-09
280 2.883067e-09
281 1.892838e-09
282 1.213597e-09
283 7.384144e-10
284 4.260998e-10
285 2.302438e-10
286 1.147496e-10
287 4.875656e-11
288 2.160209e-11
289 1.515991e-12
290 -4.686395e-13
291 4.793435e-14
292 6.260727e-13
293 9.483774e-13
294 1.134177e-12
295 8.314995e-12
296 7.845345e-12
297 0.000000e+00
298 0.000000e+00
299 0.000000e+00
300 1.358300e-08
301 1.081474e-08
302 8.374089e-09
303 6.320976e-09
304 4.606902e-09
305 3.187172e-09
306 2.089679e-09
307 1.336226e-09
308 8.189125e-10
309 4.724342e-10
310 2.561598e-10
311 1.270994e-10
312 5.430069e-11
313 2.100753e-11
314 4.192499e-13
315 6.293115e-13
316 1.994116e-12
317 3.072828e-12
318 3.884979e-12
319 4.352275e-12
320 1.092712e-11
321 1.032332e-11
322 0.000000e+00
323 0.000000e+00
324 0.000000e+00
325 1.435126e-08
326 1.143782e-08
327 8.866977e-09
328 6.705568e-09
329 4.900449e-09
330 3.395961e-09
331 2.225329e-09
332 1.424442e-09
333 8.745858e-10
334 5.049333e-10
335 2.739634e-10
336 1.464836e-10
337 5.798258e-11
338 1.672270e-11
339 -2.551004e-13
340 -2.254403e-12
341 -8.614702e-13
342 2.329835e-13
343 9.563316e-13
344 1.676665e-12
345 1.256861e-11
346 1.187011e-11
347 0.000000e+00
348 0.000000e+00
349 0.000000e+00
350 1.493257e-08
351 1.191049e-08
352 9.240670e-09
353 6.997812e-09
354 5.123993e-09
355 3.553990e-09
356 2.328129e-09
357 1.490602e-09
358 9.167229e-10
359 5.297235e-10
360 2.875307e-10
361 1.437349e-10
362 6.103325e-11
363 1.743521e-11
364 6.067171e-11
365 -2.993301e-12
366 -1.083680e-12
367 2.069476e-13
368 1.057041e-12
369 1.550047e-12
370 1.376415e-11
371 1.299217e-11
372 0.000000e+00
373 0.000000e+00
374 0.000000e+00
375 1.540214e-08
376 1.229195e-08
377 9.542283e-09
378 7.233020e-09
379 5.302406e-09
380 3.682058e-09
381 2.411335e-09
382 1.544613e-09
383 9.509415e-10
384 5.494671e-10
385 2.977132e-10
386 1.494630e-10
387 6.320401e-11
388 1.779062e-11
389 7.473157e-12
390 1.498194e-11
391 -1.382419e-12
392 5.535031e-14
393 9.961798e-13
394 1.541963e-12
395 1.489549e-11
396 1.406838e-11
397 0.000000e+00
398 0.000000e+00
399 0.000000e+00
400 1.579052e-08
401 1.260794e-08
402 9.791898e-09
403 7.428182e-09
404 5.451428e-09
405 3.787910e-09
406 2.480148e-09
407 1.589373e-09
408 9.793828e-10
409 5.658851e-10
410 3.072208e-10
411 1.534653e-10
412 6.517616e-11
413 1.793642e-11
414 -1.497135e-12
415 -3.538087e-12
416 -1.551598e-12
417 -8.262050e-14
418 1.039206e-12
419 2.112834e-12
420 1.572934e-11
421 1.484876e-11
422 0.000000e+00
423 0.000000e+00
424 0.000000e+00
425 1.613356e-08
426 1.288578e-08
427 1.001165e-08
428 7.601742e-09
429 5.582208e-09
430 3.881001e-09
431 2.543784e-09
432 1.628432e-09
433 1.004403e-09
434 5.879380e-10
435 3.150202e-10
436 1.574663e-10
437 6.689225e-11
438 1.921725e-11
439 -1.544209e-12
440 -1.444698e-12
441 1.232383e-12
442 3.197757e-12
443 4.595730e-12
444 5.403399e-12
445 1.643489e-11
446 1.551689e-11
447 0.000000e+00
448 0.000000e+00
449 0.000000e+00
450 1.656433e-08
451 1.323682e-08
452 1.028967e-08
453 7.816786e-09
454 5.747178e-09
455 3.999028e-09
456 2.617127e-09
457 1.677768e-09
458 1.035707e-09
459 5.984745e-10
460 3.253101e-10
461 1.631602e-10
462 6.971368e-11
463 2.914924e-11
464 -2.044512e-12
465 -4.754340e-12
466 -2.034769e-12
467 -2.254967e-13
468 9.486735e-13
469 2.842325e-12
470 1.733575e-11
471 1.636248e-11
472 0.000000e+00
473 0.000000e+00
474 0.000000e+00
475 1.779050e-08
476 1.458116e-08
477 1.156931e-08
478 8.927439e-09
479 6.703813e-09
480 4.861220e-09
481 3.365116e-09
482 2.233035e-09
483 1.443425e-09
484 8.965059e-10
485 5.376979e-10
486 3.126444e-10
487 1.780329e-10
488 1.071248e-10
489 5.447153e-11
490 3.428366e-11
491 3.074827e-11
492 2.944641e-11
493 2.919874e-11
494 2.883983e-11
495 5.038753e-11
496 4.497682e-11
497 0.000000e+00
498 0.000000e+00
499 0.000000e+00
500 2.047659e-08
501 1.690960e-08
502 1.350228e-08
503 1.047844e-08
504 7.928503e-09
505 5.816544e-09
506 4.068931e-09
507 2.706932e-09
508 1.768609e-09
509 1.113243e-09
510 6.769997e-10
511 3.997312e-10
512 2.334358e-10
513 1.352723e-10
514 8.008717e-11
515 6.413554e-11
516 5.990017e-11
517 5.946964e-11
518 6.065596e-11
519 6.099942e-11
520 6.948618e-11
521 6.191175e-11
522 0.000000e+00
523 0.000000e+00
524 0.000000e+00
525 2.227107e-08
526 1.846420e-08
527 1.478817e-08
528 1.150846e-08
529 8.742285e-09
530 6.448851e-09
531 4.534074e-09
532 3.021784e-09
533 1.981301e-09
534 1.255508e-09
535 7.676729e-10
536 4.684143e-10
537 2.711184e-10
538 1.573334e-10
539 9.301205e-11
540 8.041275e-11
541 5.807837e-11
542 5.653178e-11
543 5.677608e-11
544 5.652987e-11
545 8.217956e-11
546 7.313781e-11
547 0.000000e+00
548 0.000000e+00
549 0.000000e+00
550 2.363552e-08
551 1.964974e-08
552 1.576634e-08
553 1.229271e-08
554 9.363135e-09
555 6.930605e-09
556 4.888650e-09
557 3.261658e-09
558 2.144131e-09
559 1.364343e-09
560 8.370420e-10
561 5.013373e-10
562 2.980183e-10
563 1.751971e-10
564 3.201443e-10
565 7.049805e-11
566 6.424359e-11
567 6.237098e-11
568 6.249193e-11
569 5.045326e-11
570 9.171721e-11
571 8.156509e-11
572 0.000000e+00
573 0.000000e+00
574 0.000000e+00
575 2.474174e-08
576 2.060928e-08
577 1.655975e-08
578 1.292805e-08
579 9.864463e-09
580 7.321644e-09
581 5.176142e-09
582 3.456443e-09
583 2.276104e-09
584 1.452263e-09
585 8.923717e-10
586 5.369007e-10
587 3.205071e-10
588 1.916442e-10
589 1.427432e-10
590 4.070706e-10
591 6.468630e-11
592 6.199764e-11
593 6.144564e-11
594 6.065703e-11
595 9.971552e-11
596 8.866827e-11
597 0.000000e+00
598 0.000000e+00
599 0.000000e+00
600 2.565254e-08
601 2.139910e-08
602 1.721406e-08
603 1.345197e-08
604 1.027891e-08
605 7.644440e-09
606 5.412970e-09
607 3.617458e-09
608 2.385248e-09
609 1.524969e-09
610 9.392842e-10
611 5.655036e-10
612 3.392296e-10
613 2.014311e-10
614 1.214423e-10
615 8.585732e-11
616 7.901599e-11
617 7.741676e-11
618 7.814327e-11
619 6.173299e-11
620 1.061533e-10
621 9.435687e-11
622 0.000000e+00
623 0.000000e+00
624 0.000000e+00
625 2.645789e-08
626 2.209538e-08
627 1.778764e-08
628 1.391589e-08
629 1.064347e-08
630 7.927874e-09
631 5.625144e-09
632 3.758785e-09
633 2.481327e-09
634 1.597042e-09
635 9.804290e-10
636 5.912092e-10
637 3.557591e-10
638 2.126271e-10
639 1.317756e-10
640 9.735173e-11
641 9.015047e-11
642 8.873539e-11
643 8.981914e-11
644 8.989748e-11
645 1.117750e-10
646 9.933057e-11
647 0.000000e+00
648 0.000000e+00
649 0.000000e+00
650 2.747133e-08
651 2.297547e-08
652 1.851895e-08
653 1.449737e-08
654 1.110475e-08
655 8.286444e-09
656 5.885846e-09
657 3.937369e-09
658 2.602593e-09
659 1.669543e-09
660 1.031713e-09
661 6.243443e-10
662 3.773473e-10
663 2.380408e-10
664 1.375806e-10
665 8.769246e-11
666 7.914349e-11
667 7.606999e-11
668 7.555605e-11
669 7.670940e-11
670 1.192320e-10
671 1.059712e-10
672 0.000000e+00
673 0.000000e+00
674 0.000000e+00
675 2.521876e-08
676 2.123741e-08
677 1.726032e-08
678 1.360078e-08
679 1.044678e-08
680 7.817779e-09
681 5.622154e-09
682 3.846636e-09
683 2.559155e-09
684 1.655532e-09
685 1.037081e-09
686 6.343219e-10
687 3.841005e-10
688 2.297193e-10
689 1.415430e-10
690 1.083798e-10
691 9.512812e-11
692 9.004340e-11
693 8.901238e-11
694 8.793959e-11
695 9.698243e-11
696 8.590749e-11
697 0.000000e+00
698 0.000000e+00
699 0.000000e+00
700 2.819170e-08
701 2.392367e-08
702 1.956840e-08
703 1.549957e-08
704 1.196888e-08
705 9.022867e-09
706 6.551243e-09
707 4.518478e-09
708 3.017882e-09
709 1.969044e-09
710 1.243828e-09
711 7.804832e-10
712 4.708788e-10
713 2.858404e-10
714 1.740064e-10
715 1.392469e-10
716 9.805249e-11
717 8.931265e-11
718 8.577242e-11
719 8.315070e-11
720 1.151857e-10
721 1.018782e-10
722 0.000000e+00
723 0.000000e+00
724 0.000000e+00
725 3.043206e-08
726 2.594805e-08
727 2.129688e-08
728 1.692569e-08
729 1.311137e-08
730 9.926059e-09
731 7.247566e-09
732 5.020605e-09
733 3.360813e-09
734 2.203109e-09
735 1.398116e-09
736 8.687935e-10
737 5.334454e-10
738 3.269498e-10
739 4.846400e-10
740 1.325488e-10
741 1.105019e-10
742 9.980199e-11
743 9.517971e-11
744 7.597531e-11
745 1.288850e-10
746 1.138712e-10
747 0.000000e+00
748 0.000000e+00
749 0.000000e+00
750 3.225206e-08
751 2.759155e-08
752 2.271234e-08
753 1.808576e-08
754 1.403985e-08
755 1.066195e-08
756 7.815496e-09
757 5.430505e-09
758 3.640483e-09
759 2.394064e-09
760 1.523010e-09
761 9.503409e-10
762 5.864132e-10
763 3.633082e-10
764 2.598855e-10
765 6.157873e-10
766 1.144278e-10
767 1.013717e-10
768 9.510267e-11
769 9.084331e-11
770 1.403171e-10
771 1.239264e-10
772 0.000000e+00
773 0.000000e+00
774 0.000000e+00
775 3.375322e-08
776 2.894745e-08
777 2.387926e-08
778 1.904153e-08
779 1.480585e-08
780 1.126913e-08
781 8.282335e-09
782 5.768369e-09
783 3.871300e-09
784 2.551210e-09
785 1.627400e-09
786 1.016822e-09
787 6.281991e-10
788 3.879679e-10
789 2.392374e-10
790 1.633097e-10
791 1.366705e-10
792 1.240567e-10
793 1.189168e-10
794 9.305316e-11
795 1.495464e-10
796 1.320085e-10
797 0.000000e+00
798 0.000000e+00
799 0.000000e+00
800 3.507651e-08
801 3.013698e-08
802 2.490125e-08
803 1.988525e-08
804 1.548111e-08
805 1.180313e-08
806 8.697228e-09
807 6.066329e-09
808 4.074701e-09
809 2.698130e-09
810 1.719123e-09
811 1.075935e-09
812 6.662105e-10
813 4.149516e-10
814 2.594445e-10
815 1.830983e-10
816 1.544704e-10
817 1.412184e-10
818 1.360586e-10
819 1.323514e-10
820 1.576226e-10
821 1.390877e-10
822 0.000000e+00
823 0.000000e+00
824 0.000000e+00
825 3.674517e-08
826 3.164964e-08
827 2.619762e-08
828 2.094868e-08
829 1.633313e-08
830 1.247806e-08
831 9.214088e-09
832 6.441189e-09
833 4.331358e-09
834 2.864549e-09
835 1.834131e-09
836 1.151377e-09
837 7.145835e-10
838 4.575456e-10
839 2.755129e-10
840 1.747038e-10
841 1.423345e-10
842 1.256645e-10
843 1.176415e-10
844 1.147098e-10
845 1.682559e-10
846 1.484652e-10
847 0.000000e+00
848 0.000000e+00
849 0.000000e+00
850 3.271960e-08
851 2.817208e-08
852 2.336667e-08
853 1.873669e-08
854 1.462414e-08
855 1.115154e-08
856 8.227680e-09
857 5.793005e-09
858 3.934253e-09
859 2.597029e-09
860 1.672897e-09
861 1.062715e-09
862 6.533326e-10
863 4.027280e-10
864 2.476727e-10
865 1.905571e-10
866 1.319547e-10
867 1.154757e-10
868 1.076178e-10
869 1.023966e-10
870 1.381659e-10
871 1.216565e-10
872 0.000000e+00
873 0.000000e+00
874 0.000000e+00
875 3.594980e-08
876 3.118497e-08
877 2.602643e-08
878 2.098864e-08
879 1.645741e-08
880 1.261473e-08
881 9.376938e-09
882 6.658714e-09
883 4.547959e-09
884 3.014775e-09
885 1.957797e-09
886 1.235881e-09
887 7.717102e-10
888 4.793690e-10
889 6.273398e-10
890 1.935513e-10
891 1.531115e-10
892 1.316744e-10
893 1.209733e-10
894 9.523007e-11
895 1.550799e-10
896 1.362650e-10
897 0.000000e+00
898 0.000000e+00
899 0.000000e+00
900 3.856809e-08
901 3.361972e-08
902 2.818533e-08
903 2.280689e-08
904 1.793732e-08
905 1.379753e-08
906 1.030560e-08
907 7.357998e-09
908 5.043353e-09
909 3.351253e-09
910 2.186141e-09
911 1.384903e-09
912 8.689017e-10
913 5.440697e-10
914 3.799561e-10
915 7.818714e-10
916 1.627916e-10
917 1.365150e-10
918 1.226422e-10
919 1.138343e-10
920 1.691393e-10
921 1.484663e-10
922 0.000000e+00
923 0.000000e+00
924 0.000000e+00
925 4.072922e-08
926 3.562854e-08
927 2.996986e-08
928 2.430693e-08
929 1.916117e-08
930 1.477546e-08
931 1.107255e-08
932 7.936467e-09
933 5.453245e-09
934 3.629674e-09
935 2.376631e-09
936 1.507457e-09
937 9.473906e-10
938 5.918808e-10
939 3.677192e-10
940 2.453097e-10
941 1.932471e-10
942 1.657640e-10
943 1.521980e-10
944 1.173153e-10
945 1.805204e-10
946 1.583136e-10
947 0.000000e+00
948 0.000000e+00
949 0.000000e+00
950 4.263001e-08
951 3.739527e-08
952 3.153514e-08
953 2.563488e-08
954 2.023912e-08
955 1.563560e-08
956 1.175086e-08
957 8.446040e-09
958 5.814229e-09
959 3.883541e-09
960 2.544288e-09
961 1.616184e-09
962 1.017784e-09
963 6.397292e-10
964 4.016753e-10
965 2.749656e-10
966 2.180815e-10
967 1.883347e-10
968 1.738521e-10
969 1.645892e-10
970 1.904825e-10
971 1.669283e-10
972 0.000000e+00
973 0.000000e+00
974 0.000000e+00
975 4.503364e-08
976 3.963778e-08
977 3.351692e-08
978 2.730673e-08
979 2.160046e-08
980 1.672298e-08
981 1.260143e-08
982 9.088291e-09
983 6.270027e-09
984 4.184231e-09
985 2.754912e-09
986 1.754037e-09
987 1.107109e-09
988 7.116757e-10
989 4.335446e-10
990 2.728057e-10
991 2.083631e-10
992 1.726634e-10
993 1.536384e-10
994 1.444707e-10
995 2.035431e-10
996 1.783016e-10
997 0.000000e+00
998 0.000000e+00
999 0.000000e+00
1000 4.048348e-08
1001 3.553541e-08
1002 3.001142e-08
1003 2.446417e-08
1004 1.936201e-08
1005 1.496856e-08
1006 1.124606e-08
1007 8.107510e-09
1008 5.624606e-09
1009 3.766508e-09
1010 2.471333e-09
1011 1.580441e-09
1012 9.965414e-10
1013 6.232137e-10
1014 7.536291e-10
1015 2.511000e-10
1016 1.922773e-10
1017 1.599248e-10
1018 1.429032e-10
1019 1.111692e-10
1020 1.756663e-10
1021 1.536246e-10
1022 0.000000e+00
1023 0.000000e+00
1024 0.000000e+00
1025 4.401423e-08
1026 3.890038e-08
1027 3.307601e-08
1028 2.711652e-08
1029 2.156216e-08
1030 1.674452e-08
1031 1.265393e-08
1032 9.194287e-09
1033 6.424775e-09
1034 4.319074e-09
1035 2.847276e-09
1036 1.832144e-09
1037 1.160969e-09
1038 7.307642e-10
1039 5.028827e-10
1040 9.274557e-10
1041 2.114383e-10
1042 1.702664e-10
1043 1.476410e-10
1044 1.336011e-10
1045 1.922509e-10
1046 1.677515e-10
1047 0.000000e+00
1048 0.000000e+00
1049 0.000000e+00
1050 4.691846e-08
1051 4.166926e-08
1052 3.559959e-08
1053 2.929367e-08
1054 2.337125e-08
1055 1.820327e-08
1056 1.380939e-08
1057 1.008655e-08
1058 7.081616e-09
1059 4.772313e-09
1060 3.156866e-09
1061 2.038168e-09
1062 1.293717e-09
1063 8.127312e-10
1064 5.077292e-10
1065 3.338345e-10
1066 2.521014e-10
1067 2.068408e-10
1068 1.829118e-10
1069 1.387977e-10
1070 2.056836e-10
1071 1.791503e-10
1072 0.000000e+00
1073 0.000000e+00
1074 0.000000e+00
1075 4.948206e-08
1076 4.410964e-08
1077 3.781960e-08
1078 3.122122e-08
1079 2.496679e-08
1080 1.948390e-08
1081 1.483165e-08
1082 1.087443e-08
1083 7.661295e-09
1084 5.180717e-09
1085 3.430116e-09
1086 2.219707e-09
1087 1.412057e-09
1088 8.912497e-10
1089 5.616251e-10
1090 3.768775e-10
1091 2.858393e-10
1092 2.356347e-10
1093 2.091991e-10
1094 1.927883e-10
1095 2.174434e-10
1096 1.891231e-10
1097 0.000000e+00
1098 0.000000e+00
1099 0.000000e+00
1100 5.271015e-08
1101 4.719623e-08
1102 4.062309e-08
1103 3.365089e-08
1104 2.698192e-08
1105 2.111620e-08
1106 1.611655e-08
1107 1.186821e-08
1108 8.393201e-09
1109 5.676781e-09
1110 3.774361e-09
1111 2.450509e-09
1112 1.562276e-09
1113 1.002534e-09
1114 6.176057e-10
1115 3.868876e-10
1116 2.824172e-10
1117 2.224956e-10
1118 1.891490e-10
1119 1.716783e-10
1120 2.328294e-10
1121 2.022688e-10
1122 0.000000e+00
1123 0.000000e+00
1124 0.000000e+00
1125 4.871680e-08
1126 4.349770e-08
1127 3.737888e-08
1128 3.095372e-08
1129 2.483274e-08
1130 1.942629e-08
1131 1.480004e-08
1132 1.087792e-08
1133 7.706328e-09
1134 5.238657e-09
1135 3.477574e-09
1136 2.261889e-09
1137 1.443024e-09
1138 9.127892e-10
1139 6.218043e-10
1140 1.057805e-09
1141 2.584374e-10
1142 2.022030e-10
1143 1.706254e-10
1144 1.512117e-10
1145 2.119130e-10
1146 1.839058e-10
1147 0.000000e+00
1148 0.000000e+00
1149 0.000000e+00
1150 5.248482e-08
1151 4.716674e-08
1152 4.079909e-08
1153 3.398237e-08
1154 2.739992e-08
1155 2.152500e-08
1156 1.647589e-08
1157 1.219000e-08
1158 8.700926e-09
1159 5.945832e-09
1160 3.960984e-09
1161 2.590369e-09
1162 1.656239e-09
1163 1.047241e-09
1164 6.559894e-10
1165 4.277010e-10
1166 3.133720e-10
1167 2.483279e-10
1168 2.126530e-10
1169 1.590421e-10
1170 2.277054e-10
1171 1.969521e-10
1172 0.000000e+00
1173 0.000000e+00
1174 0.000000e+00
1175 5.579999e-08
1176 5.039251e-08
1177 4.380178e-08
1178 3.665181e-08
1179 2.965655e-08
1180 2.336350e-08
1181 1.795024e-08
1182 1.334258e-08
1183 9.573762e-09
1184 6.574808e-09
1185 4.384366e-09
1186 2.877831e-09
1187 1.844191e-09
1188 1.171397e-09
1189 7.390359e-10
1190 4.898084e-10
1191 3.593340e-10
1192 2.851659e-10
1193 2.444801e-10
1194 2.195113e-10
1195 2.415099e-10
1196 2.083609e-10
1197 0.000000e+00
1198 0.000000e+00
1199 0.000000e+00
1200 5.998009e-08
1201 5.447337e-08
1202 4.759705e-08
1203 4.001734e-08
1204 3.250834e-08
1205 2.569784e-08
1206 1.980599e-08
1207 1.479728e-08
1208 1.067612e-08
1209 7.349306e-09
1210 4.918569e-09
1211 3.242702e-09
1212 2.082546e-09
1213 1.345157e-09
1214 8.309122e-10
1215 5.200752e-10
1216 3.674134e-10
1217 2.779378e-10
1218 2.268290e-10
1219 1.988831e-10
1220 2.595005e-10
1221 2.233399e-10
1222 0.000000e+00
1223 0.000000e+00
1224 0.000000e+00
1225 5.731164e-08
1226 5.197049e-08
1227 4.538130e-08
1228 3.815466e-08
1229 3.102279e-08
1230 2.454258e-08
1231 1.891050e-08
1232 1.411548e-08
1233 1.019121e-08
1234 7.045029e-09
1235 4.725143e-09
1236 3.111795e-09
1237 2.004383e-09
1238 1.273253e-09
1239 7.991688e-10
1240 5.185285e-10
1241 3.722784e-10
1242 2.876611e-10
1243 2.402540e-10
1244 1.775527e-10
1245 2.469192e-10
1246 2.122414e-10
1247 0.000000e+00
1248 0.000000e+00
1249 0.000000e+00
1250 6.148240e-08
1251 5.610029e-08
1252 4.930504e-08
1253 4.172098e-08
1254 3.410317e-08
1255 2.709218e-08
1256 2.097145e-08
1257 1.574166e-08
1258 1.144693e-08
1259 7.973741e-09
1260 5.361156e-09
1261 3.544819e-09
1262 2.292905e-09
1263 1.463516e-09
1264 9.243119e-10
1265 6.080088e-10
1266 4.355597e-10
1267 3.355231e-10
1268 2.792851e-10
1269 2.449160e-10
1270 2.633296e-10
1271 2.253762e-10
1272 0.000000e+00
1273 0.000000e+00
1274 0.000000e+00
1275 6.673163e-08
1276 6.131308e-08
1277 5.425642e-08
1278 4.620651e-08
1279 3.798484e-08
1280 3.031618e-08
1281 2.356000e-08
1282 1.778796e-08
1283 1.302686e-08
1284 9.123400e-09
1285 6.160450e-09
1286 4.091227e-09
1287 2.656591e-09
1288 1.720064e-09
1289 1.067792e-09
1290 6.691703e-10
1291 4.618786e-10
1292 3.384996e-10
1293 2.667986e-10
1294 2.265854e-10
1295 2.845815e-10
1296 2.424958e-10
1297 0.000000e+00
1298 0.000000e+00
1299 0.000000e+00
1300 6.671623e-08
1301 6.138435e-08
1302 5.443458e-08
1303 4.648186e-08
1304 3.832116e-08
1305 3.066181e-08
1306 2.388252e-08
1307 1.806068e-08
1308 1.326245e-08
1309 9.343748e-09
1310 6.333820e-09
1311 4.209951e-09
1312 2.744374e-09
1313 1.758114e-09
1314 1.112631e-09
1315 7.279675e-10
1316 5.127461e-10
1317 3.860960e-10
1318 3.137169e-10
1319 2.695610e-10
1320 2.838940e-10
1321 2.411412e-10
1322 0.000000e+00
1323 0.000000e+00
1324 0.000000e+00
1325 7.323309e-08
1326 6.796355e-08
1327 6.080806e-08
1328 5.238233e-08
1329 4.353602e-08
1330 3.507081e-08
1331 2.746600e-08
1332 2.091330e-08
1333 1.549378e-08
1334 1.101495e-08
1335 7.521788e-09
1336 5.021948e-09
1337 3.295196e-09
1338 2.138083e-09
1339 1.335558e-09
1340 8.377284e-10
1341 5.687331e-10
1342 4.063991e-10
1343 3.108324e-10
1344 2.562522e-10
1345 3.097943e-10
1346 2.612222e-10
1347 0.000000e+00
1348 0.000000e+00
1349 0.000000e+00
1350 8.195766e-08
1351 7.693942e-08
1352 6.971923e-08
1353 6.086988e-08
1354 5.125519e-08
1355 4.176339e-08
1356 3.302655e-08
1357 2.539025e-08
1358 1.903803e-08
1359 1.375381e-08
1360 9.535539e-09
1361 6.416885e-09
1362 4.247884e-09
1363 2.771886e-09
1364 1.744461e-09
1365 1.095567e-09
1366 7.325438e-10
1367 5.100844e-10
1368 3.773996e-10
1369 3.003337e-10
1370 3.455605e-10
1371 2.871939e-10
1372 0.000000e+00
1373 0.000000e+00
1374 0.000000e+00
1375 5.581709e-07
1376 4.893029e-07
1377 4.072246e-07
1378 3.330966e-07
1379 2.732343e-07
1380 2.150828e-07
1381 1.568012e-07
1382 1.085718e-07
1383 7.558691e-08
1384 4.993127e-08
1385 3.246011e-08
1386 0.000000e+00
1387 0.000000e+00
1388 0.000000e+00
1389 0.000000e+00
1390 0.000000e+00
1391 0.000000e+00
1392 0.000000e+00
1393 0.000000e+00
1394 0.000000e+00
1395 0.000000e+00
1396 0.000000e+00
1397 0.000000e+00
1398 0.000000e+00
1399 0.000000e+00
1400 7.147281e-07
1401 6.291990e-07
1402 5.250558e-07
1403 4.293934e-07
1404 3.521281e-07
1405 2.788170e-07
1406 2.046452e-07
1407 1.417699e-07
1408 9.919338e-08
1409 6.583882e-08
1410 4.309575e-08
1411 0.000000e+00
1412 0.000000e+00
1413 0.000000e+00
1414 0.000000e+00
1415 0.000000e+00
1416 0.000000e+00
1417 0.000000e+00
1418 0.000000e+00
1419 0.000000e+00
1420 0.000000e+00
1421 0.000000e+00
1422 0.000000e+00
1423 0.000000e+00
1424 0.000000e+00
1425 8.208376e-07
1426 7.240152e-07
1427 6.049169e-07
1428 4.946597e-07
1429 4.055983e-07
1430 3.220121e-07
1431 2.370670e-07
1432 1.642697e-07
1433 1.151923e-07
1434 7.661930e-08
1435 5.030388e-08
1436 0.000000e+00
1437 0.000000e+00
1438 0.000000e+00
1439 0.000000e+00
1440 0.000000e+00
1441 0.000000e+00
1442 0.000000e+00
1443 0.000000e+00
1444 0.000000e+00
1445 0.000000e+00
1446 0.000000e+00
1447 0.000000e+00
1448 0.000000e+00
1449 0.000000e+00
1450 9.011530e-07
1451 7.957830e-07
1452 6.653650e-07
1453 5.440608e-07
1454 4.460714e-07
1455 3.547037e-07
1456 2.616107e-07
1457 1.813009e-07
1458 1.273026e-07
1459 8.477972e-08
1460 5.576006e-08
1461 0.000000e+00
1462 0.000000e+00
1463 0.000000e+00
1464 0.000000e+00
1465 0.000000e+00
1466 0.000000e+00
1467 0.000000e+00
1468 0.000000e+00
1469 0.000000e+00
1470 0.000000e+00
1471 0.000000e+00
1472 0.000000e+00
1473 0.000000e+00
1474 0.000000e+00
1475 9.662773e-07
1476 8.539748e-07
1477 7.143755e-07
1478 5.841169e-07
1479 4.788898e-07
1480 3.812151e-07
1481 2.815121e-07
1482 1.951109e-07
1483 1.371211e-07
1484 9.139677e-08
1485 6.018423e-08
1486 0.000000e+00
1487 0.000000e+00
1488 0.000000e+00
1489 0.000000e+00
1490 0.000000e+00
1491 0.000000e+00
1492 0.000000e+00
1493 0.000000e+00
1494 0.000000e+00
1495 0.000000e+00
1496 0.000000e+00
1497 0.000000e+00
1498 0.000000e+00
1499 0.000000e+00
1500 1.019986e-06
1501 9.019627e-07
1502 7.547932e-07
1503 6.171488e-07
1504 5.059553e-07
1505 4.030796e-07
1506 2.979251e-07
1507 2.065003e-07
1508 1.452193e-07
1509 9.685381e-08
1510 6.383286e-08
1511 0.000000e+00
1512 0.000000e+00
1513 0.000000e+00
1514 0.000000e+00
1515 0.000000e+00
1516 0.000000e+00
1517 0.000000e+00
1518 0.000000e+00
1519 0.000000e+00
1520 0.000000e+00
1521 0.000000e+00
1522 0.000000e+00
1523 0.000000e+00
1524 0.000000e+00
1525 1.067309e-06
1526 9.442485e-07
1527 7.904136e-07
1528 6.462561e-07
1529 5.297998e-07
1530 4.223442e-07
1531 3.123865e-07
1532 2.165353e-07
1533 1.523547e-07
1534 1.016631e-07
1535 6.704767e-08
1536 0.000000e+00
1537 0.000000e+00
1538 0.000000e+00
1539 0.000000e+00
1540 0.000000e+00
1541 0.000000e+00
1542 0.000000e+00
1543 0.000000e+00
1544 0.000000e+00
1545 0.000000e+00
1546 0.000000e+00
1547 0.000000e+00
1548 0.000000e+00
1549 0.000000e+00
1550 1.127047e-06
1551 9.976251e-07
1552 8.353693e-07
1553 6.829941e-07
1554 5.599003e-07
1555 4.466596e-07
1556 3.306438e-07
1557 2.291998e-07
1558 1.613594e-07
1559 1.077308e-07
1560 7.110492e-08
1561 0.000000e+00
1562 0.000000e+00
1563 0.000000e+00
1564 0.000000e+00
1565 0.000000e+00
1566 0.000000e+00
1567 0.000000e+00
1568 0.000000e+00
1569 0.000000e+00
1570 0.000000e+00
1571 0.000000e+00
1572 0.000000e+00
1573 0.000000e+00
1574 0.000000e+00
1575 2.423944e-07
1576 2.389374e-07
1577 2.203444e-07
1578 1.891351e-07
1579 1.544239e-07
1580 1.258679e-07
1581 1.047631e-07
1582 8.115235e-08
1583 5.553980e-08
1584 3.982182e-08
1585 2.672812e-08
1586 1.753081e-08
1587 1.123093e-08
1588 0.000000e+00
1589 0.000000e+00
1590 0.000000e+00
1591 0.000000e+00
1592 0.000000e+00
1593 0.000000e+00
1594 0.000000e+00
1595 0.000000e+00
1596 0.000000e+00
1597 0.000000e+00
1598 0.000000e+00
1599 0.000000e+00
1600 3.500161e-07
1601 3.454913e-07
1602 3.193253e-07
1603 2.747538e-07
1604 2.245665e-07
1605 1.828476e-07
1606 1.521021e-07
1607 1.184793e-07
1608 8.130184e-08
1609 5.815914e-08
1610 3.910478e-08
1611 2.569977e-08
1612 1.643192e-08
1613 0.000000e+00
1614 0.000000e+00
1615 0.000000e+00
1616 0.000000e+00
1617 0.000000e+00
1618 0.000000e+00
1619 0.000000e+00
1620 0.000000e+00
1621 0.000000e+00
1622 0.000000e+00
1623 0.000000e+00
1624 0.000000e+00
1625 4.313782e-07
1626 4.260573e-07
1627 3.941632e-07
1628 3.394944e-07
1629 2.775934e-07
1630 2.259321e-07
1631 1.879020e-07
1632 1.466963e-07
1633 1.007745e-07
1634 7.202085e-08
1635 4.846026e-08
1636 3.187481e-08
1637 2.036332e-08
1638 0.000000e+00
1639 0.000000e+00
1640 0.000000e+00
1641 0.000000e+00
1642 0.000000e+00
1643 0.000000e+00
1644 0.000000e+00
1645 0.000000e+00
1646 0.000000e+00
1647 0.000000e+00
1648 0.000000e+00
1649 0.000000e+00
1650 4.973738e-07
1651 4.914000e-07
1652 4.548597e-07
1653 3.919965e-07
1654 3.206008e-07
1655 2.608719e-07
1656 2.169321e-07
1657 1.695827e-07
1658 1.165702e-07
1659 8.326510e-08
1660 5.604786e-08
1661 3.688243e-08
1662 2.355139e-08
1663 0.000000e+00
1664 0.000000e+00
1665 0.000000e+00
1666 0.000000e+00
1667 0.000000e+00
1668 0.000000e+00
1669 0.000000e+00
1670 0.000000e+00
1671 0.000000e+00
1672 0.000000e+00
1673 0.000000e+00
1674 0.000000e+00
1675 5.518102e-07
1676 5.452977e-07
1677 5.049252e-07
1678 4.352982e-07
1679 3.560753e-07
1680 2.896919e-07
1681 2.408776e-07
1682 1.884604e-07
1683 1.295955e-07
1684 9.253896e-08
1685 6.230640e-08
1686 4.101411e-08
1687 2.618135e-08
1688 0.000000e+00
1689 0.000000e+00
1690 0.000000e+00
1691 0.000000e+00
1692 0.000000e+00
1693 0.000000e+00
1694 0.000000e+00
1695 0.000000e+00
1696 0.000000e+00
1697 0.000000e+00
1698 0.000000e+00
1699 0.000000e+00
1700 5.997530e-07
1701 5.927659e-07
1702 5.490325e-07
1703 4.734380e-07
1704 3.873178e-07
1705 3.150738e-07
1706 2.619665e-07
1707 2.050860e-07
1708 1.410714e-07
1709 1.007064e-07
1710 6.781833e-08
1711 4.465289e-08
1712 2.849756e-08
1713 0.000000e+00
1714 0.000000e+00
1715 0.000000e+00
1716 0.000000e+00
1717 0.000000e+00
1718 0.000000e+00
1719 0.000000e+00
1720 0.000000e+00
1721 0.000000e+00
1722 0.000000e+00
1723 0.000000e+00
1724 0.000000e+00
1725 6.602339e-07
1726 6.526487e-07
1727 6.046571e-07
1728 5.215538e-07
1729 4.267282e-07
1730 3.470967e-07
1731 2.885683e-07
1732 2.260609e-07
1733 1.555465e-07
1734 1.110105e-07
1735 7.477219e-08
1736 4.924296e-08
1737 3.142023e-08
1738 0.000000e+00
1739 0.000000e+00
1740 0.000000e+00
1741 0.000000e+00
1742 0.000000e+00
1743 0.000000e+00
1744 0.000000e+00
1745 0.000000e+00
1746 0.000000e+00
1747 0.000000e+00
1748 0.000000e+00
1749 0.000000e+00
1750 1.251414e-07
1751 1.303530e-07
1752 1.286336e-07
1753 1.186063e-07
1754 1.016696e-07
1755 8.280845e-08
1756 6.736082e-08
1757 5.613850e-08
1758 4.350388e-08
1759 2.936754e-08
1760 2.133710e-08
1761 1.410678e-08
1762 9.192033e-09
1763 5.833001e-09
1764 0.000000e+00
1765 0.000000e+00
1766 0.000000e+00
1767 0.000000e+00
1768 0.000000e+00
1769 0.000000e+00
1770 0.000000e+00
1771 0.000000e+00
1772 0.000000e+00
1773 0.000000e+00
1774 0.000000e+00
1775 2.029935e-07
1776 2.114278e-07
1777 2.088651e-07
1778 1.929891e-07
1779 1.657649e-07
1780 1.351327e-07
1781 1.098157e-07
1782 9.147130e-08
1783 7.127388e-08
1784 4.824919e-08
1785 3.497861e-08
1786 2.316334e-08
1787 1.514318e-08
1788 9.597721e-09
1789 0.000000e+00
1790 0.000000e+00
1791 0.000000e+00
1792 0.000000e+00
1793 0.000000e+00
1794 0.000000e+00
1795 0.000000e+00
1796 0.000000e+00
1797 0.000000e+00
1798 0.000000e+00
1799 0.000000e+00
1800 2.655258e-07
1801 2.765360e-07
1802 2.733045e-07
1803 2.527068e-07
1804 2.172228e-07
1805 1.771201e-07
1806 1.438896e-07
1807 1.198380e-07
1808 9.355216e-08
1809 6.338530e-08
1810 4.591797e-08
1811 3.042446e-08
1812 1.991143e-08
1813 1.261531e-08
1814 0.000000e+00
1815 0.000000e+00
1816 0.000000e+00
1817 0.000000e+00
1818 0.000000e+00
1819 0.000000e+00
1820 0.000000e+00
1821 0.000000e+00
1822 0.000000e+00
1823 0.000000e+00
1824 0.000000e+00
1825 3.170901e-07
1826 3.302228e-07
1827 3.264322e-07
1828 3.019447e-07
1829 2.596452e-07
1830 2.117444e-07
1831 1.719852e-07
1832 1.432264e-07
1833 1.119220e-07
1834 7.587150e-08
1835 5.494331e-08
1836 3.641255e-08
1837 2.384460e-08
1838 1.510231e-08
1839 0.000000e+00
1840 0.000000e+00
1841 0.000000e+00
1842 0.000000e+00
1843 0.000000e+00
1844 0.000000e+00
1845 0.000000e+00
1846 0.000000e+00
1847 0.000000e+00
1848 0.000000e+00
1849 0.000000e+00
1850 3.625230e-07
1851 3.775259e-07
1852 3.732394e-07
1853 3.453310e-07
1854 2.970250e-07
1855 2.422516e-07
1856 1.967409e-07
1857 1.638338e-07
1858 1.281036e-07
1859 8.687105e-08
1860 6.289192e-08
1861 4.168437e-08
1862 2.731008e-08
1863 1.729472e-08
1864 0.000000e+00
1865 0.000000e+00
1866 0.000000e+00
1867 0.000000e+00
1868 0.000000e+00
1869 0.000000e+00
1870 0.000000e+00
1871 0.000000e+00
1872 0.000000e+00
1873 0.000000e+00
1874 0.000000e+00
1875 4.198640e-07
1876 4.371945e-07
1877 4.323192e-07
1878 4.000893e-07
1879 3.441815e-07
1880 2.807551e-07
1881 2.279854e-07
1882 1.898426e-07
1883 1.485312e-07
1884 1.007461e-07
1885 7.292053e-08
1886 4.834271e-08
1887 3.168396e-08
1888 2.006181e-08
1889 0.000000e+00
1890 0.000000e+00
1891 0.000000e+00
1892 0.000000e+00
1893 0.000000e+00
1894 0.000000e+00
1895 0.000000e+00
1896 0.000000e+00
1897 0.000000e+00
1898 0.000000e+00
1899 0.000000e+00
1900 1.335519e-07
1901 1.434554e-07
1902 1.474754e-07
1903 1.431993e-07
1904 1.296509e-07
1905 1.093688e-07
1906 8.851999e-08
1907 7.245098e-08
1908 6.033236e-08
1909 4.494605e-08
1910 3.024344e-08
1911 2.180356e-08
1912 1.445352e-08
1913 9.219729e-09
1914 5.881264e-09
1915 0.000000e+00
1916 0.000000e+00
1917 0.000000e+00
1918 0.000000e+00
1919 0.000000e+00
1920 0.000000e+00
1921 0.000000e+00
1922 0.000000e+00
1923 0.000000e+00
1924 0.000000e+00
1925 1.819014e-07
1926 1.953070e-07
1927 2.007918e-07
1928 1.950489e-07
1929 1.766761e-07
1930 1.491210e-07
1931 1.207093e-07
1932 9.874952e-08
1933 8.224375e-08
1934 6.137951e-08
1935 4.128489e-08
1936 2.980120e-08
1937 1.974345e-08
1938 1.260624e-08
1939 8.041125e-09
1940 0.000000e+00
1941 0.000000e+00
1942 0.000000e+00
1943 0.000000e+00
1944 0.000000e+00
1945 0.000000e+00
1946 0.000000e+00
1947 0.000000e+00
1948 0.000000e+00
1949 0.000000e+00
1950 2.244988e-07
1951 2.409812e-07
1952 2.477503e-07
1953 2.407126e-07
1954 2.180976e-07
1955 1.841304e-07
1956 1.490582e-07
1957 1.219209e-07
1958 1.015409e-07
1959 7.585777e-08
1960 5.100833e-08
1961 3.684773e-08
1962 2.440385e-08
1963 1.558984e-08
1964 9.944128e-09
1965 0.000000e+00
1966 0.000000e+00
1967 0.000000e+00
1968 0.000000e+00
1969 0.000000e+00
1970 0.000000e+00
1971 0.000000e+00
1972 0.000000e+00
1973 0.000000e+00
1974 0.000000e+00
1975 2.782411e-07
1976 2.986068e-07
1977 3.070023e-07
1978 2.983318e-07
1979 2.703603e-07
1980 2.283066e-07
1981 1.848354e-07
1982 1.511460e-07
1983 1.258946e-07
1984 9.412292e-08
1985 6.327842e-08
1986 4.573630e-08
1987 3.028321e-08
1988 1.935338e-08
1989 1.234459e-08
1990 0.000000e+00
1991 0.000000e+00
1992 0.000000e+00
1993 0.000000e+00
1994 0.000000e+00
1995 0.000000e+00
1996 0.000000e+00
1997 0.000000e+00
1998 0.000000e+00
1999 0.000000e+00
2000 9.462883e-08
2001 1.037456e-07
2002 1.094917e-07
2003 1.102046e-07
2004 1.042739e-07
2005 9.149283e-08
2006 7.532773e-08
2007 6.085113e-08
2008 5.047057e-08
2009 4.100352e-08
2010 2.851331e-08
2011 2.019069e-08
2012 1.363293e-08
2013 9.124252e-09
2014 5.743342e-09
2015 0.000000e+00
2016 0.000000e+00
2017 0.000000e+00
2018 0.000000e+00
2019 0.000000e+00
2020 0.000000e+00
2021 0.000000e+00
2022 0.000000e+00
2023 0.000000e+00
2024 0.000000e+00
2025 1.342257e-07
2026 1.470596e-07
2027 1.551637e-07
2028 1.561752e-07
2029 1.478234e-07
2030 1.297909e-07
2031 1.068966e-07
2032 8.634122e-08
2033 7.158834e-08
2034 5.822170e-08
2035 4.054049e-08
2036 2.866015e-08
2037 1.938165e-08
2038 1.297601e-08
2039 8.166328e-09
2040 0.000000e+00
2041 0.000000e+00
2042 0.000000e+00
2043 0.000000e+00
2044 0.000000e+00
2045 0.000000e+00
2046 0.000000e+00
2047 0.000000e+00
2048 0.000000e+00
2049 0.000000e+00
2050 1.841891e-07
2051 2.017049e-07
2052 2.127850e-07
2053 2.141680e-07
2054 2.027673e-07
2055 1.781107e-07
2056 1.467255e-07
2057 1.185008e-07
2058 9.823162e-08
2059 7.994538e-08
2060 5.571333e-08
2061 3.934637e-08
2062 2.663427e-08
2063 1.783533e-08
2064 1.122318e-08
2065 0.000000e+00
2066 0.000000e+00
2067 0.000000e+00
2068 0.000000e+00
2069 0.000000e+00
2070 0.000000e+00
2071 0.000000e+00
2072 0.000000e+00
2073 0.000000e+00
2074 0.000000e+00
2075 7.291337e-08
2076 8.118519e-08
2077 8.751216e-08
2078 9.039809e-08
2079 8.819408e-08
2080 8.021839e-08
2081 6.800399e-08
2082 5.506807e-08
2083 4.494289e-08
2084 3.746329e-08
2085 2.829041e-08
2086 1.889239e-08
2087 1.379335e-08
2088 9.113943e-09
2089 5.853136e-09
2090 3.747485e-09
2091 0.000000e+00
2092 0.000000e+00
2093 0.000000e+00
2094 0.000000e+00
2095 0.000000e+00
2096 0.000000e+00
2097 0.000000e+00
2098 0.000000e+00
2099 0.000000e+00
2100 1.190541e-07
2101 1.323861e-07
2102 1.426107e-07
2103 1.473063e-07
2104 1.437676e-07
2105 1.308226e-07
2106 1.109467e-07
2107 8.985767e-08
2108 7.330588e-08
2109 6.110728e-08
2110 4.621527e-08
2111 3.086273e-08
2112 2.255470e-08
2113 1.489390e-08
2114 9.574333e-09
2115 6.129084e-09
2116 0.000000e+00
2117 0.000000e+00
2118 0.000000e+00
2119 0.000000e+00
2120 0.000000e+00
2121 0.000000e+00
2122 0.000000e+00
2123 0.000000e+00
2124 0.000000e+00
2125 7.319604e-08
2126 8.250851e-08
2127 9.012098e-08
2128 9.475463e-08
2129 9.501722e-08
2130 8.943062e-08
2131 7.791814e-08
2132 6.388983e-08
2133 5.162510e-08
2134 4.291277e-08
2135 3.453399e-08
2136 2.374001e-08
2137 1.704672e-08
2138 1.136388e-08
2139 7.592866e-09
2140 4.796020e-09
2141 0.000000e+00
2142 0.000000e+00
2143 0.000000e+00
2144 0.000000e+00
2145 0.000000e+00
2146 0.000000e+00
2147 0.000000e+00
2148 0.000000e+00
2149 0.000000e+00
2150 3.904230e-08
2151 4.448428e-08
2152 4.929803e-08
2153 5.276188e-08
2154 5.390362e-08
2155 5.193659e-08
2156 4.667670e-08
2157 3.908189e-08
2158 3.153703e-08
2159 2.590599e-08
2160 2.154433e-08
2161 1.572078e-08
2162 1.063034e-08
2163 7.548564e-09
2164 5.051083e-09
2165 3.193931e-09
2166 2.047141e-09
2167 0.000000e+00
2168 0.000000e+00
2169 0.000000e+00
2170 0.000000e+00
2171 0.000000e+00
2172 0.000000e+00
2173 0.000000e+00
2174 0.000000e+00
2175 4.479582e-05
2176 3.956574e-05
2177 3.306513e-05
2178 2.701504e-05
2179 2.217384e-05
2180 1.768955e-05
2181 1.302673e-05
2182 9.026582e-06
2183 6.360114e-06
2184 4.238819e-06
2185 2.793408e-06
2186 0.000000e+00
2187 0.000000e+00
2188 0.000000e+00
2189 0.000000e+00
2190 0.000000e+00
2191 0.000000e+00
2192 0.000000e+00
2193 0.000000e+00
2194 0.000000e+00
2195 0.000000e+00
2196 0.000000e+00
2197 0.000000e+00
2198 0.000000e+00
2199 0.000000e+00
2200 2.550100e-05
2201 2.518988e-05
2202 2.332994e-05
2203 2.011707e-05
2204 1.644622e-05
2205 1.336936e-05
2206 1.112256e-05
2207 8.726327e-06
2208 5.978466e-06
2209 4.284849e-06
2210 2.874335e-06
2211 1.892766e-06
2212 1.205575e-06
2213 0.000000e+00
2214 0.000000e+00
2215 0.000000e+00
2216 0.000000e+00
2217 0.000000e+00
2218 0.000000e+00
2219 0.000000e+00
2220 0.000000e+00
2221 0.000000e+00
2222 0.000000e+00
2223 0.000000e+00
2224 0.000000e+00
2225 1.656691e-05
2226 1.723423e-05
2227 1.703527e-05
2228 1.576064e-05
2229 1.355328e-05
2230 1.105268e-05
2231 8.971791e-06
2232 7.473970e-06
2233 5.850223e-06
2234 3.961240e-06
2235 2.877160e-06
2236 1.902538e-06
2237 1.247491e-06
2238 7.901252e-07
2239 0.000000e+00
2240 0.000000e+00
2241 0.000000e+00
2242 0.000000e+00
2243 0.000000e+00
2244 0.000000e+00
2245 0.000000e+00
2246 0.000000e+00
2247 0.000000e+00
2248 0.000000e+00
2249 0.000000e+00
2250 1.129938e-05
2251 1.211037e-05
2252 1.244236e-05
2253 1.208436e-05
2254 1.094991e-05
2255 9.249015e-06
2256 7.485351e-06
2257 6.120092e-06
2258 5.098898e-06
2259 3.816500e-06
2260 2.559778e-06
2261 1.854003e-06
2262 1.227224e-06
2263 7.840404e-07
2264 5.004214e-07
2265 0.000000e+00
2266 0.000000e+00
2267 0.000000e+00
2268 0.000000e+00
2269 0.000000e+00
2270 0.000000e+00
2271 0.000000e+00
2272 0.000000e+00
2273 0.000000e+00
2274 0.000000e+00
2275 8.011033e-06
2276 8.755510e-06
2277 9.224874e-06
2278 9.280063e-06
2279 8.789059e-06
2280 7.721998e-06
2281 6.359642e-06
2282 5.135608e-06
2283 4.256636e-06
2284 3.469500e-06
2285 2.417126e-06
2286 1.705740e-06
2287 1.154926e-06
2288 7.743310e-07
2289 4.869282e-07
2290 0.000000e+00
2291 0.000000e+00
2292 0.000000e+00
2293 0.000000e+00
2294 0.000000e+00
2295 0.000000e+00
2296 0.000000e+00
2297 0.000000e+00
2298 0.000000e+00
2299 0.000000e+00
2300 5.851286e-06
2301 6.489319e-06
2302 6.980570e-06
2303 7.207663e-06
2304 7.032631e-06
2305 6.399655e-06
2306 5.428872e-06
2307 4.396883e-06
2308 3.585792e-06
2309 2.989326e-06
2310 2.263811e-06
2311 1.509635e-06
2312 1.105449e-06
2313 7.295765e-07
2314 4.692361e-07
2315 3.004684e-07
2316 0.000000e+00
2317 0.000000e+00
2318 0.000000e+00
2319 0.000000e+00
2320 0.000000e+00
2321 0.000000e+00
2322 0.000000e+00
2323 0.000000e+00
2324 0.000000e+00
2325 4.358842e-06
2326 4.896739e-06
2327 5.337592e-06
2328 5.605861e-06
2329 5.619156e-06
2330 5.291872e-06
2331 4.611910e-06
2332 3.781793e-06
2333 3.055249e-06
2334 2.539006e-06
2335 2.046137e-06
2336 1.407628e-06
2337 1.009424e-06
2338 6.733813e-07
2339 4.503838e-07
2340 2.843781e-07
2341 0.000000e+00
2342 0.000000e+00
2343 0.000000e+00
2344 0.000000e+00
2345 0.000000e+00
2346 0.000000e+00
2347 0.000000e+00
2348 0.000000e+00
2349 0.000000e+00
2350 2.964953e-06
2351 3.359984e-06
2352 3.711716e-06
2353 3.966894e-06
2354 4.050167e-06
2355 3.902054e-06
2356 3.508168e-06
2357 2.939628e-06
2358 2.371630e-06
2359 1.947114e-06
2360 1.619591e-06
2361 1.185319e-06
2362 7.997823e-07
2363 5.692453e-07
2364 3.806527e-07
2365 2.408340e-07
2366 1.544287e-07
2367 0.000000e+00
2368 0.000000e+00
2369 0.000000e+00
2370 0.000000e+00
2371 0.000000e+00
2372 0.000000e+00
2373 0.000000e+00
2374 0.000000e+00
2375 1.660321e-06
2376 1.901461e-06
2377 2.123283e-06
2378 2.299336e-06
2379 2.398132e-06
2380 2.377169e-06
2381 2.198506e-06
2382 1.887283e-06
2383 1.537473e-06
2384 1.245672e-06
2385 1.038869e-06
2386 8.114282e-07
2387 5.466768e-07
2388 4.019711e-07
2389 2.638591e-07
2390 1.733246e-07
2391 1.104426e-07
2392 0.000000e+00
2393 0.000000e+00
2394 0.000000e+00
2395 0.000000e+00
2396 0.000000e+00
2397 0.000000e+00
2398 0.000000e+00
2399 0.000000e+00
2400 7.074715e-07
2401 8.169717e-07
2402 9.232196e-07
2403 1.015189e-06
2404 1.075969e-06
2405 1.088949e-06
2406 1.039439e-06
2407 9.227224e-07
2408 7.638042e-07
2409 6.162712e-07
2410 5.087950e-07
2411 4.196306e-07
2412 2.968906e-07
2413 2.058087e-07
2414 1.419155e-07
2415 9.542295e-08
2416 6.005773e-08
2417 3.830871e-08
2418 0.000000e+00
2419 0.000000e+00
2420 0.000000e+00
2421 0.000000e+00
2422 0.000000e+00
2423 0.000000e+00
2424 0.000000e+00
2425 0.000000e+00
2426 0.000000e+00
2427 0.000000e+00
2428 0.000000e+00
2429 0.000000e+00
2430 0.000000e+00
2431 0.000000e+00
2432 2.749635e-07
2433 1.939079e-07
2434 1.296657e-07
2435 8.577330e-08
2436 0.000000e+00
2437 0.000000e+00
2438 0.000000e+00
2439 0.000000e+00
2440 0.000000e+00
2441 0.000000e+00
2442 0.000000e+00
2443 0.000000e+00
2444 0.000000e+00
2445 0.000000e+00
2446 0.000000e+00
2447 0.000000e+00
2448 0.000000e+00
2449 0.000000e+00
2450 0.000000e+00
2451 0.000000e+00
2452 0.000000e+00
2453 0.000000e+00
2454 0.000000e+00
2455 0.000000e+00
2456 0.000000e+00
2457 3.019394e-07
2458 2.079139e-07
2459 1.482897e-07
2460 9.993290e-08
2461 6.585115e-08
2462 4.199395e-08
2463 0.000000e+00
2464 0.000000e+00
2465 0.000000e+00
2466 0.000000e+00
2467 0.000000e+00
2468 0.000000e+00
2469 0.000000e+00
2470 0.000000e+00
2471 0.000000e+00
2472 0.000000e+00
2473 0.000000e+00
2474 0.000000e+00
2475 0.000000e+00
2476 0.000000e+00
2477 0.000000e+00
2478 0.000000e+00
2479 0.000000e+00
2480 0.000000e+00
2481 0.000000e+00
2482 2.838413e-07
2483 2.223767e-07
2484 1.509298e-07
2485 1.091930e-07
2486 7.241466e-08
2487 4.749698e-08
2488 3.006590e-08
2489 0.000000e+00
2490 0.000000e+00
2491 0.000000e+00
2492 0.000000e+00
2493 0.000000e+00
2494 0.000000e+00
2495 0.000000e+00
2496 0.000000e+00
2497 0.000000e+00
2498 0.000000e+00
2499 0.000000e+00
2500 0.000000e+00
2501 0.000000e+00
2502 0.000000e+00
2503 0.000000e+00
2504 0.000000e+00
2505 0.000000e+00
2506 0.000000e+00
2507 2.568782e-07
2508 2.139709e-07
2509 1.601880e-07
2510 1.076647e-07
2511 7.789183e-08
2512 5.154904e-08
2513 3.296874e-08
2514 2.102878e-08
2515 0.000000e+00
2516 0.000000e+00
2517 0.000000e+00
2518 0.000000e+00
2519 0.000000e+00
2520 0.000000e+00
2521 0.000000e+00
2522 0.000000e+00
2523 0.000000e+00
2524 0.000000e+00
2525 0.000000e+00
2526 0.000000e+00
2527 0.000000e+00
2528 0.000000e+00
2529 0.000000e+00
2530 0.000000e+00
2531 0.000000e+00
2532 2.348009e-07
2533 1.945822e-07
2534 1.585130e-07
2535 1.105955e-07
2536 7.799169e-08
2537 5.286794e-08
2538 3.541211e-08
2539 2.228028e-08
2540 0.000000e+00
2541 0.000000e+00
2542 0.000000e+00
2543 0.000000e+00
2544 0.000000e+00
2545 0.000000e+00
2546 0.000000e+00
2547 0.000000e+00
2548 0.000000e+00
2549 0.000000e+00
2550 0.000000e+00
2551 0.000000e+00
2552 0.000000e+00
2553 0.000000e+00
2554 0.000000e+00
2555 0.000000e+00
2556 0.000000e+00
2557 2.157489e-07
2558 1.759411e-07
2559 1.466704e-07
2560 1.110748e-07
2561 7.417578e-08
2562 5.425724e-08
2563 3.580852e-08
2564 2.303935e-08
2565 1.474682e-08
2566 0.000000e+00
2567 0.000000e+00
2568 0.000000e+00
2569 0.000000e+00
2570 0.000000e+00
2571 0.000000e+00
2572 0.000000e+00
2573 0.000000e+00
2574 0.000000e+00
2575 0.000000e+00
2576 0.000000e+00
2577 0.000000e+00
2578 0.000000e+00
2579 0.000000e+00
2580 0.000000e+00
2581 0.000000e+00
2582 1.976890e-07
2583 1.597111e-07
2584 1.327093e-07
2585 1.069687e-07
2586 7.361346e-08
2587 5.276282e-08
2588 3.522709e-08
2589 2.355487e-08
2590 1.487183e-08
2591 0.000000e+00
2592 0.000000e+00
2593 0.000000e+00
2594 0.000000e+00
2595 0.000000e+00
2596 0.000000e+00
2597 0.000000e+00
2598 0.000000e+00
2599 0.000000e+00
2600 0.000000e+00
2601 0.000000e+00
2602 0.000000e+00
2603 0.000000e+00
2604 0.000000e+00
2605 0.000000e+00
2606 0.000000e+00
2607 1.786306e-07
2608 1.441486e-07
2609 1.183253e-07
2610 9.841980e-08
2611 7.207748e-08
2612 4.862746e-08
2613 3.464520e-08
2614 2.315536e-08
2615 1.466132e-08
2616 9.400185e-09
2617 0.000000e+00
2618 0.000000e+00
2619 0.000000e+00
2620 0.000000e+00
2621 0.000000e+00
2622 0.000000e+00
2623 0.000000e+00
2624 0.000000e+00
2625 0.000000e+00
2626 0.000000e+00
2627 0.000000e+00
2628 0.000000e+00
2629 0.000000e+00
2630 0.000000e+00
2631 0.000000e+00
2632 1.536355e-07
2633 1.251853e-07
2634 1.014282e-07
2635 8.457036e-08
2636 6.611581e-08
2637 4.457937e-08
2638 3.273368e-08
2639 2.150625e-08
2640 1.413624e-08
2641 9.004480e-09
2642 0.000000e+00
2643 0.000000e+00
2644 0.000000e+00
2645 0.000000e+00
2646 0.000000e+00
2647 0.000000e+00
2648 0.000000e+00
2649 0.000000e+00
2650 0.000000e+00
2651 0.000000e+00
2652 0.000000e+00
2653 0.000000e+00
2654 0.000000e+00
2655 0.000000e+00
2656 0.000000e+00
2657 1.211431e-07
2658 1.007028e-07
2659 8.129450e-08
2660 6.698169e-08
2661 5.533775e-08
2662 3.962754e-08
2663 2.726017e-08
2664 1.900386e-08
2665 1.273540e-08
2666 8.043408e-09
2667 5.137139e-09
2668 0.000000e+00
2669 0.000000e+00
2670 0.000000e+00
2671 0.000000e+00
2672 0.000000e+00
2673 0.000000e+00
2674 0.000000e+00
2675 0.000000e+00
2676 0.000000e+00
2677 0.000000e+00
2678 0.000000e+00
2679 0.000000e+00
2680 0.000000e+00
2681 0.000000e+00
2682 1.709589e-10
2683 7.454756e-11
2684 2.169227e-11
2685 -1.990339e-12
2686 -1.242752e-11
2687 -1.242990e-11
2688 -7.921491e-12
2689 -8.171070e-13
2690 -4.355241e-14
2691 -4.499389e-14
2692 -4.822793e-14
2693 -5.170965e-14
2694 -5.353051e-14
2695 -3.588227e-12
2696 0.000000e+00
2697 0.000000e+00
2698 0.000000e+00
2699 0.000000e+00
2700 0.000000e+00
2701 0.000000e+00
2702 0.000000e+00
2703 0.000000e+00
2704 0.000000e+00
2705 0.000000e+00
2706 0.000000e+00
2707 1.856986e-09
2708 1.149307e-09
2709 6.639888e-10
2710 3.609936e-10
2711 1.813646e-10
2712 7.697224e-11
2713 2.033261e-11
2714 5.998152e-11
2715 -5.943480e-12
2716 -2.417180e-12
2717 -3.839808e-13
2718 1.481890e-12
2719 2.373738e-12
2720 2.100137e-11
2721 0.000000e+00
2722 0.000000e+00
2723 0.000000e+00
2724 0.000000e+00
2725 0.000000e+00
2726 0.000000e+00
2727 0.000000e+00
2728 0.000000e+00
2729 0.000000e+00
2730 0.000000e+00
2731 0.000000e+00
2732 4.588911e-09
2733 3.040983e-09
2734 1.961546e-09
2735 1.217848e-09
2736 7.423736e-10
2737 4.534356e-10
2738 2.877826e-10
2739 1.629945e-10
2740 1.062786e-10
2741 9.571982e-11
2742 9.181451e-11
2743 9.104079e-11
2744 8.985980e-11
2745 1.449160e-10
2746 0.000000e+00
2747 0.000000e+00
2748 0.000000e+00
2749 0.000000e+00
2750 0.000000e+00
2751 0.000000e+00
2752 0.000000e+00
2753 0.000000e+00
2754 0.000000e+00
2755 0.000000e+00
2756 0.000000e+00
2757 7.800297e-09
2758 5.259228e-09
2759 3.496927e-09
2760 2.251761e-09
2761 1.420864e-09
2762 8.868860e-10
2763 5.447649e-10
2764 3.481191e-10
2765 2.615415e-10
2766 2.219384e-10
2767 2.042097e-10
2768 1.978811e-10
2769 1.932296e-10
2770 2.056122e-10
2771 0.000000e+00
2772 0.000000e+00
2773 0.000000e+00
2774 0.000000e+00
2775 0.000000e+00
2776 0.000000e+00
2777 0.000000e+00
2778 0.000000e+00
2779 0.000000e+00
2780 0.000000e+00
2781 0.000000e+00
2782 1.141484e-08
2783 7.917164e-09
2784 5.304000e-09
2785 3.518613e-09
2786 2.264445e-09
2787 1.428673e-09
2788 8.991261e-10
2789 5.603274e-10
2790 4.123771e-10
2791 2.803675e-10
2792 2.333831e-10
2793 2.089020e-10
2794 1.935394e-10
2795 2.493227e-10
2796 0.000000e+00
2797 0.000000e+00
2798 0.000000e+00
2799 0.000000e+00
2800 0.000000e+00
2801 0.000000e+00
2802 0.000000e+00
2803 0.000000e+00
2804 0.000000e+00
2805 0.000000e+00
2806 0.000000e+00
2807 1.546516e-08
2808 1.103884e-08
2809 7.503429e-09
2810 5.020897e-09
2811 3.282348e-09
2812 2.101999e-09
2813 1.328272e-09
2814 1.393866e-09
2815 5.334835e-10
2816 3.868498e-10
2817 3.028172e-10
2818 2.562028e-10
2819 1.946641e-10
2820 2.865535e-10
2821 0.000000e+00
2822 0.000000e+00
2823 0.000000e+00
2824 0.000000e+00
2825 0.000000e+00
2826 0.000000e+00
2827 0.000000e+00
2828 0.000000e+00
2829 0.000000e+00
2830 0.000000e+00
2831 0.000000e+00
2832 2.006451e-08
2833 1.466392e-08
2834 1.018530e-08
2835 6.852334e-09
2836 4.560151e-09
2837 2.942335e-09
2838 1.878657e-09
2839 1.253899e-09
2840 1.776172e-09
2841 5.083750e-10
2842 3.736455e-10
2843 2.956503e-10
2844 2.484357e-10
2845 3.229238e-10
2846 0.000000e+00
2847 0.000000e+00
2848 0.000000e+00
2849 0.000000e+00
2850 0.000000e+00
2851 0.000000e+00
2852 0.000000e+00
2853 0.000000e+00
2854 0.000000e+00
2855 0.000000e+00
2856 0.000000e+00
2857 2.519389e-08
2858 1.874564e-08
2859 1.331270e-08
2860 9.053710e-09
2861 6.065478e-09
2862 3.968608e-09
2863 2.554302e-09
2864 1.603237e-09
2865 1.028797e-09
2866 7.039515e-10
2867 5.103682e-10
2868 3.979156e-10
2869 2.839484e-10
2870 3.596320e-10
2871 0.000000e+00
2872 0.000000e+00
2873 0.000000e+00
2874 0.000000e+00
2875 0.000000e+00
2876 0.000000e+00
2877 0.000000e+00
2878 0.000000e+00
2879 0.000000e+00
2880 0.000000e+00
2881 0.000000e+00
2882 3.120460e-08
2883 2.354258e-08
2884 1.707901e-08
2885 1.180306e-08
2886 7.942797e-09
2887 5.274925e-09
2888 3.404918e-09
2889 2.164309e-09
2890 1.397683e-09
2891 9.440204e-10
2892 6.692914e-10
2893 5.073442e-10
2894 4.089563e-10
2895 4.012006e-10
2896 0.000000e+00
2897 0.000000e+00
2898 0.000000e+00
2899 0.000000e+00
2900 0.000000e+00
2901 0.000000e+00
2902 0.000000e+00
2903 0.000000e+00
2904 0.000000e+00
2905 0.000000e+00
2906 0.000000e+00
2907 4.197201e-08
2908 3.217129e-08
2909 2.391259e-08
2910 1.702818e-08
2911 1.163240e-08
2912 7.808715e-09
2913 5.149653e-09
2914 3.278812e-09
2915 2.065188e-09
2916 1.348615e-09
2917 9.001331e-10
2918 6.273893e-10
2919 4.653432e-10
2920 4.782539e-10
2921 0.000000e+00
2922 0.000000e+00
2923 0.000000e+00
2924 0.000000e+00
2925 0.000000e+00
2926 0.000000e+00
2927 0.000000e+00
2928 0.000000e+00
2929 0.000000e+00
2930 0.000000e+00
2931 0.000000e+00
2932 1.348140e-07
2933 1.098950e-07
2934 8.691946e-08
2935 6.716033e-08
2936 5.061309e-08
2937 3.675198e-08
2938 2.541372e-08
2939 1.744049e-08
2940 1.153738e-08
2941 7.581761e-09
2942 4.761948e-09
2943 3.078834e-09
2944 1.915175e-09
2945 1.409627e-09
2946 0.000000e+00
2947 0.000000e+00
2948 0.000000e+00
2949 0.000000e+00
2950 0.000000e+00
2951 0.000000e+00
2952 0.000000e+00
2953 0.000000e+00
2954 0.000000e+00
2955 0.000000e+00
2956 -1.284294e-12
2957 -9.887114e-13
2958 -7.826841e-13
2959 -6.150257e-13
2960 -4.950818e-13
2961 0.000000e+00
2962 0.000000e+00
2963 0.000000e+00
2964 0.000000e+00
2965 0.000000e+00
2966 0.000000e+00
2967 0.000000e+00
2968 0.000000e+00
2969 0.000000e+00
2970 0.000000e+00
2971 0.000000e+00
2972 0.000000e+00
2973 0.000000e+00
2974 0.000000e+00
2975 0.000000e+00
2976 0.000000e+00
2977 0.000000e+00
2978 0.000000e+00
2979 0.000000e+00
2980 0.000000e+00
2981 -5.883490e-13
2982 -4.728772e-13
2983 -3.487879e-13
2984 -2.776815e-13
2985 -2.174053e-13
2986 -1.728086e-13
2987 -1.398238e-13
2988 0.000000e+00
2989 0.000000e+00
2990 0.000000e+00
2991 0.000000e+00
2992 0.000000e+00
2993 0.000000e+00
2994 0.000000e+00
2995 0.000000e+00
2996 0.000000e+00
2997 0.000000e+00
2998 0.000000e+00
2999 0.000000e+00
3000 0.000000e+00
3001 0.000000e+00
3002 0.000000e+00
3003 0.000000e+00
3004 0.000000e+00
3005 0.000000e+00
3006 -2.522395e-13
3007 -2.120030e-13
3008 -1.694443e-13
3009 -1.229498e-13
3010 -1.000127e-13
3011 -7.922513e-14
3012 -6.466045e-14
3013 -5.353319e-14
3014 0.000000e+00
3015 0.000000e+00
3016 0.000000e+00
3017 0.000000e+00
3018 0.000000e+00
3019 0.000000e+00
3020 0.000000e+00
3021 0.000000e+00
3022 0.000000e+00
3023 0.000000e+00
3024 0.000000e+00
3025 0.000000e+00
3026 0.000000e+00
3027 0.000000e+00
3028 0.000000e+00
3029 0.000000e+00
3030 0.000000e+00
3031 -6.448963e-14
3032 -5.324216e-14
3033 -4.497807e-14
3034 -3.473297e-14
3035 -2.676788e-14
3036 -2.390734e-14
3037 -2.155352e-14
3038 -1.955542e-14
3039 -1.800609e-14
3040 0.000000e+00
3041 0.000000e+00
3042 0.000000e+00
3043 0.000000e+00
3044 0.000000e+00
3045 0.000000e+00
3046 0.000000e+00
3047 0.000000e+00
3048 0.000000e+00
3049 0.000000e+00
3050 0.000000e+00
3051 0.000000e+00
3052 0.000000e+00
3053 0.000000e+00
3054 0.000000e+00
3055 0.000000e+00
3056 6.061518e-14
3057 4.890868e-14
3058 4.024310e-14
3059 3.283828e-14
3060 2.258216e-14
3061 1.417713e-14
3062 7.692499e-15
3063 2.690848e-15
3064 -8.740414e-16
3065 0.000000e+00
3066 0.000000e+00
3067 0.000000e+00
3068 0.000000e+00
3069 0.000000e+00
3070 0.000000e+00
3071 0.000000e+00
3072 0.000000e+00
3073 0.000000e+00
3074 0.000000e+00
3075 0.000000e+00
3076 0.000000e+00
3077 0.000000e+00
3078 0.000000e+00
3079 0.000000e+00
3080 0.000000e+00
3081 1.465782e-13
3082 1.187639e-13
3083 9.672114e-14
3084 8.066984e-14
3085 6.141755e-14
3086 4.060980e-14
3087 2.929728e-14
3088 1.838935e-14
3089 1.082748e-14
3090 5.846359e-15
3091 0.000000e+00
3092 0.000000e+00
3093 0.000000e+00
3094 0.000000e+00
3095 0.000000e+00
3096 0.000000e+00
3097 0.000000e+00
3098 0.000000e+00
3099 0.000000e+00
3100 0.000000e+00
3101 0.000000e+00
3102 0.000000e+00
3103 0.000000e+00
3104 0.000000e+00
3105 0.000000e+00
3106 2.048896e-13
3107 1.684059e-13
3108 1.359364e-13
3109 1.127335e-13
3110 9.138683e-14
3111 6.342094e-14
3112 4.478187e-14
3113 2.973652e-14
3114 1.964362e-14
3115 1.200597e-14
3116 0.000000e+00
3117 0.000000e+00
3118 0.000000e+00
3119 0.000000e+00
3120 0.000000e+00
3121 0.000000e+00
3122 0.000000e+00
3123 0.000000e+00
3124 0.000000e+00
3125 0.000000e+00
3126 0.000000e+00
3127 0.000000e+00
3128 0.000000e+00
3129 0.000000e+00
3130 0.000000e+00
3131 2.439864e-13
3132 2.046952e-13
3133 1.653349e-13
3134 1.356853e-13
3135 1.128351e-13
3136 8.301744e-14
3137 5.584915e-14
3138 4.021971e-14
3139 2.658534e-14
3140 1.669844e-14
3141 1.062934e-14
3142 0.000000e+00
3143 0.000000e+00
3144 0.000000e+00
3145 0.000000e+00
3146 0.000000e+00
3147 0.000000e+00
3148 0.000000e+00
3149 0.000000e+00
3150 0.000000e+00
3151 0.000000e+00
3152 0.000000e+00
3153 0.000000e+00
3154 0.000000e+00
3155 0.000000e+00
3156 2.716034e-13
3157 2.337970e-13
3158 1.906205e-13
3159 1.542056e-13
3160 1.285973e-13
3161 1.013254e-13
3162 6.857022e-14
3163 4.999717e-14
3164 3.293341e-14
3165 2.184088e-14
3166 1.379077e-14
3167 0.000000e+00
3168 0.000000e+00
3169 0.000000e+00
3170 0.000000e+00
3171 0.000000e+00
3172 0.000000e+00
3173 0.000000e+00
3174 0.000000e+00
3175 0.000000e+00
3176 0.000000e+00
3177 0.000000e+00
3178 0.000000e+00
3179 0.000000e+00
3180 0.000000e+00
3181 2.866333e-13
3182 2.561030e-13
3183 2.135192e-13
3184 1.724738e-13
3185 1.418461e-13
3186 1.173559e-13
3187 8.494526e-14
3188 5.806529e-14
3189 4.088105e-14
3190 2.727048e-14
3191 1.729287e-14
3192 1.108268e-14
3193 0.000000e+00
3194 0.000000e+00
3195 0.000000e+00
3196 0.000000e+00
3197 0.000000e+00
3198 0.000000e+00
3199 0.000000e+00
3200 0.000000e+00
3201 0.000000e+00
3202 0.000000e+00
3203 0.000000e+00
3204 0.000000e+00
3205 0.000000e+00
3206 -2.663938e-14
3207 -2.145985e-14
3208 -1.714929e-14
3209 -1.351586e-14
3210 -1.043953e-14
3211 -7.842699e-15
3212 -5.689024e-15
3213 -3.950782e-15
3214 -2.602983e-15
3215 -1.612696e-15
3216 -9.331590e-16
3217 -5.032359e-16
3218 -2.543330e-16
3219 -1.216854e-16
3220 -5.517252e-17
3221 -2.317829e-17
3222 0.000000e+00
3223 0.000000e+00
3224 0.000000e+00
3225 0.000000e+00
3226 0.000000e+00
3227 0.000000e+00
3228 0.000000e+00
3229 0.000000e+00
3230 0.000000e+00
3231 -4.926978e-14
3232 -3.967607e-14
3233 -3.197627e-14
3234 -2.572222e-14
3235 -2.062038e-14
3236 -1.638533e-14
3237 -1.281270e-14
3238 -9.790806e-15
3239 -7.251229e-15
3240 -5.160179e-15
3241 -3.496580e-15
3242 -2.237040e-15
3243 -1.343077e-15
3244 -7.558219e-16
3245 -4.007876e-16
3246 -2.017920e-16
3247 0.000000e+00
3248 0.000000e+00
3249 0.000000e+00
3250 0.000000e+00
3251 0.000000e+00
3252 0.000000e+00
3253 0.000000e+00
3254 0.000000e+00
3255 0.000000e+00
3256 -6.309621e-14
3257 -5.038267e-14
3258 -4.048164e-14
3259 -3.256826e-14
3260 -2.617275e-14
3261 -2.096435e-14
3262 -1.666010e-14
3263 -1.304299e-14
3264 -9.996078e-15
3265 -7.442019e-15
3266 -5.339465e-15
3267 -3.661623e-15
3268 -2.380445e-15
3269 -1.456006e-15
3270 -8.340226e-16
3271 -4.473609e-16
3272 0.000000e+00
3273 0.000000e+00
3274 0.000000e+00
3275 0.000000e+00
3276 0.000000e+00
3277 0.000000e+00
3278 0.000000e+00
3279 0.000000e+00
3280 0.000000e+00
3281 -7.341686e-14
3282 -5.856572e-14
3283 -4.683515e-14
3284 -3.763138e-14
3285 -3.025581e-14
3286 -2.429928e-14
3287 -1.942288e-14
3288 -1.536756e-14
3289 -1.195946e-14
3290 -9.092678e-15
3291 -6.704719e-15
3292 -4.758594e-15
3293 -3.223646e-15
3294 -2.067477e-15
3295 -1.245970e-15
3296 -7.020128e-16
3297 0.000000e+00
3298 0.000000e+00
3299 0.000000e+00
3300 0.000000e+00
3301 0.000000e+00
3302 0.000000e+00
3303 0.000000e+00
3304 0.000000e+00
3305 0.000000e+00
3306 -8.152078e-14
3307 -6.505048e-14
3308 -5.192080e-14
3309 -4.161468e-14
3310 -3.347223e-14
3311 -2.691492e-14
3312 -2.158860e-14
3313 -1.718186e-14
3314 -1.349190e-14
3315 -1.038691e-14
3316 -7.786370e-15
3317 -5.642469e-15
3318 -3.922337e-15
3319 -2.594107e-15
3320 -1.619173e-15
3321 -9.473467e-16
3322 0.000000e+00
3323 0.000000e+00
3324 0.000000e+00
3325 0.000000e+00
3326 0.000000e+00
3327 0.000000e+00
3328 0.000000e+00
3329 0.000000e+00
3330 0.000000e+00
3331 -8.796146e-14
3332 -7.020281e-14
3333 -5.598779e-14
3334 -4.480823e-14
3335 -3.603438e-14
3336 -2.901263e-14
3337 -2.333057e-14
3338 -1.864955e-14
3339 -1.473871e-14
3340 -1.144654e-14
3341 -8.679635e-15
3342 -6.381271e-15
3343 -4.515165e-15
3344 -3.051333e-15
3345 -1.953423e-15
3346 -1.176342e-15
3347 0.000000e+00
3348 0.000000e+00
3349 0.000000e+00
3350 0.000000e+00
3351 0.000000e+00
3352 0.000000e+00
3353 0.000000e+00
3354 0.000000e+00
3355 0.000000e+00
3356 -9.288369e-14
3357 -7.412960e-14
3358 -5.907521e-14
3359 -4.723156e-14
3360 -3.800850e-14
3361 -3.064241e-14
3362 -2.471070e-14
3363 -1.982998e-14
3364 -1.575870e-14
3365 -1.232380e-14
3366 -9.426945e-15
3367 -7.006817e-15
3368 -5.024220e-15
3369 -3.449858e-15
3370 -2.251163e-15
3371 -1.385853e-15
3372 0.000000e+00
3373 0.000000e+00
3374 0.000000e+00
3375 0.000000e+00
3376 0.000000e+00
3377 0.000000e+00
3378 0.000000e+00
3379 0.000000e+00
3380 0.000000e+00
3381 -9.606402e-14
3382 -7.667230e-14
3383 -6.104987e-14
3384 -4.875513e-14
3385 -3.928032e-14
3386 -3.175505e-14
3387 -2.567942e-14
3388 -2.069893e-14
3389 -1.653800e-14
3390 -1.301482e-14
3391 -1.003004e-14
3392 -7.519942e-15
3393 -5.448190e-15
3394 -3.786823e-15
3395 -2.506526e-15
3396 -1.568857e-15
3397 0.000000e+00
3398 0.000000e+00
3399 0.000000e+00
3400 0.000000e+00
3401 0.000000e+00
3402 0.000000e+00
3403 0.000000e+00
3404 0.000000e+00
3405 0.000000e+00
3406 -9.733564e-14
3407 -7.766072e-14
3408 -6.178075e-14
3409 -4.925505e-14
3410 -3.972024e-14
3411 -3.227111e-14
3412 -2.619643e-14
3413 -2.124667e-14
3414 -1.708230e-14
3415 -1.353483e-14
3416 -1.050778e-14
3417 -7.942456e-15
3418 -5.805972e-15
3419 -4.076420e-15
3420 -2.729666e-15
3421 -1.731140e-15
3422 0.000000e+00
3423 0.000000e+00
3424 0.000000e+00
3425 0.000000e+00
3426 0.000000e+00
3427 0.000000e+00
3428 0.000000e+00
3429 0.000000e+00
3430 0.000000e+00
3431 -9.413210e-14
3432 -7.482989e-14
3433 -5.940262e-14
3434 -4.719312e-14
3435 -3.802933e-14
3436 -3.122478e-14
3437 -2.571715e-14
3438 -2.110952e-14
3439 -1.721977e-14
3440 -1.383997e-14
3441 -1.088750e-14
3442 -8.337081e-15
3443 -6.174218e-15
3444 -4.393312e-15
3445 -2.983372e-15
3446 -1.920454e-15
3447 0.000000e+00
3448 0.000000e+00
3449 0.000000e+00
3450 0.000000e+00
3451 0.000000e+00
3452 0.000000e+00
3453 0.000000e+00
3454 0.000000e+00
3455 0.000000e+00
3456 0.000000e+00
3457 -1.177958e-15
3458 2.429067e-15
3459 3.357260e-15
3460 3.461547e-15
3461 1.754899e-15
3462 -2.525609e-15
3463 -5.963080e-15
3464 -7.297576e-15
3465 -8.034729e-15
3466 -7.835166e-15
3467 -6.946182e-15
3468 -5.753862e-15
3469 -4.469744e-15
3470 -3.259504e-15
3471 0.000000e+00
3472 0.000000e+00
3473 0.000000e+00
3474 0.000000e+00
3475 0.000000e+00
3476 0.000000e+00
3477 0.000000e+00
3478 0.000000e+00
3479 0.000000e+00
3480 0.000000e+00
3481 2.059439e-19
3482 1.783559e-19
3483 1.486610e-19
3484 1.196093e-19
3485 9.787590e-20
3486 7.880697e-20
3487 5.653857e-20
3488 3.829467e-20
3489 2.627490e-20
3490 1.686804e-20
3491 1.058283e-20
3492 6.281668e-21
3493 3.730180e-21
3494 2.347469e-21
3495 1.373768e-21
3496 7.606804e-22
3497 4.370613e-22
3498 1.943090e-22
3499 1.239105e-22
