0 2.642301e-09
1 1.971920e-09
2 1.426058e-09
3 9.999680e-10
4 6.859269e-10
5 4.648403e-10
6 3.119611e-10
7 2.090188e-10
8 1.411368e-10
9 9.656440e-11
10 6.711437e-11
11 4.737959e-11
12 3.378392e-11
13 2.412205e-11
14 1.707779e-11
15 1.188009e-11
16 8.065681e-12
17 5.324160e-12
18 3.414697e-12
19 2.131029e-12
20 1.297068e-12
21 7.715490e-13
22 0.000000e+00
23 0.000000e+00
24 0.000000e+00
25 4.446321e-09
26 3.392027e-09
27 2.515308e-09
28 1.801569e-09
29 1.247388e-09
30 8.472421e-10
31 5.707875e-10
32 3.805608e-10
33 2.541699e-10
34 1.716588e-10
35 1.178320e-10
36 8.233935e-11
37 5.853533e-11
38 4.202563e-11
39 3.016153e-11
40 2.139876e-11
41 1.486075e-11
42 1.003080e-11
43 6.558450e-12
44 4.154186e-12
45 2.556431e-12
46 1.534096e-12
47 0.000000e+00
48 0.000000e+00
49 0.000000e+00
50 4.832775e-09
51 3.688733e-09
52 2.740045e-09
53 1.964998e-09
54 1.357198e-09
55 9.163274e-10
56 6.152663e-10
57 4.093320e-10
58 2.721327e-10
59 1.833489e-10
60 1.257845e-10
61 8.794556e-11
62 6.265895e-11
63 4.515192e-11
64 3.254358e-11
65 2.318289e-11
66 1.614734e-11
67 1.090928e-11
68 7.120250e-12
69 4.489489e-12
70 2.743779e-12
71 1.633176e-12
72 0.000000e+00
73 0.000000e+00
74 0.000000e+00
75 5.049345e-09
76 3.854936e-09
77 2.865404e-09
78 2.056122e-09
79 1.418545e-09
80 9.547860e-10
81 6.398509e-10
82 4.251794e-10
83 2.820438e-10
84 1.897616e-10
85 1.301320e-10
86 9.102614e-11
87 6.492553e-11
88 4.687379e-11
89 3.386018e-11
90 2.417161e-11
91 1.686115e-11
92 1.139747e-11
93 7.432055e-12
94 4.675209e-12
95 2.846979e-12
96 1.687154e-12
97 0.000000e+00
98 0.000000e+00
99 0.000000e+00
100 5.196986e-09
101 3.968250e-09
102 2.951600e-09
103 2.118726e-09
104 1.460513e-09
105 9.812668e-10
106 6.569267e-10
107 4.361768e-10
108 2.889228e-10
109 1.942352e-10
110 1.331559e-10
111 9.315828e-11
112 6.649361e-11
113 4.806439e-11
114 3.476859e-11
115 2.485261e-11
116 1.735326e-11
117 1.173347e-11
118 7.646966e-12
119 4.803688e-12
120 2.918710e-12
121 1.725114e-12
122 0.000000e+00
123 0.000000e+00
124 0.000000e+00
125 5.309930e-09
126 4.054643e-09
127 3.017026e-09
128 2.166314e-09
129 1.492544e-09
130 1.001581e-09
131 6.698273e-10
132 4.445548e-10
133 2.941227e-10
134 1.976080e-10
135 1.354591e-10
136 9.478173e-11
137 6.768424e-11
138 4.897104e-11
139 3.546013e-11
140 2.537039e-11
141 1.772657e-11
142 1.198913e-11
143 7.811174e-12
144 4.901233e-12
145 2.973322e-12
146 1.753960e-12
147 0.000000e+00
148 0.000000e+00
149 0.000000e+00
150 5.401476e-09
151 4.125529e-09
152 3.070274e-09
153 2.205099e-09
154 1.518673e-09
155 1.018055e-09
156 6.804366e-10
157 4.513727e-10
158 2.984157e-10
159 2.003893e-10
160 1.373489e-10
161 9.611170e-11
162 6.866933e-11
163 4.970910e-11
164 3.602339e-11
165 2.579256e-11
166 1.803207e-11
167 1.219758e-11
168 7.944719e-12
169 4.981362e-12
170 3.018031e-12
171 1.777481e-12
172 0.000000e+00
173 0.000000e+00
174 0.000000e+00
175 5.476636e-09
176 4.183165e-09
177 3.113893e-09
178 2.236800e-09
179 1.540037e-09
180 1.031527e-09
181 6.890791e-10
182 4.569331e-10
183 3.019107e-10
184 2.026619e-10
185 1.388880e-10
186 9.719059e-11
187 6.946262e-11
188 5.031454e-11
189 3.648450e-11
190 2.613874e-11
191 1.828149e-11
192 1.236842e-11
193 8.053988e-12
194 5.046691e-12
195 3.054475e-12
196 1.796796e-12
197 0.000000e+00
198 0.000000e+00
199 0.000000e+00
200 5.541190e-09
201 4.232635e-09
202 3.151356e-09
203 2.264103e-09
204 1.558344e-09
205 1.042981e-09
206 6.965206e-10
207 4.617341e-10
208 3.049013e-10
209 2.045873e-10
210 1.402026e-10
211 9.812391e-11
212 7.014312e-11
213 5.083277e-11
214 3.687795e-11
215 2.643409e-11
216 1.849541e-11
217 1.251483e-11
218 8.147862e-12
219 5.102578e-12
220 3.085729e-12
221 1.813211e-12
222 0.000000e+00
223 0.000000e+00
224 0.000000e+00
225 5.625082e-09
226 4.296902e-09
227 3.200081e-09
228 2.299357e-09
229 1.582099e-09
230 1.058050e-09
231 7.061528e-10
232 4.679327e-10
233 3.087879e-10
234 2.071304e-10
235 1.419157e-10
236 9.933642e-11
237 7.103544e-11
238 5.150612e-11
239 3.739285e-11
240 2.681994e-11
241 1.877335e-11
242 1.270427e-11
243 8.269633e-12
244 5.175429e-12
245 3.126571e-12
246 1.834723e-12
247 0.000000e+00
248 0.000000e+00
249 0.000000e+00
250 1.071352e-08
251 8.512528e-09
252 6.601529e-09
253 4.988470e-09
254 3.645049e-09
255 2.565344e-09
256 1.761835e-09
257 1.195355e-09
258 7.991798e-10
259 5.324755e-10
260 3.567379e-10
261 2.421217e-10
262 1.671939e-10
263 1.177444e-10
264 8.424938e-11
265 6.072179e-11
266 4.360076e-11
267 3.084107e-11
268 2.129455e-11
269 1.426638e-11
270 9.254022e-12
271 5.817759e-12
272 0.000000e+00
273 0.000000e+00
274 0.000000e+00
275 1.317814e-08
276 1.057005e-08
277 8.266233e-09
278 6.311858e-09
279 4.675862e-09
280 3.332104e-09
281 2.299721e-09
282 1.566002e-09
283 1.051490e-09
284 6.995413e-10
285 4.669102e-10
286 3.150572e-10
287 2.160005e-10
288 1.511097e-10
289 1.076906e-10
290 7.761749e-11
291 5.598872e-11
292 3.995503e-11
293 2.790441e-11
294 1.893682e-11
295 1.243487e-11
296 7.904399e-12
297 0.000000e+00
298 0.000000e+00
299 0.000000e+00
300 1.446164e-08
301 1.163281e-08
302 9.121541e-09
303 6.987899e-09
304 5.199394e-09
305 3.718475e-09
306 2.566884e-09
307 1.747486e-09
308 1.174899e-09
309 7.804833e-10
310 5.198557e-10
311 3.502059e-10
312 2.396355e-10
313 1.673757e-10
314 1.192095e-10
315 8.597456e-11
316 6.218301e-11
317 4.451840e-11
318 3.121051e-11
319 2.125464e-11
320 1.399582e-11
321 8.910072e-12
322 0.000000e+00
323 0.000000e+00
324 0.000000e+00
325 1.533290e-08
326 1.235374e-08
327 9.697788e-09
328 7.443263e-09
329 5.551899e-09
330 3.979024e-09
331 2.746328e-09
332 1.869697e-09
333 1.257535e-09
334 8.346536e-10
335 5.553556e-10
336 3.737236e-10
337 2.554184e-10
338 1.782104e-10
339 1.269127e-10
340 9.160844e-11
341 6.632349e-11
342 4.757815e-11
343 3.342595e-11
344 2.280702e-11
345 1.504014e-11
346 9.583977e-12
347 0.000000e+00
348 0.000000e+00
349 0.000000e+00
350 1.599848e-08
351 1.290506e-08
352 1.014114e-08
353 7.792433e-09
354 5.822439e-09
355 4.177548e-09
356 2.884561e-09
357 1.963051e-09
358 1.321185e-09
359 8.763769e-10
360 5.828027e-10
361 3.918371e-10
362 2.676072e-10
363 1.865961e-10
364 1.328478e-10
365 9.593033e-11
366 6.951671e-11
367 4.992861e-11
368 3.513087e-11
369 2.400309e-11
370 1.584659e-11
371 1.010404e-11
372 0.000000e+00
373 0.000000e+00
374 0.000000e+00
375 1.654244e-08
376 1.335373e-08
377 1.049947e-08
378 8.077399e-09
379 6.042685e-09
380 4.339970e-09
381 2.996893e-09
382 2.039409e-09
383 1.372931e-09
384 9.103579e-10
385 6.050597e-10
386 4.066025e-10
387 2.774617e-10
388 1.934101e-10
389 1.376856e-10
390 9.945096e-11
391 7.211696e-11
392 5.184628e-11
393 3.652362e-11
394 2.497489e-11
395 1.650306e-11
396 1.052570e-11
397 0.000000e+00
398 0.000000e+00
399 0.000000e+00
400 1.698584e-08
401 1.371990e-08
402 1.079450e-08
403 8.309646e-09
404 6.222222e-09
405 4.472645e-09
406 3.088642e-09
407 2.101680e-09
408 1.415174e-09
409 9.380584e-10
410 6.231864e-10
411 4.186006e-10
412 2.855807e-10
413 1.989810e-10
414 1.416263e-10
415 1.023233e-10
416 7.423991e-11
417 5.341648e-11
418 3.765633e-11
419 2.577304e-11
420 1.703805e-11
421 1.087208e-11
422 0.000000e+00
423 0.000000e+00
424 0.000000e+00
425 1.736739e-08
426 1.403673e-08
427 1.104866e-08
428 8.510330e-09
429 6.377825e-09
430 4.587284e-09
431 3.167940e-09
432 2.155504e-09
433 1.451682e-09
434 9.620478e-10
435 6.389622e-10
436 4.290086e-10
437 2.925787e-10
438 2.037749e-10
439 1.450401e-10
440 1.048035e-10
441 7.607586e-11
442 5.477023e-11
443 3.863780e-11
444 2.646010e-11
445 1.750011e-11
446 1.117066e-11
447 0.000000e+00
448 0.000000e+00
449 0.000000e+00
450 1.786025e-08
451 1.444362e-08
452 1.137521e-08
453 8.768178e-09
454 6.577796e-09
455 4.734738e-09
456 3.270068e-09
457 2.224766e-09
458 1.498751e-09
459 9.928651e-10
460 6.591560e-10
461 4.424203e-10
462 3.015987e-10
463 2.099669e-10
464 1.494289e-10
465 1.079956e-10
466 7.843399e-11
467 5.648061e-11
468 3.989577e-11
469 2.734498e-11
470 1.809517e-11
471 1.155460e-11
472 0.000000e+00
473 0.000000e+00
474 0.000000e+00
475 1.794182e-08
476 1.470792e-08
477 1.170797e-08
478 9.093458e-09
479 6.888578e-09
480 5.052936e-09
481 3.568444e-09
482 2.452525e-09
483 1.665665e-09
484 1.114300e-09
485 7.417529e-10
486 4.959447e-10
487 3.357813e-10
488 2.312346e-10
489 1.624742e-10
490 1.161489e-10
491 8.381153e-11
492 6.041440e-11
493 4.299304e-11
494 2.991269e-11
495 2.021097e-11
496 1.321576e-11
497 0.000000e+00
498 0.000000e+00
499 0.000000e+00
500 2.072514e-08
501 1.714552e-08
502 1.374940e-08
503 1.074834e-08
504 8.206066e-09
505 6.080950e-09
506 4.337120e-09
507 2.993789e-09
508 2.038979e-09
509 1.368881e-09
510 9.106169e-10
511 6.070856e-10
512 4.093511e-10
513 2.802776e-10
514 1.958630e-10
515 1.395129e-10
516 1.006091e-10
517 7.270758e-11
518 5.206304e-11
519 3.653235e-11
520 2.493638e-11
521 1.647345e-11
522 0.000000e+00
523 0.000000e+00
524 0.000000e+00
525 2.255318e-08
526 1.873803e-08
527 1.507647e-08
528 1.182042e-08
529 9.055599e-09
530 6.742228e-09
531 4.828748e-09
532 3.337237e-09
533 2.274515e-09
534 1.529623e-09
535 1.016580e-09
536 6.766820e-10
537 4.554529e-10
538 3.111033e-10
539 2.168970e-10
540 1.542883e-10
541 1.112825e-10
542 8.056330e-11
543 5.786898e-11
544 4.077785e-11
545 2.794804e-11
546 1.853579e-11
547 0.000000e+00
548 0.000000e+00
549 0.000000e+00
550 2.393976e-08
551 1.994632e-08
552 1.608036e-08
553 1.263128e-08
554 9.699548e-09
555 7.243133e-09
556 5.200780e-09
557 3.597017e-09
558 2.452274e-09
559 1.650779e-09
560 1.096516e-09
561 7.292248e-10
562 4.901846e-10
563 3.343092e-10
564 2.327882e-10
565 1.654553e-10
566 1.193476e-10
567 8.650929e-11
568 6.226632e-11
569 4.398430e-11
570 3.022393e-11
571 2.009466e-11
572 0.000000e+00
573 0.000000e+00
574 0.000000e+00
575 2.507240e-08
576 2.093171e-08
577 1.690299e-08
578 1.329314e-08
579 1.022439e-08
580 7.650964e-09
581 5.505022e-09
582 3.809337e-09
583 2.597906e-09
584 1.749927e-09
585 1.161817e-09
586 7.721051e-10
587 5.185651e-10
588 3.532796e-10
589 2.456795e-10
590 1.745771e-10
591 1.259368e-10
592 9.134734e-11
593 6.584596e-11
594 4.660098e-11
595 3.207758e-11
596 2.136004e-11
597 0.000000e+00
598 0.000000e+00
599 0.000000e+00
600 2.599678e-08
601 2.173637e-08
602 1.757338e-08
603 1.383461e-08
604 1.065451e-08
605 7.986707e-09
606 5.753359e-09
607 3.982730e-09
608 2.716207e-09
609 1.830659e-09
610 1.215232e-09
611 8.073415e-10
612 5.418255e-10
613 3.688409e-10
614 2.563402e-10
615 1.820314e-10
616 1.313333e-10
617 9.533219e-11
618 6.877891e-11
619 4.874044e-11
620 3.360495e-11
621 2.240853e-11
622 0.000000e+00
623 0.000000e+00
624 0.000000e+00
625 2.679018e-08
626 2.242955e-08
627 1.815032e-08
628 1.430014e-08
629 1.102421e-08
630 8.273635e-09
631 5.966693e-09
632 4.131801e-09
633 2.818657e-09
634 1.900620e-09
635 1.261078e-09
636 8.374059e-10
637 5.617003e-10
638 3.821470e-10
639 2.654694e-10
640 1.884090e-10
641 1.359564e-10
642 9.873000e-11
643 7.129858e-11
644 5.057703e-11
645 3.490974e-11
646 2.330168e-11
647 0.000000e+00
648 0.000000e+00
649 0.000000e+00
650 2.782086e-08
651 2.332617e-08
652 1.889753e-08
653 1.490248e-08
654 1.150231e-08
655 8.645966e-09
656 6.243986e-09
657 4.325958e-09
658 2.951956e-09
659 1.991044e-09
660 1.320944e-09
661 8.765564e-10
662 5.876841e-10
663 3.994791e-10
664 2.773147e-10
665 1.967397e-10
666 1.419647e-10
667 1.031681e-10
668 7.455950e-11
669 5.296582e-11
670 3.660371e-11
671 2.445980e-11
672 0.000000e+00
673 0.000000e+00
674 0.000000e+00
675 2.507801e-08
676 2.108778e-08
677 1.714968e-08
678 1.356220e-08
679 1.047029e-08
680 7.875960e-09
681 5.724976e-09
682 4.009157e-09
683 2.744233e-09
684 1.857317e-09
685 1.238678e-09
686 8.241372e-10
687 5.521150e-10
688 3.746740e-10
689 2.590477e-10
690 1.827849e-10
691 1.310987e-10
692 9.476033e-11
693 6.830530e-11
694 4.852927e-11
695 3.368666e-11
696 2.268603e-11
697 0.000000e+00
698 0.000000e+00
699 0.000000e+00
700 2.807491e-08
701 2.380924e-08
702 1.950528e-08
703 1.551718e-08
704 1.204656e-08
705 9.125220e-09
706 6.692332e-09
707 4.721918e-09
708 3.240792e-09
709 2.200016e-09
710 1.470029e-09
711 9.773811e-10
712 6.526963e-10
713 4.413809e-10
714 3.035661e-10
715 2.131908e-10
716 1.524551e-10
717 1.101849e-10
718 7.964527e-11
719 5.691646e-11
720 3.980659e-11
721 2.704750e-11
722 0.000000e+00
723 0.000000e+00
724 0.000000e+00
725 3.030515e-08
726 2.582770e-08
727 2.124574e-08
728 1.695716e-08
729 1.320567e-08
730 1.004183e-08
731 7.400291e-09
732 5.241019e-09
733 3.600775e-09
734 2.447791e-09
735 1.637225e-09
736 1.087797e-09
737 7.251283e-10
738 4.893657e-10
739 3.357078e-10
740 2.351878e-10
741 1.679508e-10
742 1.214171e-10
743 8.793345e-11
744 6.304075e-11
745 4.427351e-11
746 3.021856e-11
747 0.000000e+00
748 0.000000e+00
749 0.000000e+00
750 3.212097e-08
751 2.746894e-08
752 2.266238e-08
753 1.812622e-08
754 1.414478e-08
755 1.078608e-08
756 7.974974e-09
757 5.662033e-09
758 3.892412e-09
759 2.648619e-09
760 1.772643e-09
761 1.177136e-09
762 7.837669e-10
763 5.282248e-10
764 3.616270e-10
765 2.530150e-10
766 1.805392e-10
767 1.305238e-10
768 9.464731e-11
769 6.800784e-11
770 4.789839e-11
771 3.278557e-11
772 0.000000e+00
773 0.000000e+00
774 0.000000e+00
775 3.360498e-08
776 2.881127e-08
777 2.381978e-08
778 1.908331e-08
779 1.491466e-08
780 1.139463e-08
781 8.445487e-09
782 6.006387e-09
783 4.131043e-09
784 2.812908e-09
785 1.883791e-09
786 1.250265e-09
787 8.318276e-10
788 5.602111e-10
789 3.829888e-10
790 2.675696e-10
791 1.908510e-10
792 1.380020e-10
793 1.001447e-10
794 7.207796e-11
795 5.087070e-11
796 3.490173e-11
797 0.000000e+00
798 0.000000e+00
799 0.000000e+00
800 3.488335e-08
801 2.997093e-08
802 2.481762e-08
803 1.990985e-08
804 1.557982e-08
805 1.192053e-08
806 8.851526e-09
807 6.304487e-09
808 4.337627e-09
809 2.954714e-09
810 1.979285e-09
811 1.313720e-09
812 8.733076e-10
813 5.876110e-10
814 4.014787e-10
815 2.802533e-10
816 1.997341e-10
817 1.444442e-10
818 1.049047e-10
819 7.558781e-11
820 5.343131e-11
821 3.671979e-11
822 0.000000e+00
823 0.000000e+00
824 0.000000e+00
825 3.653364e-08
826 3.146413e-08
827 2.610586e-08
828 2.097308e-08
829 1.643434e-08
830 1.259599e-08
831 9.373358e-09
832 6.688223e-09
833 4.603810e-09
834 3.137842e-09
835 2.102551e-09
836 1.394842e-09
837 9.266352e-10
838 6.229244e-10
839 4.250145e-10
840 2.963962e-10
841 2.111550e-10
842 1.527256e-10
843 1.109975e-10
844 8.010094e-11
845 5.671923e-11
846 3.905843e-11
847 0.000000e+00
848 0.000000e+00
849 0.000000e+00
850 3.230194e-08
851 2.775197e-08
852 2.301335e-08
853 1.849461e-08
854 1.448079e-08
855 1.107197e-08
856 8.223622e-09
857 5.886698e-09
858 4.073993e-09
859 2.775056e-09
860 1.865788e-09
861 1.240714e-09
862 8.259530e-10
863 5.555685e-10
864 3.791024e-10
865 2.639693e-10
866 1.874598e-10
867 1.350519e-10
868 9.775397e-11
869 7.029004e-11
870 4.968284e-11
871 3.422688e-11
872 0.000000e+00
873 0.000000e+00
874 0.000000e+00
875 3.552777e-08
876 3.076907e-08
877 2.570112e-08
878 2.077740e-08
879 1.635227e-08
880 1.256846e-08
881 9.401600e-09
882 6.782509e-09
883 4.718137e-09
884 3.219927e-09
885 2.171778e-09
886 1.444483e-09
887 9.603564e-10
888 6.438120e-10
889 4.376296e-10
890 3.032793e-10
891 2.145119e-10
892 1.542224e-10
893 1.116885e-10
894 8.058581e-11
895 5.727805e-11
896 3.975287e-11
897 0.000000e+00
898 0.000000e+00
899 0.000000e+00
900 3.812309e-08
901 3.318604e-08
902 2.784932e-08
903 2.259910e-08
904 1.783762e-08
905 1.375698e-08
906 1.033505e-08
907 7.492691e-09
908 5.225937e-09
909 3.569289e-09
910 2.412155e-09
911 1.604220e-09
912 1.065576e-09
913 7.130023e-10
914 4.834018e-10
915 3.340585e-10
916 2.358222e-10
917 1.693444e-10
918 1.227100e-10
919 8.873740e-11
920 6.330409e-11
921 4.412184e-11
922 0.000000e+00
923 0.000000e+00
924 0.000000e+00
925 4.023956e-08
926 3.515697e-08
927 2.959828e-08
928 2.408315e-08
929 1.905155e-08
930 1.472517e-08
931 1.109623e-08
932 8.070601e-09
933 5.639383e-09
934 3.853800e-09
935 2.607971e-09
936 1.734251e-09
937 1.151247e-09
938 7.694712e-10
939 5.207916e-10
940 3.591594e-10
941 2.531515e-10
942 1.816787e-10
943 1.316987e-10
944 9.537525e-11
945 6.821213e-11
946 4.769798e-11
947 0.000000e+00
948 0.000000e+00
949 0.000000e+00
950 4.206330e-08
951 3.685756e-08
952 3.110992e-08
953 2.536434e-08
954 2.009893e-08
955 1.556094e-08
956 1.175300e-08
957 8.570029e-09
958 5.996387e-09
959 4.099138e-09
960 2.776430e-09
961 1.846414e-09
962 1.225111e-09
963 8.179675e-10
964 5.530461e-10
965 3.808516e-10
966 2.681057e-10
967 1.923123e-10
968 1.394443e-10
969 1.011046e-10
970 7.244485e-11
971 5.077384e-11
972 0.000000e+00
973 0.000000e+00
974 0.000000e+00
975 4.442084e-08
976 3.905457e-08
977 3.306140e-08
978 2.702020e-08
979 2.144987e-08
980 1.664063e-08
981 1.260197e-08
982 9.214395e-09
983 6.457234e-09
984 4.416395e-09
985 2.994651e-09
986 1.991244e-09
987 1.320515e-09
988 8.807199e-10
989 5.947600e-10
990 4.088584e-10
991 2.874432e-10
992 2.060439e-10
993 1.494528e-10
994 1.085033e-10
995 7.793953e-11
996 5.474767e-11
997 0.000000e+00
998 0.000000e+00
999 0.000000e+00
1000 3.983340e-08
1001 3.488133e-08
1002 2.945556e-08
1003 2.404442e-08
1004 1.907278e-08
1005 1.476586e-08
1006 1.114561e-08
1007 8.137063e-09
1008 5.721852e-09
1009 3.920446e-09
1010 2.655630e-09
1011 1.771480e-09
1012 1.176806e-09
1013 7.857607e-10
1014 5.310563e-10
1015 3.653273e-10
1016 2.565120e-10
1017 1.834980e-10
1018 1.326925e-10
1019 9.596528e-11
1020 6.865614e-11
1021 4.814178e-11
1022 0.000000e+00
1023 0.000000e+00
1024 0.000000e+00
1025 4.334927e-08
1026 3.824439e-08
1027 3.252748e-08
1028 2.671836e-08
1029 2.130025e-08
1030 1.656813e-08
1031 1.257653e-08
1032 9.249361e-09
1033 6.546535e-09
1034 4.498226e-09
1035 3.053578e-09
1036 2.041183e-09
1037 1.355387e-09
1038 9.026967e-10
1039 6.081266e-10
1040 4.164610e-10
1041 2.912027e-10
1042 2.075820e-10
1043 1.499133e-10
1044 1.085926e-10
1045 7.800621e-11
1046 5.501695e-11
1047 0.000000e+00
1048 0.000000e+00
1049 0.000000e+00
1050 4.618910e-08
1051 4.095728e-08
1052 3.500046e-08
1053 2.886888e-08
1054 2.309028e-08
1055 1.801145e-08
1056 1.372136e-08
1057 1.013875e-08
1058 7.204559e-09
1059 4.957208e-09
1060 3.369723e-09
1061 2.255299e-09
1062 1.496825e-09
1063 9.953377e-10
1064 6.692729e-10
1065 4.569739e-10
1066 3.187160e-10
1067 2.267656e-10
1068 1.636643e-10
1069 1.186765e-10
1070 8.549280e-11
1071 6.053464e-11
1072 0.000000e+00
1073 0.000000e+00
1074 0.000000e+00
1075 4.864037e-08
1076 4.329740e-08
1077 3.713407e-08
1078 3.072231e-08
1079 2.463284e-08
1080 1.925598e-08
1081 1.470808e-08
1082 1.090487e-08
1083 7.771265e-09
1084 5.352777e-09
1085 3.641586e-09
1086 2.439742e-09
1087 1.618665e-09
1088 1.074983e-09
1089 7.219255e-10
1090 4.919473e-10
1091 3.424138e-10
1092 2.432810e-10
1093 1.755241e-10
1094 1.273723e-10
1095 9.192576e-11
1096 6.527502e-11
1097 0.000000e+00
1098 0.000000e+00
1099 0.000000e+00
1100 5.180369e-08
1101 4.631748e-08
1102 3.989158e-08
1103 3.311726e-08
1104 2.662269e-08
1105 2.086410e-08
1106 1.598349e-08
1107 1.189481e-08
1108 8.503468e-09
1109 5.863600e-09
1110 3.993304e-09
1111 2.677881e-09
1112 1.776000e-09
1113 1.178120e-09
1114 7.901049e-10
1115 5.371382e-10
1116 3.730214e-10
1117 2.646299e-10
1118 1.908306e-10
1119 1.386424e-10
1120 1.002845e-10
1121 7.140356e-11
1122 0.000000e+00
1123 0.000000e+00
1124 0.000000e+00
1125 4.788265e-08
1126 4.266655e-08
1127 3.665633e-08
1128 3.039356e-08
1129 2.442395e-08
1130 1.912299e-08
1131 1.461862e-08
1132 1.085577e-08
1133 7.768391e-09
1134 5.374133e-09
1135 3.657021e-09
1136 2.456246e-09
1137 1.631103e-09
1138 1.083879e-09
1139 7.270544e-10
1140 4.947368e-10
1141 3.434631e-10
1142 2.433280e-10
1143 1.750829e-10
1144 1.267985e-10
1145 9.141991e-11
1146 6.495207e-11
1147 0.000000e+00
1148 0.000000e+00
1149 0.000000e+00
1150 5.158926e-08
1151 4.627605e-08
1152 4.003760e-08
1153 3.340804e-08
1154 2.698677e-08
1155 2.122066e-08
1156 1.629685e-08
1157 1.217611e-08
1158 8.772734e-09
1159 6.095146e-09
1160 4.154915e-09
1161 2.798164e-09
1162 1.858425e-09
1163 1.233530e-09
1164 8.250006e-10
1165 5.593424e-10
1166 3.865503e-10
1167 2.728023e-10
1168 1.957840e-10
1169 1.417724e-10
1170 1.024515e-10
1171 7.311770e-11
1172 0.000000e+00
1173 0.000000e+00
1174 0.000000e+00
1175 5.476434e-08
1176 4.938153e-08
1177 4.292459e-08
1178 3.597772e-08
1179 2.916714e-08
1180 2.300438e-08
1181 1.772199e-08
1182 1.329570e-08
1183 9.624371e-09
1184 6.704998e-09
1185 4.574467e-09
1186 3.086769e-09
1187 2.050001e-09
1188 1.359162e-09
1189 9.076230e-10
1190 6.137459e-10
1191 4.228260e-10
1192 2.976330e-10
1193 2.133207e-10
1194 1.544520e-10
1195 1.117963e-10
1196 8.004053e-11
1197 0.000000e+00
1198 0.000000e+00
1199 0.000000e+00
1200 5.886133e-08
1201 5.337485e-08
1202 4.665234e-08
1203 3.929296e-08
1204 3.198272e-08
1205 2.530517e-08
1206 1.956172e-08
1207 1.474241e-08
1208 1.072278e-08
1209 7.491780e-09
1210 5.116617e-09
1211 3.458937e-09
1212 2.297133e-09
1213 1.521781e-09
1214 1.014245e-09
1215 6.838890e-10
1216 4.697611e-10
1217 3.297411e-10
1218 2.359166e-10
1219 1.708566e-10
1220 1.239068e-10
1221 8.898167e-11
1222 0.000000e+00
1223 0.000000e+00
1224 0.000000e+00
1225 5.622435e-08
1226 5.087798e-08
1227 4.442206e-08
1228 3.739354e-08
1229 3.044189e-08
1230 2.408942e-08
1231 1.860982e-08
1232 1.400923e-08
1233 1.019186e-08
1234 7.140898e-09
1235 4.883051e-09
1236 3.299667e-09
1237 2.195892e-09
1238 1.456350e-09
1239 9.705444e-10
1240 6.547866e-10
1241 4.495191e-10
1242 3.152154e-10
1243 2.251083e-10
1244 1.626480e-10
1245 1.176765e-10
1246 8.437234e-11
1247 0.000000e+00
1248 0.000000e+00
1249 0.000000e+00
1250 6.023890e-08
1251 5.486635e-08
1252 4.820946e-08
1253 4.084240e-08
1254 3.343057e-08
1255 2.657348e-08
1256 2.061338e-08
1257 1.559597e-08
1258 1.142162e-08
1259 8.047563e-09
1260 5.514816e-09
1261 3.734700e-09
1262 2.489209e-09
1263 1.649428e-09
1264 1.096838e-09
1265 7.376981e-10
1266 5.042533e-10
1267 3.519916e-10
1268 2.505768e-10
1269 1.807351e-10
1270 1.308757e-10
1271 9.411189e-11
1272 0.000000e+00
1273 0.000000e+00
1274 0.000000e+00
1275 6.536551e-08
1276 5.996179e-08
1277 5.306437e-08
1278 4.524988e-08
1279 3.724776e-08
1280 2.974009e-08
1281 2.316568e-08
1282 1.761796e-08
1283 1.298549e-08
1284 9.198885e-09
1285 6.316039e-09
1286 4.285706e-09
1287 2.860338e-09
1288 1.894608e-09
1289 1.256714e-09
1290 8.425560e-10
1291 5.735292e-10
1292 3.986531e-10
1293 2.828294e-10
1294 2.037702e-10
1295 1.476859e-10
1296 1.065252e-10
1297 0.000000e+00
1298 0.000000e+00
1299 0.000000e+00
1300 6.516542e-08
1301 5.983650e-08
1302 5.302962e-08
1303 4.531361e-08
1304 3.738361e-08
1305 2.991089e-08
1306 2.333193e-08
1307 1.776356e-08
1308 1.311990e-08
1309 9.329128e-09
1310 6.424878e-09
1311 4.360717e-09
1312 2.917297e-09
1313 1.932667e-09
1314 1.281760e-09
1315 8.586419e-10
1316 5.834806e-10
1317 4.046087e-10
1318 2.863021e-10
1319 2.057092e-10
1320 1.488249e-10
1321 1.072775e-10
1322 0.000000e+00
1323 0.000000e+00
1324 0.000000e+00
1325 7.151336e-08
1326 6.624651e-08
1327 5.924180e-08
1328 5.107950e-08
1329 4.248191e-08
1330 3.421563e-08
1331 2.684009e-08
1332 2.056191e-08
1333 1.531099e-08
1334 1.098213e-08
1335 7.600587e-09
1336 5.169188e-09
1337 3.469871e-09
1338 2.298419e-09
1339 1.520963e-09
1340 1.014759e-09
1341 6.858595e-10
1342 4.724888e-10
1343 3.323506e-10
1344 2.379753e-10
1345 1.720025e-10
1346 1.242698e-10
1347 0.000000e+00
1348 0.000000e+00
1349 0.000000e+00
1350 7.994314e-08
1351 7.492344e-08
1352 6.785192e-08
1353 5.927684e-08
1354 4.992858e-08
1355 4.066390e-08
1356 3.218805e-08
1357 2.487144e-08
1358 1.872361e-08
1359 1.362166e-08
1360 9.541398e-09
1361 6.517644e-09
1362 4.397107e-09
1363 2.919963e-09
1364 1.929609e-09
1365 1.280046e-09
1366 8.586335e-10
1367 5.853442e-10
1368 4.073067e-10
1369 2.889827e-10
1370 2.077403e-10
1371 1.499755e-10
1372 0.000000e+00
1373 0.000000e+00
1374 0.000000e+00
1375 5.236594e-07
1376 4.579437e-07
1377 3.805396e-07
1378 3.114036e-07
1379 2.560112e-07
1380 2.013383e-07
1381 1.465306e-07
1382 1.027002e-07
1383 7.167826e-08
1384 4.792708e-08
1385 3.161242e-08
1386 0.000000e+00
1387 0.000000e+00
1388 0.000000e+00
1389 0.000000e+00
1390 0.000000e+00
1391 0.000000e+00
1392 0.000000e+00
1393 0.000000e+00
1394 0.000000e+00
1395 0.000000e+00
1396 0.000000e+00
1397 0.000000e+00
1398 0.000000e+00
1399 0.000000e+00
1400 6.713860e-07
1401 5.898775e-07
1402 4.916742e-07
1403 4.022582e-07
1404 3.304276e-07
1405 2.612811e-07
1406 1.914655e-07
1407 1.341150e-07
1408 9.383630e-08
1409 6.287322e-08
1410 4.153035e-08
1411 0.000000e+00
1412 0.000000e+00
1413 0.000000e+00
1414 0.000000e+00
1415 0.000000e+00
1416 0.000000e+00
1417 0.000000e+00
1418 0.000000e+00
1419 0.000000e+00
1420 0.000000e+00
1421 0.000000e+00
1422 0.000000e+00
1423 0.000000e+00
1424 0.000000e+00
1425 7.703854e-07
1426 6.782143e-07
1427 5.660367e-07
1428 4.630438e-07
1429 3.802339e-07
1430 3.013776e-07
1431 2.214754e-07
1432 1.550915e-07
1433 1.086315e-07
1434 7.284785e-08
1435 4.814658e-08
1436 0.000000e+00
1437 0.000000e+00
1438 0.000000e+00
1439 0.000000e+00
1440 0.000000e+00
1441 0.000000e+00
1442 0.000000e+00
1443 0.000000e+00
1444 0.000000e+00
1445 0.000000e+00
1446 0.000000e+00
1447 0.000000e+00
1448 0.000000e+00
1449 0.000000e+00
1450 8.456863e-07
1451 7.454137e-07
1452 6.225963e-07
1453 5.092775e-07
1454 4.181144e-07
1455 3.318736e-07
1456 2.443006e-07
1457 1.710460e-07
1458 1.198847e-07
1459 8.043440e-08
1460 5.317877e-08
1461 0.000000e+00
1462 0.000000e+00
1463 0.000000e+00
1464 0.000000e+00
1465 0.000000e+00
1466 0.000000e+00
1467 0.000000e+00
1468 0.000000e+00
1469 0.000000e+00
1470 0.000000e+00
1471 0.000000e+00
1472 0.000000e+00
1473 0.000000e+00
1474 0.000000e+00
1475 9.070935e-07
1476 8.002091e-07
1477 6.687208e-07
1478 5.469808e-07
1479 4.490054e-07
1480 3.567423e-07
1481 2.629141e-07
1482 1.840565e-07
1483 1.290613e-07
1484 8.662107e-08
1485 5.728253e-08
1486 0.000000e+00
1487 0.000000e+00
1488 0.000000e+00
1489 0.000000e+00
1490 0.000000e+00
1491 0.000000e+00
1492 0.000000e+00
1493 0.000000e+00
1494 0.000000e+00
1495 0.000000e+00
1496 0.000000e+00
1497 0.000000e+00
1498 0.000000e+00
1499 0.000000e+00
1500 9.572255e-07
1501 8.449437e-07
1502 7.063766e-07
1503 5.777615e-07
1504 4.742248e-07
1505 3.770452e-07
1506 2.781105e-07
1507 1.946783e-07
1508 1.365533e-07
1509 9.167184e-08
1510 6.063276e-08
1511 0.000000e+00
1512 0.000000e+00
1513 0.000000e+00
1514 0.000000e+00
1515 0.000000e+00
1516 0.000000e+00
1517 0.000000e+00
1518 0.000000e+00
1519 0.000000e+00
1520 0.000000e+00
1521 0.000000e+00
1522 0.000000e+00
1523 0.000000e+00
1524 0.000000e+00
1525 1.000541e-06
1526 8.835869e-07
1527 7.389043e-07
1528 6.043506e-07
1529 4.960099e-07
1530 3.945832e-07
1531 2.912364e-07
1532 2.038532e-07
1533 1.430246e-07
1534 9.603452e-08
1535 6.352654e-08
1536 0.000000e+00
1537 0.000000e+00
1538 0.000000e+00
1539 0.000000e+00
1540 0.000000e+00
1541 0.000000e+00
1542 0.000000e+00
1543 0.000000e+00
1544 0.000000e+00
1545 0.000000e+00
1546 0.000000e+00
1547 0.000000e+00
1548 0.000000e+00
1549 0.000000e+00
1550 1.056335e-06
1551 9.333732e-07
1552 7.808123e-07
1553 6.386069e-07
1554 5.240769e-07
1555 4.171790e-07
1556 3.081485e-07
1557 2.156743e-07
1558 1.513623e-07
1559 1.016556e-07
1560 6.725501e-08
1561 0.000000e+00
1562 0.000000e+00
1563 0.000000e+00
1564 0.000000e+00
1565 0.000000e+00
1566 0.000000e+00
1567 0.000000e+00
1568 0.000000e+00
1569 0.000000e+00
1570 0.000000e+00
1571 0.000000e+00
1572 0.000000e+00
1573 0.000000e+00
1574 0.000000e+00
1575 2.311063e-07
1576 2.273272e-07
1577 2.090865e-07
1578 1.791100e-07
1579 1.461694e-07
1580 1.191928e-07
1581 9.904954e-08
1582 7.647652e-08
1583 5.265050e-08
1584 3.789085e-08
1585 2.567089e-08
1586 1.705370e-08
1587 1.113878e-08
1588 0.000000e+00
1589 0.000000e+00
1590 0.000000e+00
1591 0.000000e+00
1592 0.000000e+00
1593 0.000000e+00
1594 0.000000e+00
1595 0.000000e+00
1596 0.000000e+00
1597 0.000000e+00
1598 0.000000e+00
1599 0.000000e+00
1600 3.403222e-07
1601 3.355295e-07
1602 3.096765e-07
1603 2.662221e-07
1604 2.176151e-07
1605 1.772189e-07
1606 1.471901e-07
1607 1.145148e-07
1608 7.914166e-08
1609 5.677771e-08
1610 3.859431e-08
1611 2.570992e-08
1612 1.676835e-08
1613 0.000000e+00
1614 0.000000e+00
1615 0.000000e+00
1616 0.000000e+00
1617 0.000000e+00
1618 0.000000e+00
1619 0.000000e+00
1620 0.000000e+00
1621 0.000000e+00
1622 0.000000e+00
1623 0.000000e+00
1624 0.000000e+00
1625 4.205475e-07
1626 4.149722e-07
1627 3.834710e-07
1628 3.300976e-07
1629 2.699815e-07
1630 2.197598e-07
1631 1.824858e-07
1632 1.423630e-07
1633 9.850623e-08
1634 7.060435e-08
1635 4.804642e-08
1636 3.203619e-08
1637 2.088472e-08
1638 0.000000e+00
1639 0.000000e+00
1640 0.000000e+00
1641 0.000000e+00
1642 0.000000e+00
1643 0.000000e+00
1644 0.000000e+00
1645 0.000000e+00
1646 0.000000e+00
1647 0.000000e+00
1648 0.000000e+00
1649 0.000000e+00
1650 4.858975e-07
1651 4.796653e-07
1652 4.435947e-07
1653 3.820898e-07
1654 3.126149e-07
1655 2.543941e-07
1656 2.112183e-07
1657 1.650378e-07
1658 1.142760e-07
1659 8.186209e-08
1660 5.574256e-08
1661 3.718860e-08
1662 2.423652e-08
1663 0.000000e+00
1664 0.000000e+00
1665 0.000000e+00
1666 0.000000e+00
1667 0.000000e+00
1668 0.000000e+00
1669 0.000000e+00
1670 0.000000e+00
1671 0.000000e+00
1672 0.000000e+00
1673 0.000000e+00
1674 0.000000e+00
1675 5.392637e-07
1676 5.325061e-07
1677 4.926501e-07
1678 4.245459e-07
1679 3.474217e-07
1680 2.826575e-07
1681 2.346806e-07
1682 1.835530e-07
1683 1.271510e-07
1684 9.105323e-08
1685 6.202459e-08
1686 4.139505e-08
1687 2.697323e-08
1688 0.000000e+00
1689 0.000000e+00
1690 0.000000e+00
1691 0.000000e+00
1692 0.000000e+00
1693 0.000000e+00
1694 0.000000e+00
1695 0.000000e+00
1696 0.000000e+00
1697 0.000000e+00
1698 0.000000e+00
1699 0.000000e+00
1700 5.853278e-07
1701 5.781101e-07
1702 5.350178e-07
1703 4.612034e-07
1704 3.774573e-07
1705 3.070837e-07
1706 2.549349e-07
1707 1.995389e-07
1708 1.382686e-07
1709 9.898989e-08
1710 6.744982e-08
1711 4.502776e-08
1712 2.933609e-08
1713 0.000000e+00
1714 0.000000e+00
1715 0.000000e+00
1716 0.000000e+00
1717 0.000000e+00
1718 0.000000e+00
1719 0.000000e+00
1720 0.000000e+00
1721 0.000000e+00
1722 0.000000e+00
1723 0.000000e+00
1724 0.000000e+00
1725 6.446485e-07
1726 6.368788e-07
1727 5.895783e-07
1728 5.084303e-07
1729 4.161791e-07
1730 3.385320e-07
1731 2.810371e-07
1732 2.201383e-07
1733 1.525950e-07
1734 1.092154e-07
1735 7.443975e-08
1736 4.970657e-08
1737 3.238089e-08
1738 0.000000e+00
1739 0.000000e+00
1740 0.000000e+00
1741 0.000000e+00
1742 0.000000e+00
1743 0.000000e+00
1744 0.000000e+00
1745 0.000000e+00
1746 0.000000e+00
1747 0.000000e+00
1748 0.000000e+00
1749 0.000000e+00
1750 1.189078e-07
1751 1.236612e-07
1752 1.217946e-07
1753 1.120256e-07
1754 9.582553e-08
1755 7.800598e-08
1756 6.352285e-08
1757 5.293476e-08
1758 4.084252e-08
1759 2.771944e-08
1760 2.023164e-08
1761 1.356115e-08
1762 8.984446e-09
1763 5.866285e-09
1764 0.000000e+00
1765 0.000000e+00
1766 0.000000e+00
1767 0.000000e+00
1768 0.000000e+00
1769 0.000000e+00
1770 0.000000e+00
1771 0.000000e+00
1772 0.000000e+00
1773 0.000000e+00
1774 0.000000e+00
1775 2.000388e-07
1776 2.081332e-07
1777 2.053923e-07
1778 1.895650e-07
1779 1.626794e-07
1780 1.326078e-07
1781 1.078286e-07
1782 8.980148e-08
1783 6.985385e-08
1784 4.757719e-08
1785 3.461499e-08
1786 2.324795e-08
1787 1.546505e-08
1788 1.007485e-08
1789 0.000000e+00
1790 0.000000e+00
1791 0.000000e+00
1792 0.000000e+00
1793 0.000000e+00
1794 0.000000e+00
1795 0.000000e+00
1796 0.000000e+00
1797 0.000000e+00
1798 0.000000e+00
1799 0.000000e+00
1800 2.629655e-07
1801 2.736216e-07
1802 2.702123e-07
1803 2.496359e-07
1804 2.144448e-07
1805 1.748920e-07
1806 1.421482e-07
1807 1.183598e-07
1808 9.229147e-08
1809 6.293159e-08
1810 4.574247e-08
1811 3.074295e-08
1812 2.047438e-08
1813 1.332990e-08
1814 0.000000e+00
1815 0.000000e+00
1816 0.000000e+00
1817 0.000000e+00
1818 0.000000e+00
1819 0.000000e+00
1820 0.000000e+00
1821 0.000000e+00
1822 0.000000e+00
1823 0.000000e+00
1824 0.000000e+00
1825 3.142102e-07
1826 3.269809e-07
1827 3.229646e-07
1828 2.985279e-07
1829 2.565854e-07
1830 2.092979e-07
1831 1.700740e-07
1832 1.415983e-07
1833 1.105515e-07
1834 7.542348e-08
1835 5.479675e-08
1836 3.683974e-08
1837 2.454954e-08
1838 1.597701e-08
1839 0.000000e+00
1840 0.000000e+00
1841 0.000000e+00
1842 0.000000e+00
1843 0.000000e+00
1844 0.000000e+00
1845 0.000000e+00
1846 0.000000e+00
1847 0.000000e+00
1848 0.000000e+00
1849 0.000000e+00
1850 3.584549e-07
1851 3.730357e-07
1852 3.685406e-07
1853 3.407579e-07
1854 2.929781e-07
1855 2.390158e-07
1856 1.941948e-07
1857 1.616704e-07
1858 1.263236e-07
1859 8.621328e-08
1860 6.262396e-08
1861 4.210582e-08
1862 2.807128e-08
1863 1.826388e-08
1864 0.000000e+00
1865 0.000000e+00
1866 0.000000e+00
1867 0.000000e+00
1868 0.000000e+00
1869 0.000000e+00
1870 0.000000e+00
1871 0.000000e+00
1872 0.000000e+00
1873 0.000000e+00
1874 0.000000e+00
1875 4.155041e-07
1876 4.324201e-07
1877 4.273105e-07
1878 3.952255e-07
1879 3.399169e-07
1880 2.773454e-07
1881 2.253052e-07
1882 1.875591e-07
1883 1.466740e-07
1884 1.001351e-07
1885 7.270281e-08
1886 4.889790e-08
1887 3.261145e-08
1888 2.121345e-08
1889 0.000000e+00
1890 0.000000e+00
1891 0.000000e+00
1892 0.000000e+00
1893 0.000000e+00
1894 0.000000e+00
1895 0.000000e+00
1896 0.000000e+00
1897 0.000000e+00
1898 0.000000e+00
1899 0.000000e+00
1900 1.317154e-07
1901 1.413751e-07
1902 1.452174e-07
1903 1.408825e-07
1904 1.274145e-07
1905 1.073925e-07
1906 8.693149e-08
1907 7.118859e-08
1908 5.922401e-08
1909 4.406742e-08
1910 2.983295e-08
1911 2.157790e-08
1912 1.447819e-08
1913 9.411087e-09
1914 6.162630e-09
1915 0.000000e+00
1916 0.000000e+00
1917 0.000000e+00
1918 0.000000e+00
1919 0.000000e+00
1920 0.000000e+00
1921 0.000000e+00
1922 0.000000e+00
1923 0.000000e+00
1924 0.000000e+00
1925 1.800358e-07
1926 1.931759e-07
1927 1.984769e-07
1928 1.926743e-07
1929 1.743984e-07
1930 1.471055e-07
1931 1.191014e-07
1932 9.747845e-08
1933 8.111025e-08
1934 6.050342e-08
1935 4.093426e-08
1936 2.965104e-08
1937 1.987990e-08
1938 1.293573e-08
1939 8.467979e-09
1940 0.000000e+00
1941 0.000000e+00
1942 0.000000e+00
1943 0.000000e+00
1944 0.000000e+00
1945 0.000000e+00
1946 0.000000e+00
1947 0.000000e+00
1948 0.000000e+00
1949 0.000000e+00
1950 2.215899e-07
1951 2.377234e-07
1952 2.442740e-07
1953 2.372070e-07
1954 2.147958e-07
1955 1.812514e-07
1956 1.467600e-07
1957 1.200823e-07
1958 9.992873e-08
1959 7.463276e-08
1960 5.047659e-08
1961 3.659068e-08
1962 2.452298e-08
1963 1.596532e-08
1964 1.044962e-08
1965 0.000000e+00
1966 0.000000e+00
1967 0.000000e+00
1968 0.000000e+00
1969 0.000000e+00
1970 0.000000e+00
1971 0.000000e+00
1972 0.000000e+00
1973 0.000000e+00
1974 0.000000e+00
1975 2.751510e-07
1976 2.951421e-07
1977 3.033069e-07
1978 2.946101e-07
1979 2.668636e-07
1980 2.252618e-07
1981 1.824093e-07
1982 1.492164e-07
1983 1.241836e-07
1984 9.284379e-08
1985 6.277589e-08
1986 4.553312e-08
1987 3.050756e-08
1988 1.986926e-08
1989 1.300371e-08
1990 0.000000e+00
1991 0.000000e+00
1992 0.000000e+00
1993 0.000000e+00
1994 0.000000e+00
1995 0.000000e+00
1996 0.000000e+00
1997 0.000000e+00
1998 0.000000e+00
1999 0.000000e+00
2000 9.284101e-08
2001 1.017464e-07
2002 1.073378e-07
2003 1.079562e-07
2004 1.020152e-07
2005 8.944057e-08
2006 7.361276e-08
2007 5.948667e-08
2008 4.934785e-08
2009 4.001239e-08
2010 2.783377e-08
2011 1.978646e-08
2012 1.344514e-08
2013 9.085477e-09
2014 5.830198e-09
2015 0.000000e+00
2016 0.000000e+00
2017 0.000000e+00
2018 0.000000e+00
2019 0.000000e+00
2020 0.000000e+00
2021 0.000000e+00
2022 0.000000e+00
2023 0.000000e+00
2024 0.000000e+00
2025 1.316297e-07
2026 1.441651e-07
2027 1.520665e-07
2028 1.529852e-07
2029 1.446424e-07
2030 1.269386e-07
2031 1.045281e-07
2032 8.445638e-08
2033 7.003132e-08
2034 5.685944e-08
2035 3.963129e-08
2036 2.811013e-08
2037 1.913848e-08
2038 1.293622e-08
2039 8.298162e-09
2040 0.000000e+00
2041 0.000000e+00
2042 0.000000e+00
2043 0.000000e+00
2044 0.000000e+00
2045 0.000000e+00
2046 0.000000e+00
2047 0.000000e+00
2048 0.000000e+00
2049 0.000000e+00
2050 1.814172e-07
2051 1.986165e-07
2052 2.094801e-07
2053 2.107709e-07
2054 1.993601e-07
2055 1.750619e-07
2056 1.442194e-07
2057 1.165000e-07
2058 9.657539e-08
2059 7.848379e-08
2060 5.476566e-08
2061 3.879110e-08
2062 2.644216e-08
2063 1.787611e-08
2064 1.146308e-08
2065 0.000000e+00
2066 0.000000e+00
2067 0.000000e+00
2068 0.000000e+00
2069 0.000000e+00
2070 0.000000e+00
2071 0.000000e+00
2072 0.000000e+00
2073 0.000000e+00
2074 0.000000e+00
2075 7.047692e-08
2076 7.845822e-08
2077 8.452835e-08
2078 8.725657e-08
2079 8.507344e-08
2080 7.734035e-08
2081 6.551109e-08
2082 5.304944e-08
2083 4.331342e-08
2084 3.609759e-08
2085 2.720792e-08
2086 1.822367e-08
2087 1.331088e-08
2088 8.859692e-09
2089 5.752973e-09
2090 3.746660e-09
2091 0.000000e+00
2092 0.000000e+00
2093 0.000000e+00
2094 0.000000e+00
2095 0.000000e+00
2096 0.000000e+00
2097 0.000000e+00
2098 0.000000e+00
2099 0.000000e+00
2100 1.165360e-07
2101 1.295750e-07
2102 1.395222e-07
2103 1.440416e-07
2104 1.405259e-07
2105 1.278399e-07
2106 1.083585e-07
2107 8.776772e-08
2108 7.162094e-08
2109 5.969453e-08
2110 4.509192e-08
2111 3.019864e-08
2112 2.208438e-08
2113 1.468650e-08
2114 9.547612e-09
2115 6.215268e-09
2116 0.000000e+00
2117 0.000000e+00
2118 0.000000e+00
2119 0.000000e+00
2120 0.000000e+00
2121 0.000000e+00
2122 0.000000e+00
2123 0.000000e+00
2124 0.000000e+00
2125 7.097518e-08
2126 7.998344e-08
2127 8.734615e-08
2128 9.181949e-08
2129 9.203015e-08
2130 8.654170e-08
2131 7.536902e-08
2132 6.179391e-08
2133 4.993944e-08
2134 4.151313e-08
2135 3.336621e-08
2136 2.293695e-08
2137 1.649353e-08
2138 1.103107e-08
2139 7.411826e-09
2140 4.737669e-09
2141 0.000000e+00
2142 0.000000e+00
2143 0.000000e+00
2144 0.000000e+00
2145 0.000000e+00
2146 0.000000e+00
2147 0.000000e+00
2148 0.000000e+00
2149 0.000000e+00
2150 3.673805e-08
2151 4.186490e-08
2152 4.638813e-08
2153 4.962210e-08
2154 5.066796e-08
2155 4.879056e-08
2156 4.381042e-08
2157 3.665095e-08
2158 2.957748e-08
2159 2.430643e-08
2160 2.020003e-08
2161 1.470778e-08
2162 9.969789e-09
2163 7.073020e-09
2164 4.748968e-09
2165 3.023306e-09
2166 1.959075e-09
2167 0.000000e+00
2168 0.000000e+00
2169 0.000000e+00
2170 0.000000e+00
2171 0.000000e+00
2172 0.000000e+00
2173 0.000000e+00
2174 0.000000e+00
2175 4.053620e-05
2176 3.568458e-05
2177 2.973791e-05
2178 2.427990e-05
2179 1.996802e-05
2180 1.590637e-05
2181 1.163712e-05
2182 8.137933e-06
2183 5.719269e-06
2184 3.828331e-06
2185 2.526106e-06
2186 0.000000e+00
2187 0.000000e+00
2188 0.000000e+00
2189 0.000000e+00
2190 0.000000e+00
2191 0.000000e+00
2192 0.000000e+00
2193 0.000000e+00
2194 0.000000e+00
2195 0.000000e+00
2196 0.000000e+00
2197 0.000000e+00
2198 0.000000e+00
2199 0.000000e+00
2200 2.255646e-05
2201 2.228837e-05
2202 2.064345e-05
2203 1.779751e-05
2204 1.454932e-05
2205 1.182239e-05
2206 9.834882e-06
2207 7.726183e-06
2208 5.315656e-06
2209 3.837318e-06
2210 2.599496e-06
2211 1.738688e-06
2212 1.132295e-06
2213 0.000000e+00
2214 0.000000e+00
2215 0.000000e+00
2216 0.000000e+00
2217 0.000000e+00
2218 0.000000e+00
2219 0.000000e+00
2220 0.000000e+00
2221 0.000000e+00
2222 0.000000e+00
2223 0.000000e+00
2224 0.000000e+00
2225 1.455606e-05
2226 1.514250e-05
2227 1.496996e-05
2228 1.384756e-05
2229 1.190731e-05
2230 9.711142e-06
2231 7.882444e-06
2232 6.567727e-06
2233 5.145332e-06
2234 3.498755e-06
2235 2.557461e-06
2236 1.711820e-06
2237 1.142939e-06
2238 7.436732e-07
2239 0.000000e+00
2240 0.000000e+00
2241 0.000000e+00
2242 0.000000e+00
2243 0.000000e+00
2244 0.000000e+00
2245 0.000000e+00
2246 0.000000e+00
2247 0.000000e+00
2248 0.000000e+00
2249 0.000000e+00
2250 9.855876e-06
2251 1.056272e-05
2252 1.085242e-05
2253 1.053855e-05
2254 9.548712e-06
2255 8.065198e-06
2256 6.527433e-06
2257 5.337328e-06
2258 4.446667e-06
2259 3.331326e-06
2260 2.241538e-06
2261 1.633261e-06
2262 1.093524e-06
2263 7.115487e-07
2264 4.661563e-07
2265 0.000000e+00
2266 0.000000e+00
2267 0.000000e+00
2268 0.000000e+00
2269 0.000000e+00
2270 0.000000e+00
2271 0.000000e+00
2272 0.000000e+00
2273 0.000000e+00
2274 0.000000e+00
2275 6.956997e-06
2276 7.603384e-06
2277 8.010665e-06
2278 8.058164e-06
2279 7.630684e-06
2280 6.704431e-06
2281 5.521411e-06
2282 4.458830e-06
2283 3.695751e-06
2284 3.012689e-06
2285 2.100957e-06
2286 1.486530e-06
2287 1.012927e-06
2288 6.864170e-07
2289 4.395441e-07
2290 0.000000e+00
2291 0.000000e+00
2292 0.000000e+00
2293 0.000000e+00
2294 0.000000e+00
2295 0.000000e+00
2296 0.000000e+00
2297 0.000000e+00
2298 0.000000e+00
2299 0.000000e+00
2300 5.069432e-06
2301 5.622182e-06
2302 6.047165e-06
2303 6.243914e-06
2304 6.091615e-06
2305 5.543492e-06
2306 4.702175e-06
2307 3.808420e-06
2308 3.106043e-06
2309 2.589396e-06
2310 1.960965e-06
2311 1.309256e-06
2312 9.611750e-07
2313 6.384167e-07
2314 4.152609e-07
2315 2.704201e-07
2316 0.000000e+00
2317 0.000000e+00
2318 0.000000e+00
2319 0.000000e+00
2320 0.000000e+00
2321 0.000000e+00
2322 0.000000e+00
2323 0.000000e+00
2324 0.000000e+00
2325 3.787370e-06
2326 4.254688e-06
2327 4.637436e-06
2328 4.870491e-06
2329 4.881754e-06
2330 4.597160e-06
2331 4.006046e-06
2332 3.285049e-06
2333 2.653997e-06
2334 2.205556e-06
2335 1.777195e-06
2336 1.223106e-06
2337 8.778899e-07
2338 5.874269e-07
2339 3.953874e-07
2340 2.525099e-07
2341 0.000000e+00
2342 0.000000e+00
2343 0.000000e+00
2344 0.000000e+00
2345 0.000000e+00
2346 0.000000e+00
2347 0.000000e+00
2348 0.000000e+00
2349 0.000000e+00
2350 2.625497e-06
2351 2.975267e-06
2352 3.286672e-06
2353 3.512622e-06
2354 3.586185e-06
2355 3.455035e-06
2356 3.106126e-06
2357 2.602738e-06
2358 2.099795e-06
2359 1.723960e-06
2360 1.433842e-06
2361 1.049568e-06
2362 7.084600e-07
2363 5.048099e-07
2364 3.385396e-07
2365 2.156216e-07
2366 1.397900e-07
2367 0.000000e+00
2368 0.000000e+00
2369 0.000000e+00
2370 0.000000e+00
2371 0.000000e+00
2372 0.000000e+00
2373 0.000000e+00
2374 0.000000e+00
2375 1.504682e-06
2376 1.723399e-06
2377 1.924378e-06
2378 2.083962e-06
2379 2.173478e-06
2380 2.154731e-06
2381 1.992748e-06
2382 1.710612e-06
2383 1.393594e-06
2384 1.129070e-06
2385 9.416392e-07
2386 7.355172e-07
2387 4.956776e-07
2388 3.646274e-07
2389 2.395518e-07
2390 1.578139e-07
2391 1.011187e-07
2392 0.000000e+00
2393 0.000000e+00
2394 0.000000e+00
2395 0.000000e+00
2396 0.000000e+00
2397 0.000000e+00
2398 0.000000e+00
2399 0.000000e+00
2400 6.647528e-07
2401 7.676158e-07
2402 8.677291e-07
2403 9.542936e-07
2404 1.011685e-06
2405 1.024339e-06
2406 9.778988e-07
2407 8.684797e-07
2408 7.194891e-07
2409 5.804647e-07
2410 4.789767e-07
2411 3.953272e-07
2412 2.799903e-07
2413 1.939109e-07
2414 1.339258e-07
2415 9.007757e-08
2416 5.682077e-08
2417 3.641996e-08
2418 0.000000e+00
2419 0.000000e+00
2420 0.000000e+00
2421 0.000000e+00
2422 0.000000e+00
2423 0.000000e+00
2424 0.000000e+00
2425 0.000000e+00
2426 0.000000e+00
2427 0.000000e+00
2428 0.000000e+00
2429 0.000000e+00
2430 0.000000e+00
2431 0.000000e+00
2432 2.590614e-07
2433 1.819703e-07
2434 1.222929e-07
2435 8.094535e-08
2436 0.000000e+00
2437 0.000000e+00
2438 0.000000e+00
2439 0.000000e+00
2440 0.000000e+00
2441 0.000000e+00
2442 0.000000e+00
2443 0.000000e+00
2444 0.000000e+00
2445 0.000000e+00
2446 0.000000e+00
2447 0.000000e+00
2448 0.000000e+00
2449 0.000000e+00
2450 0.000000e+00
2451 0.000000e+00
2452 0.000000e+00
2453 0.000000e+00
2454 0.000000e+00
2455 0.000000e+00
2456 0.000000e+00
2457 2.957911e-07
2458 2.052221e-07
2459 1.467856e-07
2460 1.001207e-07
2461 6.689774e-08
2462 4.356527e-08
2463 0.000000e+00
2464 0.000000e+00
2465 0.000000e+00
2466 0.000000e+00
2467 0.000000e+00
2468 0.000000e+00
2469 0.000000e+00
2470 0.000000e+00
2471 0.000000e+00
2472 0.000000e+00
2473 0.000000e+00
2474 0.000000e+00
2475 0.000000e+00
2476 0.000000e+00
2477 0.000000e+00
2478 0.000000e+00
2479 0.000000e+00
2480 0.000000e+00
2481 0.000000e+00
2482 2.825129e-07
2483 2.212764e-07
2484 1.511855e-07
2485 1.096991e-07
2486 7.381446e-08
2487 4.926743e-08
2488 3.203240e-08
2489 0.000000e+00
2490 0.000000e+00
2491 0.000000e+00
2492 0.000000e+00
2493 0.000000e+00
2494 0.000000e+00
2495 0.000000e+00
2496 0.000000e+00
2497 0.000000e+00
2498 0.000000e+00
2499 0.000000e+00
2500 0.000000e+00
2501 0.000000e+00
2502 0.000000e+00
2503 0.000000e+00
2504 0.000000e+00
2505 0.000000e+00
2506 0.000000e+00
2507 2.561580e-07
2508 2.132157e-07
2509 1.596883e-07
2510 1.079221e-07
2511 7.836663e-08
2512 5.247511e-08
2513 3.420338e-08
2514 2.237906e-08
2515 0.000000e+00
2516 0.000000e+00
2517 0.000000e+00
2518 0.000000e+00
2519 0.000000e+00
2520 0.000000e+00
2521 0.000000e+00
2522 0.000000e+00
2523 0.000000e+00
2524 0.000000e+00
2525 0.000000e+00
2526 0.000000e+00
2527 0.000000e+00
2528 0.000000e+00
2529 0.000000e+00
2530 0.000000e+00
2531 0.000000e+00
2532 2.341030e-07
2533 1.939947e-07
2534 1.578655e-07
2535 1.103260e-07
2536 7.800161e-08
2537 5.325925e-08
2538 3.601151e-08
2539 2.308540e-08
2540 0.000000e+00
2541 0.000000e+00
2542 0.000000e+00
2543 0.000000e+00
2544 0.000000e+00
2545 0.000000e+00
2546 0.000000e+00
2547 0.000000e+00
2548 0.000000e+00
2549 0.000000e+00
2550 0.000000e+00
2551 0.000000e+00
2552 0.000000e+00
2553 0.000000e+00
2554 0.000000e+00
2555 0.000000e+00
2556 0.000000e+00
2557 2.149797e-07
2558 1.753437e-07
2559 1.461538e-07
2560 1.106162e-07
2561 7.407289e-08
2562 5.422879e-08
2563 3.603511e-08
2564 2.345005e-08
2565 1.525979e-08
2566 0.000000e+00
2567 0.000000e+00
2568 0.000000e+00
2569 0.000000e+00
2570 0.000000e+00
2571 0.000000e+00
2572 0.000000e+00
2573 0.000000e+00
2574 0.000000e+00
2575 0.000000e+00
2576 0.000000e+00
2577 0.000000e+00
2578 0.000000e+00
2579 0.000000e+00
2580 0.000000e+00
2581 0.000000e+00
2582 1.969361e-07
2583 1.591195e-07
2584 1.322104e-07
2585 1.064912e-07
2586 7.332219e-08
2587 5.259587e-08
2588 3.524374e-08
2589 2.370005e-08
2590 1.513786e-08
2591 0.000000e+00
2592 0.000000e+00
2593 0.000000e+00
2594 0.000000e+00
2595 0.000000e+00
2596 0.000000e+00
2597 0.000000e+00
2598 0.000000e+00
2599 0.000000e+00
2600 0.000000e+00
2601 0.000000e+00
2602 0.000000e+00
2603 0.000000e+00
2604 0.000000e+00
2605 0.000000e+00
2606 0.000000e+00
2607 1.780360e-07
2608 1.436849e-07
2609 1.179600e-07
2610 9.807235e-08
2611 7.176847e-08
2612 4.849211e-08
2613 3.455955e-08
2614 2.316457e-08
2615 1.476828e-08
2616 9.570220e-09
2617 0.000000e+00
2618 0.000000e+00
2619 0.000000e+00
2620 0.000000e+00
2621 0.000000e+00
2622 0.000000e+00
2623 0.000000e+00
2624 0.000000e+00
2625 0.000000e+00
2626 0.000000e+00
2627 0.000000e+00
2628 0.000000e+00
2629 0.000000e+00
2630 0.000000e+00
2631 0.000000e+00
2632 1.531429e-07
2633 1.247666e-07
2634 1.011069e-07
2635 8.429688e-08
2636 6.586567e-08
2637 4.441842e-08
2638 3.260158e-08
2639 2.145572e-08
2640 1.413736e-08
2641 9.056281e-09
2642 0.000000e+00
2643 0.000000e+00
2644 0.000000e+00
2645 0.000000e+00
2646 0.000000e+00
2647 0.000000e+00
2648 0.000000e+00
2649 0.000000e+00
2650 0.000000e+00
2651 0.000000e+00
2652 0.000000e+00
2653 0.000000e+00
2654 0.000000e+00
2655 0.000000e+00
2656 0.000000e+00
2657 1.213026e-07
2658 1.008081e-07
2659 8.136719e-08
2660 6.704809e-08
2661 5.536866e-08
2662 3.962869e-08
2663 2.728246e-08
2664 1.900693e-08
2665 1.274598e-08
2666 8.065375e-09
2667 5.171166e-09
2668 0.000000e+00
2669 0.000000e+00
2670 0.000000e+00
2671 0.000000e+00
2672 0.000000e+00
2673 0.000000e+00
2674 0.000000e+00
2675 0.000000e+00
2676 0.000000e+00
2677 0.000000e+00
2678 0.000000e+00
2679 0.000000e+00
2680 0.000000e+00
2681 0.000000e+00
2682 4.908682e-10
2683 3.231447e-10
2684 2.164185e-10
2685 1.482313e-10
2686 1.037828e-10
2687 7.430420e-11
2688 5.398447e-11
2689 3.928205e-11
2690 2.823585e-11
2691 1.979520e-11
2692 1.340340e-11
2693 8.717408e-12
2694 5.443146e-12
2695 3.276285e-12
2696 0.000000e+00
2697 0.000000e+00
2698 0.000000e+00
2699 0.000000e+00
2700 0.000000e+00
2701 0.000000e+00
2702 0.000000e+00
2703 0.000000e+00
2704 0.000000e+00
2705 0.000000e+00
2706 0.000000e+00
2707 2.479996e-09
2708 1.671839e-09
2709 1.106478e-09
2710 7.336605e-10
2711 4.916990e-10
2712 3.347148e-10
2713 2.327454e-10
2714 1.655782e-10
2715 1.197587e-10
2716 8.712409e-11
2717 6.291621e-11
2718 4.453794e-11
2719 3.059719e-11
2720 2.028592e-11
2721 0.000000e+00
2722 0.000000e+00
2723 0.000000e+00
2724 0.000000e+00
2725 0.000000e+00
2726 0.000000e+00
2727 0.000000e+00
2728 0.000000e+00
2729 0.000000e+00
2730 0.000000e+00
2731 0.000000e+00
2732 5.035374e-09
2733 3.437774e-09
2734 2.322341e-09
2735 1.539090e-09
2736 1.020144e-09
2737 6.826389e-10
2738 4.629755e-10
2739 3.206622e-10
2740 2.272233e-10
2741 1.639815e-10
2742 1.193788e-10
2743 8.655579e-11
2744 6.171338e-11
2745 4.282067e-11
2746 0.000000e+00
2747 0.000000e+00
2748 0.000000e+00
2749 0.000000e+00
2750 0.000000e+00
2751 0.000000e+00
2752 0.000000e+00
2753 0.000000e+00
2754 0.000000e+00
2755 0.000000e+00
2756 0.000000e+00
2757 8.098768e-09
2758 5.580713e-09
2759 3.810418e-09
2760 2.556371e-09
2761 1.694401e-09
2762 1.123130e-09
2763 7.532396e-10
2764 5.121168e-10
2765 3.561312e-10
2766 2.532473e-10
2767 1.832140e-10
2768 1.334849e-10
2769 9.671393e-11
2770 6.885818e-11
2771 0.000000e+00
2772 0.000000e+00
2773 0.000000e+00
2774 0.000000e+00
2775 0.000000e+00
2776 0.000000e+00
2777 0.000000e+00
2778 0.000000e+00
2779 0.000000e+00
2780 0.000000e+00
2781 0.000000e+00
2782 1.158253e-08
2783 8.151254e-09
2784 5.581928e-09
2785 3.796490e-09
2786 2.523867e-09
2787 1.671422e-09
2788 1.111499e-09
2789 7.474182e-10
2790 5.116151e-10
2791 3.584063e-10
2792 2.565051e-10
2793 1.862250e-10
2794 1.356810e-10
2795 9.798669e-11
2796 0.000000e+00
2797 0.000000e+00
2798 0.000000e+00
2799 0.000000e+00
2800 0.000000e+00
2801 0.000000e+00
2802 0.000000e+00
2803 0.000000e+00
2804 0.000000e+00
2805 0.000000e+00
2806 0.000000e+00
2807 1.552767e-08
2808 1.119317e-08
2809 7.740791e-09
2810 5.285464e-09
2811 3.552617e-09
2812 2.354190e-09
2813 1.556618e-09
2814 1.039519e-09
2815 7.028342e-10
2816 4.853571e-10
2817 3.429368e-10
2818 2.470523e-10
2819 1.798335e-10
2820 1.307687e-10
2821 0.000000e+00
2822 0.000000e+00
2823 0.000000e+00
2824 0.000000e+00
2825 0.000000e+00
2826 0.000000e+00
2827 0.000000e+00
2828 0.000000e+00
2829 0.000000e+00
2830 0.000000e+00
2831 0.000000e+00
2832 2.005135e-08
2833 1.475849e-08
2834 1.038325e-08
2835 7.107040e-09
2836 4.826590e-09
2837 3.204935e-09
2838 2.118689e-09
2839 1.405311e-09
2840 9.417791e-10
2841 6.419805e-10
2842 4.476170e-10
2843 3.189802e-10
2844 2.309574e-10
2845 1.681929e-10
2846 0.000000e+00
2847 0.000000e+00
2848 0.000000e+00
2849 0.000000e+00
2850 0.000000e+00
2851 0.000000e+00
2852 0.000000e+00
2853 0.000000e+00
2854 0.000000e+00
2855 0.000000e+00
2856 0.000000e+00
2857 2.504894e-08
2858 1.873301e-08
2859 1.343094e-08
2860 9.260830e-09
2861 6.311223e-09
2862 4.224586e-09
2863 2.793768e-09
2864 1.843686e-09
2865 1.228052e-09
2866 8.280117e-10
2867 5.700735e-10
2868 4.014480e-10
2869 2.882564e-10
2870 2.093349e-10
2871 0.000000e+00
2872 0.000000e+00
2873 0.000000e+00
2874 0.000000e+00
2875 0.000000e+00
2876 0.000000e+00
2877 0.000000e+00
2878 0.000000e+00
2879 0.000000e+00
2880 0.000000e+00
2881 0.000000e+00
2882 3.077341e-08
2883 2.330793e-08
2884 1.701122e-08
2885 1.188140e-08
2886 8.112002e-09
2887 5.481167e-09
2888 3.628144e-09
2889 2.390608e-09
2890 1.583093e-09
2891 1.058147e-09
2892 7.196546e-10
2893 5.004373e-10
2894 3.553897e-10
2895 2.564790e-10
2896 0.000000e+00
2897 0.000000e+00
2898 0.000000e+00
2899 0.000000e+00
2900 0.000000e+00
2901 0.000000e+00
2902 0.000000e+00
2903 0.000000e+00
2904 0.000000e+00
2905 0.000000e+00
2906 0.000000e+00
2907 4.123153e-08
2908 3.168997e-08
2909 2.366379e-08
2910 1.695997e-08
2911 1.170036e-08
2912 7.955720e-09
2913 5.316771e-09
2914 3.505163e-09
2915 2.303649e-09
2916 1.524782e-09
2917 1.019956e-09
2918 6.950747e-10
2919 4.840960e-10
2920 3.437425e-10
2921 0.000000e+00
2922 0.000000e+00
2923 0.000000e+00
2924 0.000000e+00
2925 0.000000e+00
2926 0.000000e+00
2927 0.000000e+00
2928 0.000000e+00
2929 0.000000e+00
2930 0.000000e+00
2931 0.000000e+00
2932 1.343403e-07
2933 1.096466e-07
2934 8.688683e-08
2935 6.727837e-08
2936 5.084167e-08
2937 3.704322e-08
2938 2.575302e-08
2939 1.747063e-08
2940 1.171597e-08
2941 7.653636e-09
2942 4.946869e-09
2943 3.194126e-09
2944 2.060950e-09
2945 1.339618e-09
2946 0.000000e+00
2947 0.000000e+00
2948 0.000000e+00
2949 0.000000e+00
2950 0.000000e+00
2951 0.000000e+00
2952 0.000000e+00
2953 0.000000e+00
2954 0.000000e+00
2955 0.000000e+00
2956 2.277738e-12
2957 1.669478e-12
2958 1.243249e-12
2959 9.093851e-13
2960 6.739476e-13
2961 0.000000e+00
2962 0.000000e+00
2963 0.000000e+00
2964 0.000000e+00
2965 0.000000e+00
2966 0.000000e+00
2967 0.000000e+00
2968 0.000000e+00
2969 0.000000e+00
2970 0.000000e+00
2971 0.000000e+00
2972 0.000000e+00
2973 0.000000e+00
2974 0.000000e+00
2975 0.000000e+00
2976 0.000000e+00
2977 0.000000e+00
2978 0.000000e+00
2979 0.000000e+00
2980 0.000000e+00
2981 1.835031e-12
2982 1.456599e-12
2983 1.037207e-12
2984 7.713732e-13
2985 5.590568e-13
2986 4.051409e-13
2987 2.947093e-13
2988 0.000000e+00
2989 0.000000e+00
2990 0.000000e+00
2991 0.000000e+00
2992 0.000000e+00
2993 0.000000e+00
2994 0.000000e+00
2995 0.000000e+00
2996 0.000000e+00
2997 0.000000e+00
2998 0.000000e+00
2999 0.000000e+00
3000 0.000000e+00
3001 0.000000e+00
3002 0.000000e+00
3003 0.000000e+00
3004 0.000000e+00
3005 0.000000e+00
3006 1.490362e-12
3007 1.242963e-12
3008 9.822283e-13
3009 6.839657e-13
3010 5.103283e-13
3011 3.614113e-13
3012 2.591410e-13
3013 1.852566e-13
3014 0.000000e+00
3015 0.000000e+00
3016 0.000000e+00
3017 0.000000e+00
3018 0.000000e+00
3019 0.000000e+00
3020 0.000000e+00
3021 0.000000e+00
3022 0.000000e+00
3023 0.000000e+00
3024 0.000000e+00
3025 0.000000e+00
3026 0.000000e+00
3027 0.000000e+00
3028 0.000000e+00
3029 0.000000e+00
3030 0.000000e+00
3031 1.287594e-12
3032 1.053098e-12
3033 8.781484e-13
3034 6.630780e-13
3035 4.536187e-13
3036 3.389917e-13
3037 2.367280e-13
3038 1.648562e-13
3039 1.173417e-13
3040 0.000000e+00
3041 0.000000e+00
3042 0.000000e+00
3043 0.000000e+00
3044 0.000000e+00
3045 0.000000e+00
3046 0.000000e+00
3047 0.000000e+00
3048 0.000000e+00
3049 0.000000e+00
3050 0.000000e+00
3051 0.000000e+00
3052 0.000000e+00
3053 0.000000e+00
3054 0.000000e+00
3055 0.000000e+00
3056 1.139244e-12
3057 9.202198e-13
3058 7.620257e-13
3059 6.222988e-13
3060 4.394530e-13
3061 3.121122e-13
3062 2.187942e-13
3063 1.537154e-13
3064 1.046014e-13
3065 0.000000e+00
3066 0.000000e+00
3067 0.000000e+00
3068 0.000000e+00
3069 0.000000e+00
3070 0.000000e+00
3071 0.000000e+00
3072 0.000000e+00
3073 0.000000e+00
3074 0.000000e+00
3075 0.000000e+00
3076 0.000000e+00
3077 0.000000e+00
3078 0.000000e+00
3079 0.000000e+00
3080 0.000000e+00
3081 1.015868e-12
3082 8.229069e-13
3083 6.711798e-13
3084 5.600114e-13
3085 4.258319e-13
3086 2.859153e-13
3087 2.122221e-13
3088 1.437722e-13
3089 9.698014e-14
3090 6.610126e-14
3091 0.000000e+00
3092 0.000000e+00
3093 0.000000e+00
3094 0.000000e+00
3095 0.000000e+00
3096 0.000000e+00
3097 0.000000e+00
3098 0.000000e+00
3099 0.000000e+00
3100 0.000000e+00
3101 0.000000e+00
3102 0.000000e+00
3103 0.000000e+00
3104 0.000000e+00
3105 0.000000e+00
3106 9.158717e-13
3107 7.523935e-13
3108 6.074411e-13
3109 5.041089e-13
3110 4.079031e-13
3111 2.832952e-13
3112 2.019990e-13
3113 1.367926e-13
3114 9.402678e-14
3115 6.188000e-14
3116 0.000000e+00
3117 0.000000e+00
3118 0.000000e+00
3119 0.000000e+00
3120 0.000000e+00
3121 0.000000e+00
3122 0.000000e+00
3123 0.000000e+00
3124 0.000000e+00
3125 0.000000e+00
3126 0.000000e+00
3127 0.000000e+00
3128 0.000000e+00
3129 0.000000e+00
3130 0.000000e+00
3131 8.295497e-13
3132 6.954026e-13
3133 5.617170e-13
3134 4.611126e-13
3135 3.833090e-13
3136 2.815606e-13
3137 1.901341e-13
3138 1.372435e-13
3139 9.200781e-14
3140 5.945944e-14
3141 3.954753e-14
3142 0.000000e+00
3143 0.000000e+00
3144 0.000000e+00
3145 0.000000e+00
3146 0.000000e+00
3147 0.000000e+00
3148 0.000000e+00
3149 0.000000e+00
3150 0.000000e+00
3151 0.000000e+00
3152 0.000000e+00
3153 0.000000e+00
3154 0.000000e+00
3155 0.000000e+00
3156 7.441937e-13
3157 6.402217e-13
3158 5.217818e-13
3159 4.222821e-13
3160 3.521676e-13
3161 2.770140e-13
3162 1.873576e-13
3163 1.368144e-13
3164 9.042971e-14
3165 6.032144e-14
3166 3.869573e-14
3167 0.000000e+00
3168 0.000000e+00
3169 0.000000e+00
3170 0.000000e+00
3171 0.000000e+00
3172 0.000000e+00
3173 0.000000e+00
3174 0.000000e+00
3175 0.000000e+00
3176 0.000000e+00
3177 0.000000e+00
3178 0.000000e+00
3179 0.000000e+00
3180 0.000000e+00
3181 6.598288e-13
3182 5.888312e-13
3183 4.904711e-13
3184 3.961472e-13
3185 3.259434e-13
3186 2.694686e-13
3187 1.945933e-13
3188 1.332146e-13
3189 9.357992e-14
3190 6.254945e-14
3191 3.975556e-14
3192 2.562060e-14
3193 0.000000e+00
3194 0.000000e+00
3195 0.000000e+00
3196 0.000000e+00
3197 0.000000e+00
3198 0.000000e+00
3199 0.000000e+00
3200 0.000000e+00
3201 0.000000e+00
3202 0.000000e+00
3203 0.000000e+00
3204 0.000000e+00
3205 0.000000e+00
3206 2.216228e-14
3207 1.748333e-14
3208 1.383530e-14
3209 1.095341e-14
3210 8.615503e-15
3211 6.681003e-15
3212 5.069829e-15
3213 3.734196e-15
3214 2.647647e-15
3215 1.792745e-15
3216 1.151096e-15
3217 6.976723e-16
3218 3.990013e-16
3219 2.161604e-16
3220 1.115180e-16
3221 5.483133e-17
3222 0.000000e+00
3223 0.000000e+00
3224 0.000000e+00
3225 0.000000e+00
3226 0.000000e+00
3227 0.000000e+00
3228 0.000000e+00
3229 0.000000e+00
3230 0.000000e+00
3231 4.872893e-14
3232 3.743987e-14
3233 2.903864e-14
3234 2.266355e-14
3235 1.785221e-14
3236 1.413508e-14
3237 1.117477e-14
3238 8.751550e-15
3239 6.730766e-15
3240 5.035865e-15
3241 3.629774e-15
3242 2.498646e-15
3243 1.630047e-15
3244 1.003435e-15
3245 5.830384e-16
3246 3.212340e-16
3247 0.000000e+00
3248 0.000000e+00
3249 0.000000e+00
3250 0.000000e+00
3251 0.000000e+00
3252 0.000000e+00
3253 0.000000e+00
3254 0.000000e+00
3255 0.000000e+00
3256 7.157836e-14
3257 5.435399e-14
3258 4.154401e-14
3259 3.204738e-14
3260 2.486931e-14
3261 1.949485e-14
3262 1.538690e-14
3263 1.214582e-14
3264 9.515556e-15
3265 7.336191e-15
3266 5.515349e-15
3267 4.004877e-15
3268 2.783272e-15
3269 1.836744e-15
3270 1.144634e-15
3271 6.722124e-16
3272 0.000000e+00
3273 0.000000e+00
3274 0.000000e+00
3275 0.000000e+00
3276 0.000000e+00
3277 0.000000e+00
3278 0.000000e+00
3279 0.000000e+00
3280 0.000000e+00
3281 9.384412e-14
3282 7.156793e-14
3283 5.412895e-14
3284 4.133311e-14
3285 3.178098e-14
3286 2.463752e-14
3287 1.928097e-14
3288 1.518702e-14
3289 1.194776e-14
3290 9.321267e-15
3291 7.147540e-15
3292 5.337446e-15
3293 3.845882e-15
3294 2.650985e-15
3295 1.734529e-15
3296 1.071313e-15
3297 0.000000e+00
3298 0.000000e+00
3299 0.000000e+00
3300 0.000000e+00
3301 0.000000e+00
3302 0.000000e+00
3303 0.000000e+00
3304 0.000000e+00
3305 0.000000e+00
3306 1.162587e-13
3307 8.936400e-14
3308 6.756820e-14
3309 5.103788e-14
3310 3.898344e-14
3311 2.991346e-14
3312 2.320458e-14
3313 1.816100e-14
3314 1.426551e-14
3315 1.117194e-14
3316 8.651577e-15
3317 6.567077e-15
3318 4.841537e-15
3319 3.436736e-15
3320 2.328753e-15
3321 1.495709e-15
3322 0.000000e+00
3323 0.000000e+00
3324 0.000000e+00
3325 0.000000e+00
3326 0.000000e+00
3327 0.000000e+00
3328 0.000000e+00
3329 0.000000e+00
3330 0.000000e+00
3331 1.398105e-13
3332 1.082087e-13
3333 8.225941e-14
3334 6.178636e-14
3335 4.675075e-14
3336 3.564660e-14
3337 2.738700e-14
3338 2.125241e-14
3339 1.662266e-14
3340 1.300662e-14
3341 1.011477e-14
3342 7.752322e-15
3343 5.802553e-15
3344 4.204550e-15
3345 2.924766e-15
3346 1.937630e-15
3347 0.000000e+00
3348 0.000000e+00
3349 0.000000e+00
3350 0.000000e+00
3351 0.000000e+00
3352 0.000000e+00
3353 0.000000e+00
3354 0.000000e+00
3355 0.000000e+00
3356 1.653763e-13
3357 1.287250e-13
3358 9.849772e-14
3359 7.402822e-14
3360 5.551346e-14
3361 4.205860e-14
3362 3.200793e-14
3363 2.462970e-14
3364 1.912298e-14
3365 1.491448e-14
3366 1.160319e-14
3367 8.935892e-15
3368 6.753478e-15
3369 4.966570e-15
3370 3.523505e-15
3371 2.392274e-15
3372 0.000000e+00
3373 0.000000e+00
3374 0.000000e+00
3375 0.000000e+00
3376 0.000000e+00
3377 0.000000e+00
3378 0.000000e+00
3379 0.000000e+00
3380 0.000000e+00
3381 1.924295e-13
3382 1.504506e-13
3383 1.158347e-13
3384 8.743493e-14
3385 6.522651e-14
3386 4.901670e-14
3387 3.705533e-14
3388 2.825313e-14
3389 2.174645e-14
3390 1.686865e-14
3391 1.309117e-14
3392 1.009487e-14
3393 7.672352e-15
3394 5.697712e-15
3395 4.099432e-15
3396 2.834873e-15
3397 0.000000e+00
3398 0.000000e+00
3399 0.000000e+00
3400 0.000000e+00
3401 0.000000e+00
3402 0.000000e+00
3403 0.000000e+00
3404 0.000000e+00
3405 0.000000e+00
3406 2.223504e-13
3407 1.745936e-13
3408 1.351377e-13
3409 1.026272e-13
3410 7.651768e-14
3411 5.700921e-14
3412 4.285551e-14
3413 3.234559e-14
3414 2.467887e-14
3415 1.899602e-14
3416 1.466962e-14
3417 1.129462e-14
3418 8.601820e-15
3419 6.426150e-15
3420 4.670151e-15
3421 3.274801e-15
3422 0.000000e+00
3423 0.000000e+00
3424 0.000000e+00
3425 0.000000e+00
3426 0.000000e+00
3427 0.000000e+00
3428 0.000000e+00
3429 0.000000e+00
3430 0.000000e+00
3431 2.753674e-13
3432 2.179157e-13
3433 1.699149e-13
3434 1.302845e-13
3435 9.783439e-14
3436 7.238744e-14
3437 5.373593e-14
3438 4.009846e-14
3439 3.010846e-14
3440 2.281309e-14
3441 1.741530e-14
3442 1.329864e-14
3443 1.009764e-14
3444 7.562094e-15
3445 5.539256e-15
3446 3.936761e-15
3447 0.000000e+00
3448 0.000000e+00
3449 0.000000e+00
3450 0.000000e+00
3451 0.000000e+00
3452 0.000000e+00
3453 0.000000e+00
3454 0.000000e+00
3455 0.000000e+00
3456 0.000000e+00
3457 5.249467e-13
3458 4.212175e-13
3459 3.318504e-13
3460 2.581896e-13
3461 1.963401e-13
3462 1.429511e-13
3463 1.023594e-13
3464 7.397266e-14
3465 5.271840e-14
3466 3.768109e-14
3467 2.719192e-14
3468 1.969309e-14
3469 1.427850e-14
3470 1.029980e-14
3471 0.000000e+00
3472 0.000000e+00
3473 0.000000e+00
3474 0.000000e+00
3475 0.000000e+00
3476 0.000000e+00
3477 0.000000e+00
3478 0.000000e+00
3479 0.000000e+00
3480 0.000000e+00
3481 1.260638e-17
3482 1.023864e-17
3483 8.284875e-18
3484 6.694001e-18
3485 5.407976e-18
3486 4.355733e-18
3487 3.474815e-18
3488 2.756984e-18
3489 2.182472e-18
3490 1.710677e-18
3491 1.327099e-18
3492 1.016137e-18
3493 7.637435e-19
3494 5.606473e-19
3495 3.992836e-19
3496 2.737440e-19
3497 1.789099e-19
3498 1.103562e-19
3499 6.365976e-20
