0 2.556334e-09
1 1.938686e-09
2 1.434429e-09
3 1.040848e-09
4 7.505851e-10
5 5.427873e-10
6 3.939546e-10
7 2.901971e-10
8 2.170160e-10
9 1.644090e-10
10 1.252766e-10
11 9.529303e-11
12 7.165911e-11
13 5.282435e-11
14 3.791334e-11
15 2.637676e-11
16 1.775429e-11
17 1.156934e-11
18 7.316909e-12
19 4.506601e-12
20 2.711480e-12
21 1.597548e-12
22 0.000000e+00
23 0.000000e+00
24 0.000000e+00
25 4.118590e-09
26 3.161780e-09
27 2.371190e-09
28 1.727097e-09
29 1.228247e-09
30 8.733282e-10
31 6.290502e-10
32 4.553911e-10
33 3.368836e-10
34 2.541732e-10
35 1.946403e-10
36 1.498272e-10
37 1.148586e-10
38 8.669453e-11
39 6.380780e-11
40 4.543845e-11
41 3.114709e-11
42 2.050972e-11
43 1.299274e-11
44 7.955170e-12
45 4.736393e-12
46 2.756607e-12
47 0.000000e+00
48 0.000000e+00
49 0.000000e+00
50 4.374616e-09
51 3.352268e-09
52 2.512812e-09
53 1.825922e-09
54 1.288304e-09
55 9.078438e-10
56 6.532682e-10
57 4.719094e-10
58 3.489855e-10
59 2.640047e-10
60 2.032396e-10
61 1.572459e-10
62 1.212206e-10
63 9.194035e-11
64 6.789054e-11
65 4.839175e-11
66 3.309411e-11
67 2.165426e-11
68 1.357144e-11
69 8.188483e-12
70 4.791659e-12
71 2.738352e-12
72 0.000000e+00
73 0.000000e+00
74 0.000000e+00
75 4.524784e-09
76 3.465188e-09
77 2.597368e-09
78 1.885599e-09
79 1.325534e-09
80 9.301493e-10
81 6.690432e-10
82 4.827148e-10
83 3.568727e-10
84 2.702850e-10
85 2.085759e-10
86 1.617658e-10
87 1.250336e-10
88 9.505414e-11
89 7.030775e-11
90 5.014589e-11
91 3.426679e-11
92 2.236267e-11
93 1.394851e-11
94 8.360155e-12
95 4.853347e-12
96 2.749295e-12
97 0.000000e+00
98 0.000000e+00
99 0.000000e+00
100 4.625670e-09
101 3.540929e-09
102 2.654132e-09
103 1.925644e-09
104 1.350448e-09
105 9.450474e-10
106 6.795661e-10
107 4.899219e-10
108 3.621399e-10
109 2.744774e-10
110 2.121387e-10
111 1.647841e-10
112 1.275828e-10
113 9.713679e-11
114 7.192775e-11
115 5.132227e-11
116 3.505175e-11
117 2.283581e-11
118 1.420120e-11
119 8.474804e-12
120 4.893577e-12
121 2.756148e-12
122 0.000000e+00
123 0.000000e+00
124 0.000000e+00
125 4.702473e-09
126 3.598647e-09
127 2.697431e-09
128 1.956099e-09
129 1.369476e-09
130 9.564624e-10
131 6.876329e-10
132 4.954299e-10
133 3.661607e-10
134 2.776757e-10
135 2.148591e-10
136 1.670832e-10
137 1.295288e-10
138 9.872688e-11
139 7.316335e-11
140 5.221907e-11
141 3.565038e-11
142 2.319754e-11
143 1.439433e-11
144 8.562283e-12
145 4.924751e-12
146 2.761607e-12
147 0.000000e+00
148 0.000000e+00
149 0.000000e+00
150 4.764721e-09
151 3.645515e-09
152 2.732452e-09
153 1.980806e-09
154 1.384856e-09
155 9.656617e-10
156 6.941289e-10
157 4.998651e-10
158 3.694298e-10
159 2.802717e-10
160 2.170695e-10
161 1.689609e-10
162 1.311099e-10
163 1.000220e-10
164 7.416631e-11
165 5.294707e-11
166 3.613707e-11
167 2.349016e-11
168 1.454987e-11
169 8.633242e-12
170 4.949899e-12
171 2.765885e-12
172 0.000000e+00
173 0.000000e+00
174 0.000000e+00
175 4.816426e-09
176 3.684148e-09
177 2.761368e-09
178 2.001185e-09
179 1.397559e-09
180 9.732856e-10
181 6.995174e-10
182 5.035657e-10
183 3.721194e-10
184 2.824172e-10
185 2.188852e-10
186 1.705010e-10
187 1.324147e-10
188 1.010812e-10
189 7.499296e-11
190 5.354734e-11
191 3.653774e-11
192 2.373243e-11
193 1.467949e-11
194 8.692076e-12
195 4.970584e-12
196 2.769553e-12
197 0.000000e+00
198 0.000000e+00
199 0.000000e+00
200 4.861251e-09
201 3.718087e-09
202 2.786756e-09
203 2.019086e-09
204 1.408810e-09
205 9.800084e-10
206 7.042425e-10
207 5.067948e-10
208 3.744906e-10
209 2.842896e-10
210 2.204908e-10
211 1.718537e-10
212 1.335573e-10
213 1.020210e-10
214 7.571711e-11
215 5.407338e-11
216 3.689034e-11
217 2.394504e-11
218 1.479290e-11
219 8.743583e-12
220 4.989304e-12
221 2.772662e-12
222 0.000000e+00
223 0.000000e+00
224 0.000000e+00
225 4.918579e-09
226 3.761114e-09
227 2.818966e-09
228 2.041799e-09
229 1.422879e-09
230 9.884585e-10
231 7.102262e-10
232 5.108956e-10
233 3.774801e-10
234 2.866827e-10
235 2.225133e-10
236 1.735726e-10
237 1.350094e-10
238 1.032035e-10
239 7.663827e-11
240 5.474040e-11
241 3.733645e-11
242 2.421428e-11
243 1.493583e-11
244 8.809121e-12
245 5.012499e-12
246 2.776774e-12
247 0.000000e+00
248 0.000000e+00
249 0.000000e+00
250 1.089350e-08
251 8.717891e-09
252 6.828121e-09
253 5.233065e-09
254 3.900998e-09
255 2.823155e-09
256 2.015167e-09
257 1.439755e-09
258 1.027444e-09
259 7.427956e-10
260 5.465011e-10
261 4.095472e-10
262 3.113087e-10
263 2.383482e-10
264 1.819483e-10
265 1.370725e-10
266 1.009682e-10
267 7.219123e-11
268 4.988729e-11
269 3.326193e-11
270 2.143458e-11
271 1.339030e-11
272 0.000000e+00
273 0.000000e+00
274 0.000000e+00
275 1.314136e-08
276 1.057270e-08
277 8.318716e-09
278 6.417875e-09
279 4.826036e-09
280 3.509552e-09
281 2.495076e-09
282 1.778692e-09
283 1.266456e-09
284 9.089055e-10
285 6.640428e-10
286 4.955158e-10
287 3.756654e-10
288 2.879095e-10
289 2.208099e-10
290 1.676591e-10
291 1.247605e-10
292 9.022067e-11
293 6.304438e-11
294 4.244524e-11
295 2.755280e-11
296 1.729918e-11
297 0.000000e+00
298 0.000000e+00
299 0.000000e+00
300 1.430996e-08
301 1.152599e-08
302 9.077729e-09
303 7.018200e-09
304 5.292384e-09
305 3.852197e-09
306 2.730523e-09
307 1.943168e-09
308 1.382710e-09
309 9.890778e-10
310 7.211521e-10
311 5.376477e-10
312 4.076272e-10
313 3.128182e-10
314 2.405535e-10
315 1.832998e-10
316 1.369401e-10
317 9.941483e-11
318 6.969039e-11
319 4.701211e-11
320 3.053616e-11
321 1.916314e-11
322 0.000000e+00
323 0.000000e+00
324 0.000000e+00
325 1.510807e-08
326 1.217919e-08
327 9.598977e-09
328 7.430476e-09
329 5.613382e-09
330 4.088116e-09
331 2.893149e-09
332 2.057321e-09
333 1.463341e-09
334 1.044699e-09
335 7.607601e-10
336 5.668035e-10
337 4.296353e-10
338 3.299549e-10
339 2.541117e-10
340 1.939982e-10
341 1.452716e-10
342 1.057099e-10
343 7.424280e-11
344 5.016619e-11
345 3.260430e-11
346 2.045889e-11
347 0.000000e+00
348 0.000000e+00
349 0.000000e+00
350 1.571390e-08
351 1.267602e-08
352 9.994818e-09
353 7.743763e-09
354 5.856941e-09
355 4.266971e-09
356 3.016431e-09
357 2.143909e-09
358 1.524341e-09
359 1.086916e-09
360 7.908695e-10
361 5.889989e-10
362 4.463306e-10
363 3.428763e-10
364 2.643314e-10
365 2.021084e-10
366 1.515851e-10
367 1.104817e-10
368 7.770288e-11
369 5.255956e-11
370 3.416962e-11
371 2.144258e-11
372 0.000000e+00
373 0.000000e+00
374 0.000000e+00
375 1.620580e-08
376 1.307731e-08
377 1.031561e-08
378 7.997988e-09
379 6.054352e-09
380 4.412232e-09
381 3.116548e-09
382 2.214016e-09
383 1.574067e-09
384 1.121201e-09
385 8.152480e-10
386 6.068738e-10
387 4.599256e-10
388 3.534743e-10
389 2.727028e-10
390 2.087262e-10
391 1.567696e-10
392 1.143734e-10
393 8.052609e-11
394 5.448772e-11
395 3.544446e-11
396 2.223973e-11
397 0.000000e+00
398 0.000000e+00
399 0.000000e+00
400 1.661094e-08
401 1.340893e-08
402 1.058008e-08
403 8.207050e-09
404 6.217119e-09
405 4.532005e-09
406 3.199118e-09
407 2.271890e-09
408 1.614865e-09
409 1.149385e-09
410 8.352677e-10
411 6.217286e-10
412 4.711114e-10
413 3.622302e-10
414 2.796237e-10
415 2.141909e-10
416 1.610007e-10
417 1.175792e-10
418 8.284698e-11
419 5.609075e-11
420 3.649183e-11
421 2.289605e-11
422 0.000000e+00
423 0.000000e+00
424 0.000000e+00
425 1.696660e-08
426 1.370051e-08
427 1.081284e-08
428 8.391157e-09
429 6.360025e-09
430 4.636941e-09
431 3.271566e-09
432 2.322682e-09
433 1.650793e-09
434 1.174255e-09
435 8.529412e-10
436 6.347446e-10
437 4.809583e-10
438 3.698412e-10
439 2.856433e-10
440 2.189763e-10
441 1.647070e-10
442 1.203871e-10
443 8.488271e-11
444 5.749358e-11
445 3.741346e-11
446 2.347389e-11
447 0.000000e+00
448 0.000000e+00
449 0.000000e+00
450 1.741510e-08
451 1.406790e-08
452 1.110641e-08
453 8.623723e-09
454 6.540735e-09
455 4.769899e-09
456 3.363326e-09
457 2.387031e-09
458 1.696204e-09
459 1.205627e-09
460 8.752468e-10
461 6.511857e-10
462 4.933925e-10
463 3.795525e-10
464 2.932736e-10
465 2.249985e-10
466 1.694150e-10
467 1.239415e-10
468 8.745164e-11
469 5.926916e-11
470 3.857872e-11
471 2.420575e-11
472 0.000000e+00
473 0.000000e+00
474 0.000000e+00
475 1.821667e-08
476 1.500829e-08
477 1.202829e-08
478 9.427444e-09
479 7.233281e-09
480 5.402528e-09
481 3.915227e-09
482 2.787969e-09
483 1.984044e-09
484 1.410239e-09
485 1.012476e-09
486 7.391133e-10
487 5.500329e-10
488 4.156238e-10
489 3.171474e-10
490 2.420187e-10
491 1.828818e-10
492 1.355599e-10
493 9.782125e-11
494 6.836467e-11
495 4.616794e-11
496 3.012166e-11
497 0.000000e+00
498 0.000000e+00
499 0.000000e+00
500 2.086877e-08
501 1.731315e-08
502 1.394436e-08
503 1.097569e-08
504 8.465388e-09
505 6.367504e-09
506 4.637759e-09
507 3.296960e-09
508 2.342339e-09
509 1.662844e-09
510 1.187356e-09
511 8.614589e-10
512 6.380968e-10
513 4.805740e-10
514 3.664179e-10
515 2.802416e-10
516 2.128498e-10
517 1.589455e-10
518 1.157329e-10
519 8.165721e-11
520 5.565515e-11
521 3.660545e-11
522 0.000000e+00
523 0.000000e+00
524 0.000000e+00
525 2.261790e-08
526 1.882603e-08
527 1.519637e-08
528 1.198195e-08
529 9.265959e-09
530 6.992862e-09
531 5.103308e-09
532 3.622840e-09
533 2.571246e-09
534 1.823972e-09
535 1.298573e-09
536 9.394751e-10
537 6.944895e-10
538 5.222932e-10
539 3.982646e-10
540 3.050942e-10
541 2.323907e-10
542 1.742136e-10
543 1.274161e-10
544 9.031360e-11
545 6.180195e-11
546 4.077268e-11
547 0.000000e+00
548 0.000000e+00
549 0.000000e+00
550 2.394934e-08
551 1.997847e-08
552 1.615029e-08
553 1.275088e-08
554 9.876677e-09
555 7.471166e-09
556 5.460567e-09
557 3.872880e-09
558 2.746765e-09
559 1.947771e-09
560 1.384031e-09
561 9.993078e-10
562 7.378563e-10
563 5.543736e-10
564 4.226959e-10
565 3.241006e-10
566 2.473196e-10
567 1.858835e-10
568 1.363435e-10
569 9.692021e-11
570 6.649508e-11
571 4.397631e-11
572 0.000000e+00
573 0.000000e+00
574 0.000000e+00
575 2.503171e-08
576 2.091614e-08
577 1.692808e-08
578 1.337616e-08
579 1.037417e-08
580 7.859522e-09
581 5.750159e-09
582 4.076152e-09
583 2.889436e-09
584 2.048142e-09
585 1.453519e-09
586 1.048127e-09
587 7.729886e-10
588 5.803693e-10
589 4.424740e-10
590 3.395075e-10
591 2.594246e-10
592 1.953650e-10
593 1.436058e-10
594 1.023028e-10
595 7.031781e-11
596 4.656891e-11
597 0.000000e+00
598 0.000000e+00
599 0.000000e+00
600 2.592132e-08
601 2.168699e-08
602 1.756680e-08
603 1.389026e-08
604 1.078296e-08
605 8.179507e-09
606 5.988395e-09
607 4.243165e-09
608 3.007001e-09
609 2.131272e-09
610 1.510773e-09
611 1.088172e-09
612 8.020721e-10
613 6.018124e-10
614 4.588115e-10
615 3.522225e-10
616 2.694517e-10
617 2.031502e-10
618 1.495683e-10
619 1.067196e-10
620 7.345600e-11
621 4.870381e-11
622 0.000000e+00
623 0.000000e+00
624 0.000000e+00
625 2.670461e-08
626 2.236346e-08
627 1.812813e-08
628 1.434221e-08
629 1.114242e-08
630 8.460525e-09
631 6.198397e-09
632 4.389981e-09
633 3.110154e-09
634 2.204010e-09
635 1.560930e-09
636 1.123364e-09
637 8.274641e-10
638 6.205936e-10
639 4.731224e-10
640 3.634029e-10
641 2.782004e-10
642 2.100041e-10
643 1.548032e-10
644 1.105982e-10
645 7.621371e-11
646 5.058189e-11
647 0.000000e+00
648 0.000000e+00
649 0.000000e+00
650 2.769466e-08
651 2.322177e-08
652 1.883900e-08
653 1.491375e-08
654 1.159696e-08
655 8.815833e-09
656 6.463241e-09
657 4.575835e-09
658 3.240714e-09
659 2.296286e-09
660 1.624596e-09
661 1.167935e-09
662 8.597271e-10
663 6.444136e-10
664 4.912758e-10
665 3.775269e-10
666 2.893177e-10
667 2.186941e-10
668 1.614495e-10
669 1.155194e-10
670 7.971471e-11
671 5.295233e-11
672 0.000000e+00
673 0.000000e+00
674 0.000000e+00
675 2.542609e-08
676 2.146266e-08
677 1.754541e-08
678 1.397083e-08
679 1.088714e-08
680 8.295315e-09
681 6.143140e-09
682 4.417745e-09
683 3.134113e-09
684 2.223633e-09
685 1.576511e-09
686 1.130958e-09
687 8.257083e-10
688 6.141037e-10
689 4.637808e-10
690 3.532829e-10
691 2.689501e-10
692 2.026143e-10
693 1.497044e-10
694 1.077167e-10
695 7.512694e-11
696 5.066071e-11
697 0.000000e+00
698 0.000000e+00
699 0.000000e+00
700 2.833802e-08
701 2.409300e-08
702 1.981214e-08
703 1.584328e-08
704 1.239528e-08
705 9.493947e-09
706 7.074610e-09
707 5.105283e-09
708 3.616654e-09
709 2.563986e-09
710 1.812844e-09
711 1.294874e-09
712 9.401153e-10
713 6.960687e-10
714 5.239231e-10
715 3.987611e-10
716 3.040228e-10
717 2.300538e-10
718 1.710739e-10
719 1.240649e-10
720 8.728408e-11
721 5.936381e-11
722 0.000000e+00
723 0.000000e+00
724 0.000000e+00
725 3.051099e-08
726 2.605541e-08
727 2.149464e-08
728 1.723044e-08
729 1.350975e-08
730 1.037848e-08
731 7.760962e-09
732 5.610444e-09
733 3.969051e-09
734 2.813240e-09
735 1.985889e-09
736 1.414471e-09
737 1.023534e-09
738 7.562856e-10
739 5.681754e-10
740 4.323042e-10
741 3.300711e-10
742 2.504127e-10
743 1.869247e-10
744 1.361901e-10
745 9.627464e-11
746 6.579486e-11
747 0.000000e+00
748 0.000000e+00
749 0.000000e+00
750 3.228187e-08
751 2.765212e-08
752 2.286902e-08
753 1.836420e-08
754 1.442145e-08
755 1.110114e-08
756 8.322226e-09
757 6.023992e-09
758 4.257964e-09
759 3.017229e-09
760 2.127530e-09
761 1.512825e-09
762 1.092050e-09
763 8.054829e-10
764 6.043448e-10
765 4.596702e-10
766 3.512878e-10
767 2.670180e-10
768 1.998675e-10
769 1.460996e-10
770 1.036218e-10
771 7.103596e-11
772 0.000000e+00
773 0.000000e+00
774 0.000000e+00
775 3.374159e-08
776 2.896844e-08
777 2.400017e-08
778 1.929554e-08
779 1.516983e-08
780 1.169566e-08
781 8.783319e-09
782 6.364225e-09
783 4.495965e-09
784 3.185145e-09
785 2.244233e-09
786 1.593423e-09
787 1.148590e-09
788 8.460077e-10
789 6.341920e-10
790 4.823128e-10
791 3.688572e-10
792 2.806972e-10
793 2.105487e-10
794 1.542503e-10
795 1.096736e-10
796 7.536299e-11
797 0.000000e+00
798 0.000000e+00
799 0.000000e+00
800 3.502133e-08
801 3.012334e-08
802 2.499394e-08
803 2.011511e-08
804 1.582856e-08
805 1.221933e-08
806 9.190260e-09
807 6.662960e-09
808 4.704718e-09
809 3.333029e-09
810 2.346709e-09
811 1.664448e-09
812 1.197938e-09
813 8.815299e-10
814 6.603129e-10
815 5.021326e-10
816 3.841548e-10
817 2.927181e-10
818 2.198778e-10
819 1.614015e-10
820 1.149762e-10
821 7.915913e-11
822 0.000000e+00
823 0.000000e+00
824 0.000000e+00
825 3.664343e-08
826 3.158668e-08
827 2.625119e-08
828 2.115273e-08
829 1.666261e-08
830 1.288068e-08
831 9.703218e-09
832 7.041821e-09
833 4.969755e-09
834 3.519842e-09
835 2.476474e-09
836 1.754312e-09
837 1.260710e-09
838 9.266577e-10
839 6.935006e-10
840 5.272281e-10
841 4.036054e-10
842 3.079428e-10
843 2.317410e-10
844 1.704542e-10
845 1.217068e-10
846 8.395713e-11
847 0.000000e+00
848 0.000000e+00
849 0.000000e+00
850 3.270739e-08
851 2.818900e-08
852 2.347210e-08
853 1.896659e-08
854 1.496068e-08
855 1.155344e-08
856 8.703241e-09
857 6.357124e-09
858 4.526959e-09
859 3.202230e-09
860 2.263030e-09
861 1.604493e-09
862 1.153395e-09
863 8.448446e-10
864 6.298345e-10
865 4.761474e-10
866 3.621695e-10
867 2.746934e-10
868 2.057274e-10
869 1.509357e-10
870 1.077862e-10
871 7.459012e-11
872 0.000000e+00
873 0.000000e+00
874 0.000000e+00
875 3.587106e-08
876 3.113890e-08
877 2.609110e-08
878 2.118657e-08
879 1.677474e-08
880 1.300547e-08
881 9.848816e-09
882 7.232497e-09
883 5.158217e-09
884 3.643675e-09
885 2.574558e-09
886 1.817754e-09
887 1.300706e-09
888 9.481862e-10
889 7.037344e-10
890 5.303560e-10
891 4.033554e-10
892 3.064733e-10
893 2.305116e-10
894 1.701055e-10
895 1.223690e-10
896 8.538075e-11
897 0.000000e+00
898 0.000000e+00
899 0.000000e+00
900 3.841760e-08
901 3.350579e-08
902 2.819320e-08
903 2.296339e-08
904 1.822445e-08
905 1.416450e-08
906 1.076282e-08
907 7.930205e-09
908 5.659770e-09
909 3.992925e-09
910 2.821553e-09
911 1.987072e-09
912 1.417556e-09
913 1.029987e-09
914 7.624874e-10
915 5.737345e-10
916 4.361419e-10
917 3.318769e-10
918 2.503135e-10
919 1.855029e-10
920 1.340618e-10
921 9.401885e-11
922 0.000000e+00
923 0.000000e+00
924 0.000000e+00
925 4.052011e-08
926 3.546234e-08
927 2.992498e-08
928 2.443017e-08
929 1.942163e-08
930 1.512356e-08
931 1.151932e-08
932 8.508248e-09
933 6.076002e-09
934 4.283140e-09
935 3.026369e-09
936 2.127202e-09
937 1.514612e-09
938 1.097922e-09
939 8.111764e-10
940 6.096756e-10
941 4.633579e-10
942 3.528914e-10
943 2.666789e-10
944 1.981878e-10
945 1.437252e-10
946 1.011556e-10
947 0.000000e+00
948 0.000000e+00
949 0.000000e+00
950 4.236491e-08
951 3.717885e-08
952 3.144956e-08
953 2.571917e-08
954 2.047348e-08
955 1.596396e-08
956 1.218330e-08
957 9.014512e-09
958 6.440212e-09
959 4.537613e-09
960 3.206173e-09
961 2.250206e-09
962 1.599623e-09
963 1.157510e-09
964 8.538662e-10
965 6.410871e-10
966 4.871756e-10
967 3.713341e-10
968 2.810722e-10
969 2.093108e-10
970 1.521965e-10
971 1.074256e-10
972 0.000000e+00
973 0.000000e+00
974 0.000000e+00
975 4.470242e-08
976 3.935577e-08
977 3.337752e-08
978 2.735271e-08
979 2.180652e-08
980 1.702965e-08
981 1.302487e-08
982 9.657474e-09
983 6.903607e-09
984 4.860414e-09
985 3.433633e-09
986 2.406166e-09
987 1.707338e-09
988 1.233136e-09
989 9.082213e-10
990 6.809611e-10
991 5.173945e-10
992 3.947029e-10
993 2.993091e-10
994 2.234229e-10
995 1.630221e-10
996 1.153552e-10
997 0.000000e+00
998 0.000000e+00
999 0.000000e+00
1000 4.027489e-08
1001 3.536032e-08
1002 2.995873e-08
1003 2.456468e-08
1004 1.959875e-08
1005 1.529649e-08
1006 1.167370e-08
1007 8.658939e-09
1008 6.227251e-09
1009 4.401898e-09
1010 3.105736e-09
1011 2.186859e-09
1012 1.553724e-09
1013 1.121825e-09
1014 8.253087e-10
1015 6.171608e-10
1016 4.670964e-10
1017 3.545543e-10
1018 2.674890e-10
1019 1.987558e-10
1020 1.444418e-10
1021 1.020866e-10
1022 0.000000e+00
1023 0.000000e+00
1024 0.000000e+00
1025 4.373390e-08
1026 3.866164e-08
1027 3.297033e-08
1028 2.718529e-08
1029 2.177942e-08
1030 1.705694e-08
1031 1.307399e-08
1032 9.751420e-09
1033 7.040372e-09
1034 4.974292e-09
1035 3.507560e-09
1036 2.465882e-09
1037 1.744909e-09
1038 1.253112e-09
1039 9.176393e-10
1040 6.835091e-10
1041 5.160043e-10
1042 3.916861e-10
1043 2.961495e-10
1044 2.210498e-10
1045 1.615936e-10
1046 1.150423e-10
1047 0.000000e+00
1048 0.000000e+00
1049 0.000000e+00
1050 4.656556e-08
1051 4.136663e-08
1052 3.543334e-08
1053 2.931596e-08
1054 2.355358e-08
1055 1.848988e-08
1056 1.421326e-08
1057 1.063964e-08
1058 7.701489e-09
1059 5.438748e-09
1060 3.832641e-09
1061 2.691590e-09
1062 1.899668e-09
1063 1.359475e-09
1064 9.926128e-10
1065 7.373162e-10
1066 5.558569e-10
1067 4.219239e-10
1068 3.195015e-10
1069 2.391884e-10
1070 1.755740e-10
1071 1.256234e-10
1072 0.000000e+00
1073 0.000000e+00
1074 0.000000e+00
1075 4.905371e-08
1076 4.373792e-08
1077 3.759631e-08
1078 3.119443e-08
1079 2.511481e-08
1080 1.975016e-08
1081 1.521656e-08
1082 1.142069e-08
1083 8.282547e-09
1084 5.847828e-09
1085 4.119864e-09
1086 2.890358e-09
1087 2.035913e-09
1088 1.453272e-09
1089 1.058692e-09
1090 7.846090e-10
1091 5.908383e-10
1092 4.485135e-10
1093 3.400814e-10
1094 2.551553e-10
1095 1.878818e-10
1096 1.349027e-10
1097 0.000000e+00
1098 0.000000e+00
1099 0.000000e+00
1100 5.220695e-08
1101 4.674617e-08
1102 4.033330e-08
1103 3.357394e-08
1104 2.709190e-08
1105 2.134616e-08
1106 1.648721e-08
1107 1.241145e-08
1108 9.019616e-09
1109 6.366450e-09
1110 4.482575e-09
1111 3.142447e-09
1112 2.208545e-09
1113 1.572027e-09
1114 1.142315e-09
1115 8.447197e-10
1116 6.352957e-10
1117 4.822534e-10
1118 3.661230e-10
1119 2.753841e-10
1120 2.035751e-10
1121 1.466887e-10
1122 0.000000e+00
1123 0.000000e+00
1124 0.000000e+00
1125 4.832047e-08
1126 4.314953e-08
1127 3.717526e-08
1128 3.093837e-08
1129 2.497921e-08
1130 1.968355e-08
1131 1.518114e-08
1132 1.141552e-08
1133 8.315539e-09
1134 5.899488e-09
1135 4.153599e-09
1136 2.918570e-09
1137 2.053882e-09
1138 1.464067e-09
1139 1.062858e-09
1140 7.852906e-10
1141 5.890590e-10
1142 4.456852e-10
1143 3.370353e-10
1144 2.524986e-10
1145 1.858725e-10
1146 1.336148e-10
1147 0.000000e+00
1148 0.000000e+00
1149 0.000000e+00
1150 5.201724e-08
1151 4.675667e-08
1152 4.053709e-08
1153 3.392754e-08
1154 2.752098e-08
1155 2.176401e-08
1156 1.684700e-08
1157 1.272887e-08
1158 9.319526e-09
1159 6.623852e-09
1160 4.658283e-09
1161 3.272050e-09
1162 2.294975e-09
1163 1.628730e-09
1164 1.176527e-09
1165 8.652457e-10
1166 6.467478e-10
1167 4.884204e-10
1168 3.695359e-10
1169 2.775637e-10
1170 2.052710e-10
1171 1.484565e-10
1172 0.000000e+00
1173 0.000000e+00
1174 0.000000e+00
1175 5.525014e-08
1176 4.990223e-08
1177 4.346970e-08
1178 3.653526e-08
1179 2.973363e-08
1180 2.357257e-08
1181 1.829575e-08
1182 1.387011e-08
1183 1.019081e-08
1184 7.251365e-09
1185 5.095766e-09
1186 3.578553e-09
1187 2.503561e-09
1188 1.771546e-09
1189 1.275234e-09
1190 9.345667e-10
1191 6.968183e-10
1192 5.256803e-10
1193 3.978991e-10
1194 2.994344e-10
1195 2.221604e-10
1196 1.613837e-10
1197 0.000000e+00
1198 0.000000e+00
1199 0.000000e+00
1200 5.934076e-08
1201 5.389047e-08
1202 4.718969e-08
1203 3.984412e-08
1204 3.254047e-08
1205 2.586782e-08
1206 2.013350e-08
1207 1.531990e-08
1208 1.129751e-08
1209 8.048917e-09
1210 5.650928e-09
1211 3.967751e-09
1212 2.768563e-09
1213 1.952651e-09
1214 1.400550e-09
1215 1.022684e-09
1216 7.603441e-10
1217 5.728984e-10
1218 4.337969e-10
1219 3.271681e-10
1220 2.437237e-10
1221 1.777876e-10
1222 0.000000e+00
1223 0.000000e+00
1224 0.000000e+00
1225 5.674398e-08
1226 5.145922e-08
1227 4.502817e-08
1228 3.802317e-08
1229 3.108137e-08
1230 2.472871e-08
1231 1.924417e-08
1232 1.463482e-08
1233 1.080226e-08
1234 7.726641e-09
1235 5.434906e-09
1236 3.814201e-09
1237 2.668028e-09
1238 1.882200e-09
1239 1.348781e-09
1240 9.842792e-10
1241 7.304646e-10
1242 5.489192e-10
1243 4.144711e-10
1244 3.116802e-10
1245 2.314477e-10
1246 1.685704e-10
1247 0.000000e+00
1248 0.000000e+00
1249 0.000000e+00
1250 6.082213e-08
1251 5.550605e-08
1252 4.887975e-08
1253 4.152499e-08
1254 3.411670e-08
1255 2.725042e-08
1256 2.128069e-08
1257 1.625072e-08
1258 1.205793e-08
1259 8.656470e-09
1260 6.089175e-09
1261 4.269758e-09
1262 2.981280e-09
1263 2.095312e-09
1264 1.493699e-09
1265 1.084453e-09
1266 8.011997e-10
1267 6.002794e-10
1268 4.527769e-10
1269 3.408351e-10
1270 2.539573e-10
1271 1.858421e-10
1272 0.000000e+00
1273 0.000000e+00
1274 0.000000e+00
1275 6.597320e-08
1276 6.061577e-08
1277 5.374395e-08
1278 4.594701e-08
1279 3.794434e-08
1280 3.043003e-08
1281 2.384474e-08
1282 1.828708e-08
1283 1.363953e-08
1284 9.827079e-09
1285 6.908701e-09
1286 4.842239e-09
1287 3.374677e-09
1288 2.363208e-09
1289 1.675712e-09
1290 1.210601e-09
1291 8.904181e-10
1292 6.649137e-10
1293 5.010157e-10
1294 3.776100e-10
1295 2.823610e-10
1296 2.075827e-10
1297 0.000000e+00
1298 0.000000e+00
1299 0.000000e+00
1300 6.593600e-08
1301 6.066834e-08
1302 5.389692e-08
1303 4.619194e-08
1304 3.825013e-08
1305 3.075291e-08
1306 2.414038e-08
1307 1.853709e-08
1308 1.385563e-08
1309 1.002265e-08
1310 7.068327e-09
1311 4.950681e-09
1312 3.454472e-09
1313 2.415457e-09
1314 1.709714e-09
1315 1.231619e-09
1316 9.028857e-10
1317 6.721954e-10
1318 5.051032e-10
1319 3.798381e-10
1320 2.835273e-10
1321 2.085312e-10
1322 0.000000e+00
1323 0.000000e+00
1324 0.000000e+00
1325 7.234149e-08
1326 6.713451e-08
1327 6.016998e-08
1328 5.201852e-08
1329 4.340519e-08
1330 3.510959e-08
1331 2.769294e-08
1332 2.137642e-08
1333 1.608536e-08
1334 1.171301e-08
1335 8.277095e-09
1336 5.790691e-09
1337 4.037931e-09
1338 2.810299e-09
1339 1.976349e-09
1340 1.413425e-09
1341 1.028950e-09
1342 7.613482e-10
1343 5.700813e-10
1344 4.286783e-10
1345 3.207063e-10
1346 2.368463e-10
1347 0.000000e+00
1348 0.000000e+00
1349 0.000000e+00
1350 8.091663e-08
1351 7.597241e-08
1352 6.896031e-08
1353 6.039711e-08
1354 5.103304e-08
1355 4.172703e-08
1356 3.319630e-08
1357 2.581952e-08
1358 1.961267e-08
1359 1.445185e-08
1360 1.030440e-08
1361 7.210669e-09
1362 5.023904e-09
1363 3.482166e-09
1364 2.427929e-09
1365 1.715561e-09
1366 1.233838e-09
1367 9.021587e-10
1368 6.692504e-10
1369 5.004796e-10
1370 3.739355e-10
1371 2.770560e-10
1372 0.000000e+00
1373 0.000000e+00
1374 0.000000e+00
1375 5.266192e-07
1376 4.607431e-07
1377 3.830956e-07
1378 3.137934e-07
1379 2.585254e-07
1380 2.043257e-07
1381 1.500765e-07
1382 1.066426e-07
1383 7.587611e-08
1384 5.219706e-08
1385 3.584697e-08
1386 0.000000e+00
1387 0.000000e+00
1388 0.000000e+00
1389 0.000000e+00
1390 0.000000e+00
1391 0.000000e+00
1392 0.000000e+00
1393 0.000000e+00
1394 0.000000e+00
1395 0.000000e+00
1396 0.000000e+00
1397 0.000000e+00
1398 0.000000e+00
1399 0.000000e+00
1400 6.730312e-07
1401 5.914207e-07
1402 4.931336e-07
1403 4.038012e-07
1404 3.323807e-07
1405 2.639868e-07
1406 1.950344e-07
1407 1.384363e-07
1408 9.866615e-08
1409 6.793940e-08
1410 4.665331e-08
1411 0.000000e+00
1412 0.000000e+00
1413 0.000000e+00
1414 0.000000e+00
1415 0.000000e+00
1416 0.000000e+00
1417 0.000000e+00
1418 0.000000e+00
1419 0.000000e+00
1420 0.000000e+00
1421 0.000000e+00
1422 0.000000e+00
1423 0.000000e+00
1424 0.000000e+00
1425 7.721397e-07
1426 6.798614e-07
1427 5.675999e-07
1428 4.647098e-07
1429 3.823660e-07
1430 3.043622e-07
1431 2.254503e-07
1432 1.599430e-07
1433 1.140843e-07
1434 7.858792e-08
1435 5.396305e-08
1436 0.000000e+00
1437 0.000000e+00
1438 0.000000e+00
1439 0.000000e+00
1440 0.000000e+00
1441 0.000000e+00
1442 0.000000e+00
1443 0.000000e+00
1444 0.000000e+00
1445 0.000000e+00
1446 0.000000e+00
1447 0.000000e+00
1448 0.000000e+00
1449 0.000000e+00
1450 8.472126e-07
1451 7.468632e-07
1452 6.240060e-07
1453 5.108472e-07
1454 4.202266e-07
1455 3.349446e-07
1456 2.484902e-07
1457 1.762343e-07
1458 1.257636e-07
1459 8.665416e-08
1460 5.950014e-08
1461 0.000000e+00
1462 0.000000e+00
1463 0.000000e+00
1464 0.000000e+00
1465 0.000000e+00
1466 0.000000e+00
1467 0.000000e+00
1468 0.000000e+00
1469 0.000000e+00
1470 0.000000e+00
1471 0.000000e+00
1472 0.000000e+00
1473 0.000000e+00
1474 0.000000e+00
1475 9.081377e-07
1476 8.012330e-07
1477 6.697827e-07
1478 5.482897e-07
1479 4.509519e-07
1480 3.597630e-07
1481 2.671876e-07
1482 1.894551e-07
1483 1.352416e-07
1484 9.320012e-08
1485 6.399367e-08
1486 0.000000e+00
1487 0.000000e+00
1488 0.000000e+00
1489 0.000000e+00
1490 0.000000e+00
1491 0.000000e+00
1492 0.000000e+00
1493 0.000000e+00
1494 0.000000e+00
1495 0.000000e+00
1496 0.000000e+00
1497 0.000000e+00
1498 0.000000e+00
1499 0.000000e+00
1500 9.583514e-07
1501 8.460437e-07
1502 7.075109e-07
1503 5.791492e-07
1504 4.762753e-07
1505 3.802178e-07
1506 2.825977e-07
1507 2.003514e-07
1508 1.430530e-07
1509 9.859508e-08
1510 6.769704e-08
1511 0.000000e+00
1512 0.000000e+00
1513 0.000000e+00
1514 0.000000e+00
1515 0.000000e+00
1516 0.000000e+00
1517 0.000000e+00
1518 0.000000e+00
1519 0.000000e+00
1520 0.000000e+00
1521 0.000000e+00
1522 0.000000e+00
1523 0.000000e+00
1524 0.000000e+00
1525 1.002402e-06
1526 8.853465e-07
1527 7.406020e-07
1528 6.062157e-07
1529 4.984861e-07
1530 3.981586e-07
1531 2.961138e-07
1532 2.099085e-07
1533 1.499044e-07
1534 1.033270e-07
1535 7.094532e-08
1536 0.000000e+00
1537 0.000000e+00
1538 0.000000e+00
1539 0.000000e+00
1540 0.000000e+00
1541 0.000000e+00
1542 0.000000e+00
1543 0.000000e+00
1544 0.000000e+00
1545 0.000000e+00
1546 0.000000e+00
1547 0.000000e+00
1548 0.000000e+00
1549 0.000000e+00
1550 1.058211e-06
1551 9.351499e-07
1552 7.825332e-07
1553 6.405126e-07
1554 5.266307e-07
1555 4.208929e-07
1556 3.132401e-07
1557 2.220182e-07
1558 1.585861e-07
1559 1.093229e-07
1560 7.506123e-08
1561 0.000000e+00
1562 0.000000e+00
1563 0.000000e+00
1564 0.000000e+00
1565 0.000000e+00
1566 0.000000e+00
1567 0.000000e+00
1568 0.000000e+00
1569 0.000000e+00
1570 0.000000e+00
1571 0.000000e+00
1572 0.000000e+00
1573 0.000000e+00
1574 0.000000e+00
1575 2.360410e-07
1576 2.322400e-07
1577 2.136920e-07
1578 1.831368e-07
1579 1.494976e-07
1580 1.219411e-07
1581 1.014443e-07
1582 7.862678e-08
1583 5.451173e-08
1584 3.963197e-08
1585 2.729766e-08
1586 1.857075e-08
1587 1.254176e-08
1588 0.000000e+00
1589 0.000000e+00
1590 0.000000e+00
1591 0.000000e+00
1592 0.000000e+00
1593 0.000000e+00
1594 0.000000e+00
1595 0.000000e+00
1596 0.000000e+00
1597 0.000000e+00
1598 0.000000e+00
1599 0.000000e+00
1600 3.428097e-07
1601 3.379977e-07
1602 3.119783e-07
1603 2.682301e-07
1604 2.192933e-07
1605 1.786536e-07
1606 1.485371e-07
1607 1.158913e-07
1608 8.060460e-08
1609 5.841289e-08
1610 4.033714e-08
1611 2.748424e-08
1612 1.852278e-08
1613 0.000000e+00
1614 0.000000e+00
1615 0.000000e+00
1616 0.000000e+00
1617 0.000000e+00
1618 0.000000e+00
1619 0.000000e+00
1620 0.000000e+00
1621 0.000000e+00
1622 0.000000e+00
1623 0.000000e+00
1624 0.000000e+00
1625 4.227402e-07
1626 4.171290e-07
1627 3.855031e-07
1628 3.318534e-07
1629 2.714576e-07
1630 2.210449e-07
1631 1.837410e-07
1632 1.437294e-07
1633 1.000749e-07
1634 7.244249e-08
1635 5.006954e-08
1636 3.413697e-08
1637 2.298605e-08
1638 0.000000e+00
1639 0.000000e+00
1640 0.000000e+00
1641 0.000000e+00
1642 0.000000e+00
1643 0.000000e+00
1644 0.000000e+00
1645 0.000000e+00
1646 0.000000e+00
1647 0.000000e+00
1648 0.000000e+00
1649 0.000000e+00
1650 4.876111e-07
1651 4.813660e-07
1652 4.451829e-07
1653 3.834820e-07
1654 3.137979e-07
1655 2.554528e-07
1656 2.123112e-07
1657 1.663287e-07
1658 1.158762e-07
1659 8.383165e-08
1660 5.796985e-08
1661 3.953830e-08
1662 2.660998e-08
1663 0.000000e+00
1664 0.000000e+00
1665 0.000000e+00
1666 0.000000e+00
1667 0.000000e+00
1668 0.000000e+00
1669 0.000000e+00
1670 0.000000e+00
1671 0.000000e+00
1672 0.000000e+00
1673 0.000000e+00
1674 0.000000e+00
1675 5.410863e-07
1676 5.343151e-07
1677 4.943397e-07
1678 4.260276e-07
1679 3.486821e-07
1680 2.837885e-07
1681 2.358548e-07
1682 1.849510e-07
1683 1.288967e-07
1684 9.321523e-08
1685 6.447899e-08
1686 4.398805e-08
1687 2.959576e-08
1688 0.000000e+00
1689 0.000000e+00
1690 0.000000e+00
1691 0.000000e+00
1692 0.000000e+00
1693 0.000000e+00
1694 0.000000e+00
1695 0.000000e+00
1696 0.000000e+00
1697 0.000000e+00
1698 0.000000e+00
1699 0.000000e+00
1700 5.879603e-07
1701 5.807453e-07
1702 5.374754e-07
1703 4.633447e-07
1704 3.792671e-07
1705 3.086564e-07
1706 2.565051e-07
1707 2.012871e-07
1708 1.403214e-07
1709 1.014479e-07
1710 7.018883e-08
1711 4.789271e-08
1712 3.221532e-08
1713 0.000000e+00
1714 0.000000e+00
1715 0.000000e+00
1716 0.000000e+00
1717 0.000000e+00
1718 0.000000e+00
1719 0.000000e+00
1720 0.000000e+00
1721 0.000000e+00
1722 0.000000e+00
1723 0.000000e+00
1724 0.000000e+00
1725 6.473367e-07
1726 6.395460e-07
1727 5.920668e-07
1728 5.106068e-07
1729 4.180171e-07
1730 3.401512e-07
1731 2.826586e-07
1732 2.219753e-07
1733 1.547898e-07
1734 1.118721e-07
1735 7.741973e-08
1736 5.283606e-08
1737 3.553274e-08
1738 0.000000e+00
1739 0.000000e+00
1740 0.000000e+00
1741 0.000000e+00
1742 0.000000e+00
1743 0.000000e+00
1744 0.000000e+00
1745 0.000000e+00
1746 0.000000e+00
1747 0.000000e+00
1748 0.000000e+00
1749 0.000000e+00
1750 1.232725e-07
1751 1.282074e-07
1752 1.262862e-07
1753 1.161882e-07
1754 9.939174e-08
1755 8.092316e-08
1756 6.590141e-08
1757 5.495133e-08
1758 4.248427e-08
1759 2.895280e-08
1760 2.129045e-08
1761 1.444108e-08
1762 9.744440e-09
1763 6.525218e-09
1764 0.000000e+00
1765 0.000000e+00
1766 0.000000e+00
1767 0.000000e+00
1768 0.000000e+00
1769 0.000000e+00
1770 0.000000e+00
1771 0.000000e+00
1772 0.000000e+00
1773 0.000000e+00
1774 0.000000e+00
1775 2.024241e-07
1776 2.106179e-07
1777 2.078540e-07
1778 1.918488e-07
1779 1.646508e-07
1780 1.342337e-07
1781 1.091675e-07
1782 9.096072e-08
1783 7.086876e-08
1784 4.845921e-08
1785 3.549530e-08
1786 2.412183e-08
1787 1.632416e-08
1788 1.089925e-08
1789 0.000000e+00
1790 0.000000e+00
1791 0.000000e+00
1792 0.000000e+00
1793 0.000000e+00
1794 0.000000e+00
1795 0.000000e+00
1796 0.000000e+00
1797 0.000000e+00
1798 0.000000e+00
1799 0.000000e+00
1800 2.647624e-07
1801 2.754713e-07
1802 2.720436e-07
1803 2.513353e-07
1804 2.159205e-07
1805 1.761021e-07
1806 1.431558e-07
1807 1.192567e-07
1808 9.312462e-08
1809 6.374037e-08
1810 4.664174e-08
1811 3.171229e-08
1812 2.147908e-08
1813 1.432876e-08
1814 0.000000e+00
1815 0.000000e+00
1816 0.000000e+00
1817 0.000000e+00
1818 0.000000e+00
1819 0.000000e+00
1820 0.000000e+00
1821 0.000000e+00
1822 0.000000e+00
1823 0.000000e+00
1824 0.000000e+00
1825 3.161113e-07
1826 3.289605e-07
1827 3.249242e-07
1828 3.003466e-07
1829 2.581581e-07
1830 2.105947e-07
1831 1.711564e-07
1832 1.425678e-07
1833 1.114648e-07
1834 7.633078e-08
1835 5.582547e-08
1836 3.796506e-08
1837 2.572680e-08
1838 1.715411e-08
1839 0.000000e+00
1840 0.000000e+00
1841 0.000000e+00
1842 0.000000e+00
1843 0.000000e+00
1844 0.000000e+00
1845 0.000000e+00
1846 0.000000e+00
1847 0.000000e+00
1848 0.000000e+00
1849 0.000000e+00
1850 3.611564e-07
1851 3.758483e-07
1852 3.713247e-07
1853 3.433410e-07
1854 2.952102e-07
1855 2.408527e-07
1856 1.957195e-07
1857 1.630171e-07
1858 1.275534e-07
1859 8.737546e-08
1860 6.388172e-08
1861 4.345018e-08
1862 2.945271e-08
1863 1.963371e-08
1864 0.000000e+00
1865 0.000000e+00
1866 0.000000e+00
1867 0.000000e+00
1868 0.000000e+00
1869 0.000000e+00
1870 0.000000e+00
1871 0.000000e+00
1872 0.000000e+00
1873 0.000000e+00
1874 0.000000e+00
1875 4.182444e-07
1876 4.352722e-07
1877 4.301176e-07
1878 3.978308e-07
1879 3.421693e-07
1880 2.792011e-07
1881 2.268502e-07
1882 1.889341e-07
1883 1.479441e-07
1884 1.013775e-07
1885 7.409056e-08
1886 5.040201e-08
1887 3.417717e-08
1888 2.277511e-08
1889 0.000000e+00
1890 0.000000e+00
1891 0.000000e+00
1892 0.000000e+00
1893 0.000000e+00
1894 0.000000e+00
1895 0.000000e+00
1896 0.000000e+00
1897 0.000000e+00
1898 0.000000e+00
1899 0.000000e+00
1900 1.335897e-07
1901 1.433845e-07
1902 1.472875e-07
1903 1.428967e-07
1904 1.292476e-07
1905 1.089435e-07
1906 8.819329e-08
1907 7.222860e-08
1908 6.010780e-08
1909 4.477988e-08
1910 3.039921e-08
1911 2.210763e-08
1912 1.497028e-08
1913 9.872406e-09
1914 6.595566e-09
1915 0.000000e+00
1916 0.000000e+00
1917 0.000000e+00
1918 0.000000e+00
1919 0.000000e+00
1920 0.000000e+00
1921 0.000000e+00
1922 0.000000e+00
1923 0.000000e+00
1924 0.000000e+00
1925 1.818290e-07
1926 1.951014e-07
1927 2.004537e-07
1928 1.945969e-07
1929 1.761433e-07
1930 1.485825e-07
1931 1.203027e-07
1932 9.847172e-08
1933 8.196323e-08
1934 6.120363e-08
1935 4.151985e-08
1936 3.023489e-08
1937 2.045623e-08
1938 1.350087e-08
1939 9.014897e-09
1940 0.000000e+00
1941 0.000000e+00
1942 0.000000e+00
1943 0.000000e+00
1944 0.000000e+00
1945 0.000000e+00
1946 0.000000e+00
1947 0.000000e+00
1948 0.000000e+00
1949 0.000000e+00
1950 2.241468e-07
1951 2.404646e-07
1952 2.470924e-07
1953 2.399481e-07
1954 2.172834e-07
1955 1.833566e-07
1956 1.484713e-07
1957 1.214948e-07
1958 1.011364e-07
1959 7.561226e-08
1960 5.127260e-08
1961 3.736495e-08
1962 2.526879e-08
1963 1.668413e-08
1964 1.113727e-08
1965 0.000000e+00
1966 0.000000e+00
1967 0.000000e+00
1968 0.000000e+00
1969 0.000000e+00
1970 0.000000e+00
1971 0.000000e+00
1972 0.000000e+00
1973 0.000000e+00
1974 0.000000e+00
1975 2.777620e-07
1976 2.979414e-07
1977 3.061852e-07
1978 2.974097e-07
1979 2.694046e-07
1980 2.274128e-07
1981 1.841590e-07
1982 1.506633e-07
1983 1.254271e-07
1984 9.386672e-08
1985 6.363546e-08
1986 4.639617e-08
1987 3.136610e-08
1988 2.071618e-08
1989 1.382621e-08
1990 0.000000e+00
1991 0.000000e+00
1992 0.000000e+00
1993 0.000000e+00
1994 0.000000e+00
1995 0.000000e+00
1996 0.000000e+00
1997 0.000000e+00
1998 0.000000e+00
1999 0.000000e+00
2000 9.464711e-08
2001 1.037205e-07
2002 1.094201e-07
2003 1.100538e-07
2004 1.040015e-07
2005 9.119184e-08
2006 7.505884e-08
2007 6.065075e-08
2008 5.031599e-08
2009 4.081337e-08
2010 2.842353e-08
2011 2.024351e-08
2012 1.382088e-08
2013 9.410943e-09
2014 6.111547e-09
2015 0.000000e+00
2016 0.000000e+00
2017 0.000000e+00
2018 0.000000e+00
2019 0.000000e+00
2020 0.000000e+00
2021 0.000000e+00
2022 0.000000e+00
2023 0.000000e+00
2024 0.000000e+00
2025 1.339903e-07
2026 1.467480e-07
2027 1.547889e-07
2028 1.557255e-07
2029 1.472374e-07
2030 1.292217e-07
2031 1.064116e-07
2032 8.598044e-08
2033 7.130003e-08
2034 5.790785e-08
2035 4.039908e-08
2036 2.871016e-08
2037 1.963579e-08
2038 1.337232e-08
2039 8.680708e-09
2040 0.000000e+00
2041 0.000000e+00
2042 0.000000e+00
2043 0.000000e+00
2044 0.000000e+00
2045 0.000000e+00
2046 0.000000e+00
2047 0.000000e+00
2048 0.000000e+00
2049 0.000000e+00
2050 1.838475e-07
2051 2.012744e-07
2052 2.122828e-07
2053 2.135920e-07
2054 2.020318e-07
2055 1.774126e-07
2056 1.461594e-07
2057 1.180705e-07
2058 9.788472e-08
2059 7.957049e-08
2060 5.557212e-08
2061 3.943900e-08
2062 2.700333e-08
2063 1.839138e-08
2064 1.193379e-08
2065 0.000000e+00
2066 0.000000e+00
2067 0.000000e+00
2068 0.000000e+00
2069 0.000000e+00
2070 0.000000e+00
2071 0.000000e+00
2072 0.000000e+00
2073 0.000000e+00
2074 0.000000e+00
2075 7.272139e-08
2076 8.094888e-08
2077 8.720812e-08
2078 9.002406e-08
2079 8.777718e-08
2080 7.980392e-08
2081 6.760250e-08
2082 5.474499e-08
2083 4.469685e-08
2084 3.725364e-08
2085 2.809177e-08
2086 1.882926e-08
2087 1.377914e-08
2088 9.205469e-09
2089 6.017643e-09
2090 3.957190e-09
2091 0.000000e+00
2092 0.000000e+00
2093 0.000000e+00
2094 0.000000e+00
2095 0.000000e+00
2096 0.000000e+00
2097 0.000000e+00
2098 0.000000e+00
2099 0.000000e+00
2100 1.187546e-07
2101 1.320370e-07
2102 1.421697e-07
2103 1.467775e-07
2104 1.431977e-07
2105 1.302733e-07
2106 1.104237e-07
2107 8.944206e-08
2108 7.298829e-08
2109 6.083847e-08
2110 4.596912e-08
2111 3.080792e-08
2112 2.256976e-08
2113 1.506459e-08
2114 9.857194e-09
2115 6.478458e-09
2116 0.000000e+00
2117 0.000000e+00
2118 0.000000e+00
2119 0.000000e+00
2120 0.000000e+00
2121 0.000000e+00
2122 0.000000e+00
2123 0.000000e+00
2124 0.000000e+00
2125 7.299555e-08
2126 8.225657e-08
2127 8.982454e-08
2128 9.442511e-08
2129 9.464235e-08
2130 8.900135e-08
2131 7.751487e-08
2132 6.355466e-08
2133 5.136253e-08
2134 4.269651e-08
2135 3.432266e-08
2136 2.360143e-08
2137 1.697945e-08
2138 1.137471e-08
2139 7.667236e-09
2140 4.927397e-09
2141 0.000000e+00
2142 0.000000e+00
2143 0.000000e+00
2144 0.000000e+00
2145 0.000000e+00
2146 0.000000e+00
2147 0.000000e+00
2148 0.000000e+00
2149 0.000000e+00
2150 3.887763e-08
2151 4.428880e-08
2152 4.906554e-08
2153 5.248376e-08
2154 5.359208e-08
2155 5.161021e-08
2156 4.634721e-08
2157 3.877852e-08
2158 3.129475e-08
2159 2.571576e-08
2160 2.137264e-08
2161 1.556934e-08
2162 1.055293e-08
2163 7.493716e-09
2164 5.037143e-09
2165 3.215640e-09
2166 2.092610e-09
2167 0.000000e+00
2168 0.000000e+00
2169 0.000000e+00
2170 0.000000e+00
2171 0.000000e+00
2172 0.000000e+00
2173 0.000000e+00
2174 0.000000e+00
2175 4.050824e-05
2176 3.566362e-05
2177 2.972888e-05
2178 2.429153e-05
2179 2.001562e-05
2180 1.600930e-05
2181 1.180493e-05
2182 8.363666e-06
2183 5.984687e-06
2184 4.114759e-06
2185 2.820668e-06
2186 0.000000e+00
2187 0.000000e+00
2188 0.000000e+00
2189 0.000000e+00
2190 0.000000e+00
2191 0.000000e+00
2192 0.000000e+00
2193 0.000000e+00
2194 0.000000e+00
2195 0.000000e+00
2196 0.000000e+00
2197 0.000000e+00
2198 0.000000e+00
2199 0.000000e+00
2200 2.255427e-05
2201 2.228637e-05
2202 2.064192e-05
2203 1.779692e-05
2204 1.455055e-05
2205 1.182750e-05
2206 9.848248e-06
2207 7.755463e-06
2208 5.367693e-06
2209 3.912368e-06
2210 2.691369e-06
2211 1.839542e-06
2212 1.236589e-06
2213 0.000000e+00
2214 0.000000e+00
2215 0.000000e+00
2216 0.000000e+00
2217 0.000000e+00
2218 0.000000e+00
2219 0.000000e+00
2220 0.000000e+00
2221 0.000000e+00
2222 0.000000e+00
2223 0.000000e+00
2224 0.000000e+00
2225 1.456022e-05
2226 1.514686e-05
2227 1.497432e-05
2228 1.385172e-05
2229 1.191112e-05
2230 9.714778e-06
2231 7.886658e-06
2232 6.574198e-06
2233 5.157044e-06
2234 3.519317e-06
2235 2.589119e-06
2236 1.752909e-06
2237 1.189867e-06
2238 7.929058e-07
2239 0.000000e+00
2240 0.000000e+00
2241 0.000000e+00
2242 0.000000e+00
2243 0.000000e+00
2244 0.000000e+00
2245 0.000000e+00
2246 0.000000e+00
2247 0.000000e+00
2248 0.000000e+00
2249 0.000000e+00
2250 9.860891e-06
2251 1.056810e-05
2252 1.085796e-05
2253 1.054397e-05
2254 9.553677e-06
2255 8.069501e-06
2256 6.531163e-06
2257 5.340956e-06
2258 4.450999e-06
2259 3.337575e-06
2260 2.251563e-06
2261 1.648938e-06
2262 1.113894e-06
2263 7.349108e-07
2264 4.908798e-07
2265 0.000000e+00
2266 0.000000e+00
2267 0.000000e+00
2268 0.000000e+00
2269 0.000000e+00
2270 0.000000e+00
2271 0.000000e+00
2272 0.000000e+00
2273 0.000000e+00
2274 0.000000e+00
2275 6.961703e-06
2276 7.608534e-06
2277 8.016099e-06
2278 8.063643e-06
2279 7.635895e-06
2280 6.709048e-06
2281 5.525282e-06
2282 4.462092e-06
2283 3.698749e-06
2284 3.015848e-06
2285 2.104839e-06
2286 1.492144e-06
2287 1.021124e-06
2288 6.970282e-07
2289 4.516099e-07
2290 0.000000e+00
2291 0.000000e+00
2292 0.000000e+00
2293 0.000000e+00
2294 0.000000e+00
2295 0.000000e+00
2296 0.000000e+00
2297 0.000000e+00
2298 0.000000e+00
2299 0.000000e+00
2300 5.073291e-06
2301 5.626464e-06
2302 6.051774e-06
2303 6.248678e-06
2304 6.096273e-06
2305 5.547747e-06
2306 4.705808e-06
2307 3.811404e-06
2308 3.108563e-06
2309 2.591679e-06
2310 1.963096e-06
2311 1.311556e-06
2312 9.644673e-07
2313 6.429210e-07
2314 4.208410e-07
2315 2.766318e-07
2316 0.000000e+00
2317 0.000000e+00
2318 0.000000e+00
2319 0.000000e+00
2320 0.000000e+00
2321 0.000000e+00
2322 0.000000e+00
2323 0.000000e+00
2324 0.000000e+00
2325 3.790361e-06
2326 4.258050e-06
2327 4.641102e-06
2328 4.874344e-06
2329 4.885622e-06
2330 4.600810e-06
2331 4.009238e-06
2332 3.287685e-06
2333 2.656155e-06
2334 2.207403e-06
2335 1.778802e-06
2336 1.224474e-06
2337 8.793489e-07
2338 5.892713e-07
2339 3.978443e-07
2340 2.554234e-07
2341 0.000000e+00
2342 0.000000e+00
2343 0.000000e+00
2344 0.000000e+00
2345 0.000000e+00
2346 0.000000e+00
2347 0.000000e+00
2348 0.000000e+00
2349 0.000000e+00
2350 2.627885e-06
2351 2.977973e-06
2352 3.289669e-06
2353 3.515821e-06
2354 3.589454e-06
2355 3.458195e-06
2356 3.108967e-06
2357 2.605128e-06
2358 2.101735e-06
2359 1.725571e-06
2360 1.435212e-06
2361 1.050637e-06
2362 7.093150e-07
2363 5.056772e-07
2364 3.395228e-07
2365 2.167884e-07
2366 1.411171e-07
2367 0.000000e+00
2368 0.000000e+00
2369 0.000000e+00
2370 0.000000e+00
2371 0.000000e+00
2372 0.000000e+00
2373 0.000000e+00
2374 0.000000e+00
2375 1.506352e-06
2376 1.725312e-06
2377 1.926515e-06
2378 2.086276e-06
2379 2.175895e-06
2380 2.157091e-06
2381 1.994968e-06
2382 1.712578e-06
2383 1.395154e-06
2384 1.130351e-06
2385 9.427052e-07
2386 7.363762e-07
2387 4.962706e-07
2388 3.651053e-07
2389 2.399398e-07
2390 1.581981e-07
2391 1.015149e-07
2392 0.000000e+00
2393 0.000000e+00
2394 0.000000e+00
2395 0.000000e+00
2396 0.000000e+00
2397 0.000000e+00
2398 0.000000e+00
2399 0.000000e+00
2400 6.657400e-07
2401 7.687947e-07
2402 8.690617e-07
2403 9.557696e-07
2404 1.013156e-06
2405 1.025834e-06
2406 9.793462e-07
2407 8.697671e-07
2408 7.205154e-07
2409 5.813684e-07
2410 4.796422e-07
2411 3.959311e-07
2412 2.804389e-07
2413 1.942013e-07
2414 1.341277e-07
2415 9.023272e-08
2416 5.693647e-08
2417 3.651129e-08
2418 0.000000e+00
2419 0.000000e+00
2420 0.000000e+00
2421 0.000000e+00
2422 0.000000e+00
2423 0.000000e+00
2424 0.000000e+00
2425 0.000000e+00
2426 0.000000e+00
2427 0.000000e+00
2428 0.000000e+00
2429 0.000000e+00
2430 0.000000e+00
2431 0.000000e+00
2432 2.658678e-07
2433 1.900278e-07
2434 1.310401e-07
2435 8.997103e-08
2436 0.000000e+00
2437 0.000000e+00
2438 0.000000e+00
2439 0.000000e+00
2440 0.000000e+00
2441 0.000000e+00
2442 0.000000e+00
2443 0.000000e+00
2444 0.000000e+00
2445 0.000000e+00
2446 0.000000e+00
2447 0.000000e+00
2448 0.000000e+00
2449 0.000000e+00
2450 0.000000e+00
2451 0.000000e+00
2452 0.000000e+00
2453 0.000000e+00
2454 0.000000e+00
2455 0.000000e+00
2456 0.000000e+00
2457 2.969454e-07
2458 2.072345e-07
2459 1.496677e-07
2460 1.036340e-07
2461 7.075961e-08
2462 4.755880e-08
2463 0.000000e+00
2464 0.000000e+00
2465 0.000000e+00
2466 0.000000e+00
2467 0.000000e+00
2468 0.000000e+00
2469 0.000000e+00
2470 0.000000e+00
2471 0.000000e+00
2472 0.000000e+00
2473 0.000000e+00
2474 0.000000e+00
2475 0.000000e+00
2476 0.000000e+00
2477 0.000000e+00
2478 0.000000e+00
2479 0.000000e+00
2480 0.000000e+00
2481 0.000000e+00
2482 2.827988e-07
2483 2.218003e-07
2484 1.520832e-07
2485 1.110700e-07
2486 7.558427e-08
2487 5.128443e-08
2488 3.415156e-08
2489 0.000000e+00
2490 0.000000e+00
2491 0.000000e+00
2492 0.000000e+00
2493 0.000000e+00
2494 0.000000e+00
2495 0.000000e+00
2496 0.000000e+00
2497 0.000000e+00
2498 0.000000e+00
2499 0.000000e+00
2500 0.000000e+00
2501 0.000000e+00
2502 0.000000e+00
2503 0.000000e+00
2504 0.000000e+00
2505 0.000000e+00
2506 0.000000e+00
2507 2.563339e-07
2508 2.134269e-07
2509 1.599958e-07
2510 1.084119e-07
2511 7.912281e-08
2512 5.345524e-08
2513 3.532740e-08
2514 2.356770e-08
2515 0.000000e+00
2516 0.000000e+00
2517 0.000000e+00
2518 0.000000e+00
2519 0.000000e+00
2520 0.000000e+00
2521 0.000000e+00
2522 0.000000e+00
2523 0.000000e+00
2524 0.000000e+00
2525 0.000000e+00
2526 0.000000e+00
2527 0.000000e+00
2528 0.000000e+00
2529 0.000000e+00
2530 0.000000e+00
2531 0.000000e+00
2532 2.342737e-07
2533 1.941523e-07
2534 1.580571e-07
2535 1.105320e-07
2536 7.830025e-08
2537 5.369443e-08
2538 3.657185e-08
2539 2.372067e-08
2540 0.000000e+00
2541 0.000000e+00
2542 0.000000e+00
2543 0.000000e+00
2544 0.000000e+00
2545 0.000000e+00
2546 0.000000e+00
2547 0.000000e+00
2548 0.000000e+00
2549 0.000000e+00
2550 0.000000e+00
2551 0.000000e+00
2552 0.000000e+00
2553 0.000000e+00
2554 0.000000e+00
2555 0.000000e+00
2556 0.000000e+00
2557 2.151481e-07
2558 1.754860e-07
2559 1.462830e-07
2560 1.107375e-07
2561 7.420526e-08
2562 5.441716e-08
2563 3.629181e-08
2564 2.376747e-08
2565 1.561285e-08
2566 0.000000e+00
2567 0.000000e+00
2568 0.000000e+00
2569 0.000000e+00
2570 0.000000e+00
2571 0.000000e+00
2572 0.000000e+00
2573 0.000000e+00
2574 0.000000e+00
2575 0.000000e+00
2576 0.000000e+00
2577 0.000000e+00
2578 0.000000e+00
2579 0.000000e+00
2580 0.000000e+00
2581 0.000000e+00
2582 1.970947e-07
2583 1.592494e-07
2584 1.323216e-07
2585 1.065881e-07
2586 7.340490e-08
2587 5.268455e-08
2588 3.535628e-08
2589 2.384887e-08
2590 1.531383e-08
2591 0.000000e+00
2592 0.000000e+00
2593 0.000000e+00
2594 0.000000e+00
2595 0.000000e+00
2596 0.000000e+00
2597 0.000000e+00
2598 0.000000e+00
2599 0.000000e+00
2600 0.000000e+00
2601 0.000000e+00
2602 0.000000e+00
2603 0.000000e+00
2604 0.000000e+00
2605 0.000000e+00
2606 0.000000e+00
2607 1.781996e-07
2608 1.438177e-07
2609 1.180703e-07
2610 9.816630e-08
2611 7.184180e-08
2612 4.855089e-08
2613 3.461922e-08
2614 2.323228e-08
2615 1.484858e-08
2616 9.661236e-09
2617 0.000000e+00
2618 0.000000e+00
2619 0.000000e+00
2620 0.000000e+00
2621 0.000000e+00
2622 0.000000e+00
2623 0.000000e+00
2624 0.000000e+00
2625 0.000000e+00
2626 0.000000e+00
2627 0.000000e+00
2628 0.000000e+00
2629 0.000000e+00
2630 0.000000e+00
2631 0.000000e+00
2632 1.533142e-07
2633 1.249065e-07
2634 1.012207e-07
2635 8.439251e-08
2636 6.594169e-08
2637 4.447174e-08
2638 3.264455e-08
2639 2.149125e-08
2640 1.417215e-08
2641 9.091687e-09
2642 0.000000e+00
2643 0.000000e+00
2644 0.000000e+00
2645 0.000000e+00
2646 0.000000e+00
2647 0.000000e+00
2648 0.000000e+00
2649 0.000000e+00
2650 0.000000e+00
2651 0.000000e+00
2652 0.000000e+00
2653 0.000000e+00
2654 0.000000e+00
2655 0.000000e+00
2656 0.000000e+00
2657 1.214972e-07
2658 1.009634e-07
2659 8.149267e-08
2660 6.714863e-08
2661 5.545460e-08
2662 3.968782e-08
2663 2.732253e-08
2664 1.903802e-08
2665 1.276825e-08
2666 8.080716e-09
2667 5.184073e-09
2668 0.000000e+00
2669 0.000000e+00
2670 0.000000e+00
2671 0.000000e+00
2672 0.000000e+00
2673 0.000000e+00
2674 0.000000e+00
2675 0.000000e+00
2676 0.000000e+00
2677 0.000000e+00
2678 0.000000e+00
2679 0.000000e+00
2680 0.000000e+00
2681 0.000000e+00
2682 5.258075e-10
2683 3.883496e-10
2684 2.953171e-10
2685 2.298519e-10
2686 1.797868e-10
2687 1.402541e-10
2688 1.074862e-10
2689 7.996599e-11
2690 5.715679e-11
2691 3.895030e-11
2692 2.518857e-11
2693 1.545566e-11
2694 9.045347e-12
2695 5.096623e-12
2696 0.000000e+00
2697 0.000000e+00
2698 0.000000e+00
2699 0.000000e+00
2700 0.000000e+00
2701 0.000000e+00
2702 0.000000e+00
2703 0.000000e+00
2704 0.000000e+00
2705 0.000000e+00
2706 0.000000e+00
2707 2.620566e-09
2708 1.861062e-09
2709 1.319439e-09
2710 9.562528e-10
2711 7.108611e-10
2712 5.384405e-10
2713 4.145567e-10
2714 3.209980e-10
2715 2.469407e-10
2716 1.864797e-10
2717 1.368304e-10
2718 9.678587e-11
2719 6.570539e-11
2720 4.280212e-11
2721 0.000000e+00
2722 0.000000e+00
2723 0.000000e+00
2724 0.000000e+00
2725 0.000000e+00
2726 0.000000e+00
2727 0.000000e+00
2728 0.000000e+00
2729 0.000000e+00
2730 0.000000e+00
2731 0.000000e+00
2732 5.251255e-09
2733 3.715139e-09
2734 2.630004e-09
2735 1.855032e-09
2736 1.329618e-09
2737 9.766092e-10
2738 7.307417e-10
2739 5.570544e-10
2740 4.287424e-10
2741 3.295812e-10
2742 2.501244e-10
2743 1.854958e-10
2744 1.333379e-10
2745 9.238830e-11
2746 0.000000e+00
2747 0.000000e+00
2748 0.000000e+00
2749 0.000000e+00
2750 0.000000e+00
2751 0.000000e+00
2752 0.000000e+00
2753 0.000000e+00
2754 0.000000e+00
2755 0.000000e+00
2756 0.000000e+00
2757 8.414875e-09
2758 5.928847e-09
2759 4.197344e-09
2760 2.946926e-09
2761 2.080013e-09
2762 1.487977e-09
2763 1.089978e-09
2764 8.135750e-10
2765 6.182324e-10
2766 4.740773e-10
2767 3.630345e-10
2768 2.746777e-10
2769 2.032986e-10
2770 1.460928e-10
2771 0.000000e+00
2772 0.000000e+00
2773 0.000000e+00
2774 0.000000e+00
2775 0.000000e+00
2776 0.000000e+00
2777 0.000000e+00
2778 0.000000e+00
2779 0.000000e+00
2780 0.000000e+00
2781 0.000000e+00
2782 1.198582e-08
2783 8.578150e-09
2784 6.028645e-09
2785 4.258361e-09
2786 2.970935e-09
2787 2.098003e-09
2788 1.506701e-09
2789 1.104180e-09
2790 8.254777e-10
2791 6.268325e-10
2792 4.793509e-10
2793 3.652933e-10
2794 2.746229e-10
2795 2.018933e-10
2796 0.000000e+00
2797 0.000000e+00
2798 0.000000e+00
2799 0.000000e+00
2800 0.000000e+00
2801 0.000000e+00
2802 0.000000e+00
2803 0.000000e+00
2804 0.000000e+00
2805 0.000000e+00
2806 0.000000e+00
2807 1.600304e-08
2808 1.169071e-08
2809 8.245202e-09
2810 5.799208e-09
2811 4.056285e-09
2812 2.834586e-09
2813 2.002521e-09
2814 1.445075e-09
2815 1.062114e-09
2816 7.961096e-10
2817 6.044419e-10
2818 4.605780e-10
2819 3.487672e-10
2820 2.600338e-10
2821 0.000000e+00
2822 0.000000e+00
2823 0.000000e+00
2824 0.000000e+00
2825 0.000000e+00
2826 0.000000e+00
2827 0.000000e+00
2828 0.000000e+00
2829 0.000000e+00
2830 0.000000e+00
2831 0.000000e+00
2832 2.057373e-08
2833 1.530764e-08
2834 1.093907e-08
2835 7.663531e-09
2836 5.378494e-09
2837 3.729138e-09
2838 2.609094e-09
2839 1.853586e-09
2840 1.342028e-09
2841 9.905533e-10
2842 7.439936e-10
2843 5.640504e-10
2844 4.277822e-10
2845 3.214070e-10
2846 0.000000e+00
2847 0.000000e+00
2848 0.000000e+00
2849 0.000000e+00
2850 0.000000e+00
2851 0.000000e+00
2852 0.000000e+00
2853 0.000000e+00
2854 0.000000e+00
2855 0.000000e+00
2856 0.000000e+00
2857 2.567382e-08
2858 1.937435e-08
2859 1.407146e-08
2860 9.885776e-09
2861 6.919983e-09
2862 4.802978e-09
2863 3.333193e-09
2864 2.335070e-09
2865 1.667887e-09
2866 1.213015e-09
2867 8.993302e-10
2868 6.759332e-10
2869 5.110038e-10
2870 3.849900e-10
2871 0.000000e+00
2872 0.000000e+00
2873 0.000000e+00
2874 0.000000e+00
2875 0.000000e+00
2876 0.000000e+00
2877 0.000000e+00
2878 0.000000e+00
2879 0.000000e+00
2880 0.000000e+00
2881 0.000000e+00
2882 3.162255e-08
2883 2.413398e-08
2884 1.781126e-08
2885 1.263613e-08
2886 8.817596e-09
2887 6.141330e-09
2888 4.231033e-09
2889 2.936304e-09
2890 2.068266e-09
2891 1.482150e-09
2892 1.082887e-09
2893 8.046129e-10
2894 6.039262e-10
2895 4.542562e-10
2896 0.000000e+00
2897 0.000000e+00
2898 0.000000e+00
2899 0.000000e+00
2900 0.000000e+00
2901 0.000000e+00
2902 0.000000e+00
2903 0.000000e+00
2904 0.000000e+00
2905 0.000000e+00
2906 0.000000e+00
2907 4.232610e-08
2908 3.272363e-08
2909 2.464001e-08
2910 1.787077e-08
2911 1.253444e-08
2912 8.714989e-09
2913 6.005722e-09
2914 4.121899e-09
2915 2.848975e-09
2916 2.000940e-09
2917 1.428132e-09
2918 1.038454e-09
2919 7.667536e-10
2920 5.706950e-10
2921 0.000000e+00
2922 0.000000e+00
2923 0.000000e+00
2924 0.000000e+00
2925 0.000000e+00
2926 0.000000e+00
2927 0.000000e+00
2928 0.000000e+00
2929 0.000000e+00
2930 0.000000e+00
2931 0.000000e+00
2932 1.351332e-07
2933 1.104743e-07
2934 8.773403e-08
2935 6.813520e-08
2936 5.169156e-08
2937 3.786975e-08
2938 2.654052e-08
2939 1.820566e-08
2940 1.239038e-08
2941 8.261902e-09
2942 5.482284e-09
2943 3.656767e-09
2944 2.452174e-09
2945 1.663403e-09
2946 0.000000e+00
2947 0.000000e+00
2948 0.000000e+00
2949 0.000000e+00
2950 0.000000e+00
2951 0.000000e+00
2952 0.000000e+00
2953 0.000000e+00
2954 0.000000e+00
2955 0.000000e+00
2956 7.233691e-12
2957 5.361200e-12
2958 4.039340e-12
2959 3.000127e-12
2960 2.263769e-12
2961 0.000000e+00
2962 0.000000e+00
2963 0.000000e+00
2964 0.000000e+00
2965 0.000000e+00
2966 0.000000e+00
2967 0.000000e+00
2968 0.000000e+00
2969 0.000000e+00
2970 0.000000e+00
2971 0.000000e+00
2972 0.000000e+00
2973 0.000000e+00
2974 0.000000e+00
2975 0.000000e+00
2976 0.000000e+00
2977 0.000000e+00
2978 0.000000e+00
2979 0.000000e+00
2980 0.000000e+00
2981 4.893121e-12
2982 3.882371e-12
2983 2.772531e-12
2984 2.074933e-12
2985 1.513747e-12
2986 1.106229e-12
2987 8.134862e-13
2988 0.000000e+00
2989 0.000000e+00
2990 0.000000e+00
2991 0.000000e+00
2992 0.000000e+00
2993 0.000000e+00
2994 0.000000e+00
2995 0.000000e+00
2996 0.000000e+00
2997 0.000000e+00
2998 0.000000e+00
2999 0.000000e+00
3000 0.000000e+00
3001 0.000000e+00
3002 0.000000e+00
3003 0.000000e+00
3004 0.000000e+00
3005 0.000000e+00
3006 3.541357e-12
3007 2.954330e-12
3008 2.332735e-12
3009 1.625494e-12
3010 1.215950e-12
3011 8.632448e-13
3012 6.207389e-13
3013 4.456655e-13
3014 0.000000e+00
3015 0.000000e+00
3016 0.000000e+00
3017 0.000000e+00
3018 0.000000e+00
3019 0.000000e+00
3020 0.000000e+00
3021 0.000000e+00
3022 0.000000e+00
3023 0.000000e+00
3024 0.000000e+00
3025 0.000000e+00
3026 0.000000e+00
3027 0.000000e+00
3028 0.000000e+00
3029 0.000000e+00
3030 0.000000e+00
3031 2.807339e-12
3032 2.296540e-12
3033 1.914844e-12
3034 1.444603e-12
3035 9.884765e-13
3036 7.382690e-13
3037 5.153751e-13
3038 3.584083e-13
3039 2.547835e-13
3040 0.000000e+00
3041 0.000000e+00
3042 0.000000e+00
3043 0.000000e+00
3044 0.000000e+00
3045 0.000000e+00
3046 0.000000e+00
3047 0.000000e+00
3048 0.000000e+00
3049 0.000000e+00
3050 0.000000e+00
3051 0.000000e+00
3052 0.000000e+00
3053 0.000000e+00
3054 0.000000e+00
3055 0.000000e+00
3056 2.323397e-12
3057 1.876713e-12
3058 1.554239e-12
3059 1.268639e-12
3060 8.951777e-13
3061 6.356291e-13
3062 4.444891e-13
3063 3.112992e-13
3064 2.108088e-13
3065 0.000000e+00
3066 0.000000e+00
3067 0.000000e+00
3068 0.000000e+00
3069 0.000000e+00
3070 0.000000e+00
3071 0.000000e+00
3072 0.000000e+00
3073 0.000000e+00
3074 0.000000e+00
3075 0.000000e+00
3076 0.000000e+00
3077 0.000000e+00
3078 0.000000e+00
3079 0.000000e+00
3080 0.000000e+00
3081 1.966204e-12
3082 1.592646e-12
3083 1.299120e-12
3084 1.083861e-12
3085 8.236759e-13
3086 5.527458e-13
3087 4.096522e-13
3088 2.766466e-13
3089 1.855131e-13
3090 1.254575e-13
3091 0.000000e+00
3092 0.000000e+00
3093 0.000000e+00
3094 0.000000e+00
3095 0.000000e+00
3096 0.000000e+00
3097 0.000000e+00
3098 0.000000e+00
3099 0.000000e+00
3100 0.000000e+00
3101 0.000000e+00
3102 0.000000e+00
3103 0.000000e+00
3104 0.000000e+00
3105 0.000000e+00
3106 1.699410e-12
3107 1.395973e-12
3108 1.127033e-12
3109 9.353608e-13
3110 7.566284e-13
3111 5.252385e-13
3112 3.743462e-13
3113 2.529215e-13
3114 1.731216e-13
3115 1.131073e-13
3116 0.000000e+00
3117 0.000000e+00
3118 0.000000e+00
3119 0.000000e+00
3120 0.000000e+00
3121 0.000000e+00
3122 0.000000e+00
3123 0.000000e+00
3124 0.000000e+00
3125 0.000000e+00
3126 0.000000e+00
3127 0.000000e+00
3128 0.000000e+00
3129 0.000000e+00
3130 0.000000e+00
3131 1.480632e-12
3132 1.241049e-12
3133 1.002465e-12
3134 8.229589e-13
3135 6.840626e-13
3136 5.022832e-13
3137 3.391520e-13
3138 2.445069e-13
3139 1.635406e-13
3140 1.051491e-13
3141 6.939394e-14
3142 0.000000e+00
3143 0.000000e+00
3144 0.000000e+00
3145 0.000000e+00
3146 0.000000e+00
3147 0.000000e+00
3148 0.000000e+00
3149 0.000000e+00
3150 0.000000e+00
3151 0.000000e+00
3152 0.000000e+00
3153 0.000000e+00
3154 0.000000e+00
3155 0.000000e+00
3156 1.267448e-12
3157 1.090199e-12
3158 8.884546e-13
3159 7.190850e-13
3160 5.997233e-13
3161 4.715496e-13
3162 3.188154e-13
3163 2.328149e-13
3164 1.537463e-13
3165 1.023134e-13
3166 6.534715e-14
3167 0.000000e+00
3168 0.000000e+00
3169 0.000000e+00
3170 0.000000e+00
3171 0.000000e+00
3172 0.000000e+00
3173 0.000000e+00
3174 0.000000e+00
3175 0.000000e+00
3176 0.000000e+00
3177 0.000000e+00
3178 0.000000e+00
3179 0.000000e+00
3180 0.000000e+00
3181 1.045260e-12
3182 9.323519e-13
3183 7.763395e-13
3184 6.270871e-13
3185 5.160603e-13
3186 4.265645e-13
3187 3.076411e-13
3188 2.107898e-13
3189 1.478821e-13
3190 9.879485e-14
3191 6.271407e-14
3192 4.031217e-14
3193 0.000000e+00
3194 0.000000e+00
3195 0.000000e+00
3196 0.000000e+00
3197 0.000000e+00
3198 0.000000e+00
3199 0.000000e+00
3200 0.000000e+00
3201 0.000000e+00
3202 0.000000e+00
3203 0.000000e+00
3204 0.000000e+00
3205 0.000000e+00
3206 9.615733e-14
3207 7.499975e-14
3208 5.823138e-14
3209 4.475923e-14
3210 3.382330e-14
3211 2.491419e-14
3212 1.775257e-14
3213 1.212477e-14
3214 7.861098e-15
3215 4.791766e-15
3216 2.722701e-15
3217 1.434737e-15
3218 7.020408e-16
3219 3.216901e-16
3220 1.393012e-16
3221 5.675875e-17
3222 0.000000e+00
3223 0.000000e+00
3224 0.000000e+00
3225 0.000000e+00
3226 0.000000e+00
3227 0.000000e+00
3228 0.000000e+00
3229 0.000000e+00
3230 0.000000e+00
3231 2.003782e-13
3232 1.551658e-13
3233 1.204668e-13
3234 9.354205e-14
3235 7.271414e-14
3236 5.629799e-14
3237 4.307536e-14
3238 3.234089e-14
3239 2.362308e-14
3240 1.663361e-14
3241 1.118732e-14
3242 7.123231e-15
3243 4.265376e-15
3244 2.396033e-15
3245 1.267331e-15
3246 6.368097e-16
3247 0.000000e+00
3248 0.000000e+00
3249 0.000000e+00
3250 0.000000e+00
3251 0.000000e+00
3252 0.000000e+00
3253 0.000000e+00
3254 0.000000e+00
3255 0.000000e+00
3256 2.763147e-13
3257 2.115752e-13
3258 1.629129e-13
3259 1.259209e-13
3260 9.734957e-14
3261 7.538475e-14
3262 5.822408e-14
3263 4.452396e-14
3264 3.349775e-14
3265 2.460171e-14
3266 1.748533e-14
3267 1.192738e-14
3268 7.744821e-15
3269 4.754088e-15
3270 2.748470e-15
3271 1.497837e-15
3272 0.000000e+00
3273 0.000000e+00
3274 0.000000e+00
3275 0.000000e+00
3276 0.000000e+00
3277 0.000000e+00
3278 0.000000e+00
3279 0.000000e+00
3280 0.000000e+00
3281 3.434480e-13
3282 2.636572e-13
3283 2.012229e-13
3284 1.546279e-13
3285 1.189747e-13
3286 9.175062e-14
3287 7.076176e-14
3288 5.440124e-14
3289 4.137640e-14
3290 3.093489e-14
3291 2.256755e-14
3292 1.593289e-14
3293 1.080412e-14
3294 6.984623e-15
3295 4.278775e-15
3296 2.474463e-15
3297 0.000000e+00
3298 0.000000e+00
3299 0.000000e+00
3300 0.000000e+00
3301 0.000000e+00
3302 0.000000e+00
3303 0.000000e+00
3304 0.000000e+00
3305 0.000000e+00
3306 4.061652e-13
3307 3.133986e-13
3308 2.388992e-13
3309 1.820610e-13
3310 1.396540e-13
3311 1.070466e-13
3312 8.230806e-14
3313 6.323500e-14
3314 4.828570e-14
3315 3.641773e-14
3316 2.694486e-14
3317 1.941304e-14
3318 1.352174e-14
3319 9.037096e-15
3320 5.758893e-15
3321 3.481015e-15
3322 0.000000e+00
3323 0.000000e+00
3324 0.000000e+00
3325 0.000000e+00
3326 0.000000e+00
3327 0.000000e+00
3328 0.000000e+00
3329 0.000000e+00
3330 0.000000e+00
3331 4.678788e-13
3332 3.626731e-13
3333 2.772623e-13
3334 2.102675e-13
3335 1.602332e-13
3336 1.224335e-13
3337 9.368608e-14
3338 7.175035e-14
3339 5.481044e-14
3340 4.149036e-14
3341 3.094293e-14
3342 2.257897e-14
3343 1.600464e-14
3344 1.094685e-14
3345 7.177998e-15
3346 4.486425e-15
3347 0.000000e+00
3348 0.000000e+00
3349 0.000000e+00
3350 0.000000e+00
3351 0.000000e+00
3352 0.000000e+00
3353 0.000000e+00
3354 0.000000e+00
3355 0.000000e+00
3356 5.310234e-13
3357 4.131512e-13
3358 3.171354e-13
3359 2.404054e-13
3360 1.819497e-13
3361 1.384965e-13
3362 1.053943e-13
3363 8.040241e-14
3364 6.127987e-14
3365 4.643231e-14
3366 3.476717e-14
3367 2.556711e-14
3368 1.834195e-14
3369 1.275103e-14
3370 8.538073e-15
3371 5.475734e-15
3372 0.000000e+00
3373 0.000000e+00
3374 0.000000e+00
3375 0.000000e+00
3376 0.000000e+00
3377 0.000000e+00
3378 0.000000e+00
3379 0.000000e+00
3380 0.000000e+00
3381 5.952481e-13
3382 4.646077e-13
3383 3.579999e-13
3384 2.719221e-13
3385 2.049418e-13
3386 1.550839e-13
3387 1.175322e-13
3388 8.922307e-14
3389 6.773458e-14
3390 5.127323e-14
3391 3.844302e-14
3392 2.839289e-14
3393 2.052683e-14
3394 1.443188e-14
3395 9.810678e-15
3396 6.412440e-15
3397 0.000000e+00
3398 0.000000e+00
3399 0.000000e+00
3400 0.000000e+00
3401 0.000000e+00
3402 0.000000e+00
3403 0.000000e+00
3404 0.000000e+00
3405 0.000000e+00
3406 6.642423e-13
3407 5.201499e-13
3408 4.022269e-13
3409 3.065738e-13
3410 2.307746e-13
3411 1.735291e-13
3412 1.309984e-13
3413 9.883291e-14
3414 7.469298e-14
3415 5.635156e-14
3416 4.221951e-14
3417 3.123585e-14
3418 2.268727e-14
3419 1.607708e-14
3420 1.105084e-14
3421 7.328540e-15
3422 0.000000e+00
3423 0.000000e+00
3424 0.000000e+00
3425 0.000000e+00
3426 0.000000e+00
3427 0.000000e+00
3428 0.000000e+00
3429 0.000000e+00
3430 0.000000e+00
3431 7.778501e-13
3432 6.125685e-13
3433 4.761619e-13
3434 3.650908e-13
3435 2.757153e-13
3436 2.060952e-13
3437 1.542349e-13
3438 1.155076e-13
3439 8.648017e-14
3440 6.472566e-14
3441 4.826562e-14
3442 3.564815e-14
3443 2.594082e-14
3444 1.849119e-14
3445 1.283780e-14
3446 8.636064e-15
3447 0.000000e+00
3448 0.000000e+00
3449 0.000000e+00
3450 0.000000e+00
3451 0.000000e+00
3452 0.000000e+00
3453 0.000000e+00
3454 0.000000e+00
3455 0.000000e+00
3456 0.000000e+00
3457 1.173668e-12
3458 9.327866e-13
3459 7.296611e-13
3460 5.639401e-13
3461 4.272726e-13
3462 3.135990e-13
3463 2.275018e-13
3464 1.657052e-13
3465 1.193115e-13
3466 8.570109e-14
3467 6.155481e-14
3468 4.393372e-14
3469 3.105993e-14
3470 2.163992e-14
3471 0.000000e+00
3472 0.000000e+00
3473 0.000000e+00
3474 0.000000e+00
3475 0.000000e+00
3476 0.000000e+00
3477 0.000000e+00
3478 0.000000e+00
3479 0.000000e+00
3480 0.000000e+00
3481 8.535430e-17
3482 6.669006e-17
3483 5.185083e-17
3484 4.012258e-17
3485 3.089573e-17
3486 2.362135e-17
3487 1.786790e-17
3488 1.338423e-17
3489 9.924400e-18
3490 7.250714e-18
3491 5.208478e-18
3492 3.670348e-18
3493 2.523948e-18
3494 1.688089e-18
3495 1.093419e-18
3496 6.827873e-19
3497 4.093079e-19
3498 2.345791e-19
3499 1.280504e-19
