0 2.411736e-09
1 1.788992e-09
2 1.282793e-09
3 8.913170e-10
4 6.069239e-10
5 4.073673e-10
6 2.682454e-10
7 1.760960e-10
8 1.156388e-10
9 7.659983e-11
10 5.132860e-11
11 3.499206e-11
12 2.418990e-11
13 1.686591e-11
14 1.175651e-11
15 8.116705e-12
16 5.507127e-12
17 3.653499e-12
18 2.365412e-12
19 1.495070e-12
20 9.235592e-13
21 5.580794e-13
22 0.000000e+00
23 0.000000e+00
24 0.000000e+00
25 3.894253e-09
26 2.933015e-09
27 2.142076e-09
28 1.501724e-09
29 1.011180e-09
30 6.692910e-10
31 4.414522e-10
32 2.849684e-10
33 1.848167e-10
34 1.208478e-10
35 8.037149e-11
36 5.446841e-11
37 3.776734e-11
38 2.660703e-11
39 1.884961e-11
40 1.326069e-11
41 9.151243e-12
42 6.137779e-12
43 3.981060e-12
44 2.496973e-12
45 1.520253e-12
46 9.034499e-13
47 0.000000e+00
48 0.000000e+00
49 0.000000e+00
50 4.133795e-09
51 3.107981e-09
52 2.268788e-09
53 1.585703e-09
54 1.056703e-09
55 6.904574e-10
56 4.539829e-10
57 2.905902e-10
58 1.872530e-10
59 1.219120e-10
60 8.117415e-11
61 5.510203e-11
62 3.841847e-11
63 2.725407e-11
64 1.944337e-11
65 1.375181e-11
66 9.513099e-12
67 6.368802e-12
68 4.102731e-12
69 2.543246e-12
70 1.524541e-12
71 8.905261e-13
72 0.000000e+00
73 0.000000e+00
74 0.000000e+00
75 4.271105e-09
76 3.209131e-09
77 2.342443e-09
78 1.634953e-09
79 1.084001e-09
80 7.039370e-10
81 4.621852e-10
82 2.945467e-10
83 1.892189e-10
84 1.229153e-10
85 8.188305e-11
86 5.562690e-11
87 3.889029e-11
88 2.768590e-11
89 1.982026e-11
90 1.405602e-11
91 9.735555e-12
92 6.512506e-12
93 4.181674e-12
94 2.577108e-12
95 1.532883e-12
96 8.874867e-13
97 0.000000e+00
98 0.000000e+00
99 0.000000e+00
100 4.363800e-09
101 3.277267e-09
102 2.392197e-09
103 1.668158e-09
104 1.102415e-09
105 7.130576e-10
106 4.677461e-10
107 2.972280e-10
108 1.905430e-10
109 1.235955e-10
110 8.235821e-11
111 5.597487e-11
112 3.920632e-11
113 2.797522e-11
114 2.007262e-11
115 1.426122e-11
116 9.886059e-12
117 6.610021e-12
118 4.234810e-12
119 2.600045e-12
120 1.538456e-12
121 8.853281e-13
122 0.000000e+00
123 0.000000e+00
124 0.000000e+00
125 4.434410e-09
126 3.329170e-09
127 2.429868e-09
128 1.693450e-09
129 1.116496e-09
130 7.199402e-10
131 4.719490e-10
132 2.992537e-10
133 1.915452e-10
134 1.241048e-10
135 8.271792e-11
136 5.624501e-11
137 3.945096e-11
138 2.819621e-11
139 2.026770e-11
140 1.441719e-11
141 9.999852e-12
142 6.683279e-12
143 4.275306e-12
144 2.617416e-12
145 1.542583e-12
146 8.837192e-13
147 0.000000e+00
148 0.000000e+00
149 0.000000e+00
150 4.491563e-09
151 3.371461e-09
152 2.460588e-09
153 1.713980e-09
154 1.127922e-09
155 7.255825e-10
156 4.753736e-10
157 3.009171e-10
158 1.923711e-10
159 1.245241e-10
160 8.302453e-11
161 5.646761e-11
162 3.964683e-11
163 2.837763e-11
164 2.042500e-11
165 1.454427e-11
166 1.009291e-11
167 6.743331e-12
168 4.308395e-12
169 2.631624e-12
170 1.546134e-12
171 8.825502e-13
172 0.000000e+00
173 0.000000e+00
174 0.000000e+00
175 4.538795e-09
176 3.405969e-09
177 2.485761e-09
178 1.730822e-09
179 1.137299e-09
180 7.301877e-10
181 4.782005e-10
182 3.022652e-10
183 1.930462e-10
184 1.248669e-10
185 8.326279e-11
186 5.664915e-11
187 3.980902e-11
188 2.852487e-11
189 2.055291e-11
190 1.464792e-11
191 1.016906e-11
192 6.792457e-12
193 4.335412e-12
194 2.643342e-12
195 1.549012e-12
196 8.814952e-13
197 0.000000e+00
198 0.000000e+00
199 0.000000e+00
200 4.580157e-09
201 3.436358e-09
202 2.507943e-09
203 1.745641e-09
204 1.145493e-09
205 7.342353e-10
206 4.806627e-10
207 3.034633e-10
208 1.936257e-10
209 1.251585e-10
210 8.347134e-11
211 5.680190e-11
212 3.995112e-11
213 2.865434e-11
214 2.066660e-11
215 1.473972e-11
216 1.023612e-11
217 6.835635e-12
218 4.358992e-12
219 2.653481e-12
220 1.551465e-12
221 8.805272e-13
222 0.000000e+00
223 0.000000e+00
224 0.000000e+00
225 4.632713e-09
226 3.475020e-09
227 2.536096e-09
228 1.764456e-09
229 1.155950e-09
230 7.393967e-10
231 4.837953e-10
232 3.049654e-10
233 1.943785e-10
234 1.255479e-10
235 8.374417e-11
236 5.700595e-11
237 4.013339e-11
238 2.881954e-11
239 2.081090e-11
240 1.485612e-11
241 1.032119e-11
242 6.890760e-12
243 4.389287e-12
244 2.666585e-12
245 1.554697e-12
246 8.793535e-13
247 0.000000e+00
248 0.000000e+00
249 0.000000e+00
250 1.074056e-08
251 8.529265e-09
252 6.606101e-09
253 4.984238e-09
254 3.633209e-09
255 2.545339e-09
256 1.735714e-09
257 1.167317e-09
258 7.680147e-10
259 5.017386e-10
260 3.272650e-10
261 2.148121e-10
262 1.428603e-10
263 9.682312e-11
264 6.693695e-11
265 4.699651e-11
266 3.321065e-11
267 2.335006e-11
268 1.615869e-11
269 1.091318e-11
270 7.160516e-12
271 4.560335e-12
272 0.000000e+00
273 0.000000e+00
274 0.000000e+00
275 1.292433e-08
276 1.031984e-08
277 8.035135e-09
278 6.110625e-09
279 4.502290e-09
280 3.176359e-09
281 2.161851e-09
282 1.456898e-09
283 9.618683e-10
284 6.264809e-10
285 4.072689e-10
286 2.667498e-10
287 1.765207e-10
288 1.191628e-10
289 8.219797e-11
290 5.773574e-11
291 4.093959e-11
292 2.895922e-11
293 2.018765e-11
294 1.373199e-11
295 9.058832e-12
296 5.787402e-12
297 0.000000e+00
298 0.000000e+00
299 0.000000e+00
300 1.407797e-08
301 1.125812e-08
302 8.778381e-09
303 6.694170e-09
304 4.950456e-09
305 3.498719e-09
306 2.375913e-09
307 1.600694e-09
308 1.057830e-09
309 6.873390e-10
310 4.461447e-10
311 2.919141e-10
312 1.928486e-10
313 1.300489e-10
314 8.970226e-11
315 6.307191e-11
316 4.481336e-11
317 3.178423e-11
318 2.221772e-11
319 1.514425e-11
320 9.999934e-12
321 6.387208e-12
322 0.000000e+00
323 0.000000e+00
324 0.000000e+00
325 1.486508e-08
326 1.189979e-08
327 9.287411e-09
328 7.093803e-09
329 5.257487e-09
330 3.720000e-09
331 2.523242e-09
332 1.699980e-09
333 1.124078e-09
334 7.294597e-10
335 4.730683e-10
336 3.093622e-10
337 2.041642e-10
338 1.375975e-10
339 9.488362e-11
340 6.675167e-11
341 4.748118e-11
342 3.372845e-11
343 2.361380e-11
344 1.611598e-11
345 1.064942e-11
346 6.801680e-12
347 0.000000e+00
348 0.000000e+00
349 0.000000e+00
350 1.546215e-08
351 1.238507e-08
352 9.672593e-09
353 7.396572e-09
354 5.490318e-09
355 3.887726e-09
356 2.634866e-09
357 1.775081e-09
358 1.174284e-09
359 7.613342e-10
360 4.933953e-10
361 3.225704e-10
362 2.127340e-10
363 1.433026e-10
364 9.881282e-11
365 6.954044e-11
366 4.950448e-11
367 3.520172e-11
368 2.467267e-11
369 1.685476e-11
370 1.114237e-11
371 7.115704e-12
372 0.000000e+00
373 0.000000e+00
374 0.000000e+00
375 1.594526e-08
376 1.277853e-08
377 9.983971e-09
378 7.640959e-09
379 5.678317e-09
380 4.023022e-09
381 2.725084e-09
382 1.835906e-09
383 1.214867e-09
384 7.871617e-10
385 5.099205e-10
386 3.332853e-10
387 2.196691e-10
388 1.479206e-10
389 1.019911e-10
390 7.179002e-11
391 5.113445e-11
392 3.638891e-11
393 2.552667e-11
394 1.744881e-11
395 1.153933e-11
396 7.369548e-12
397 0.000000e+00
398 0.000000e+00
399 0.000000e+00
400 1.634402e-08
401 1.310325e-08
402 1.024174e-08
403 7.843428e-09
404 5.833827e-09
405 4.135023e-09
406 2.799614e-09
407 1.886180e-09
408 1.248454e-09
409 8.084935e-10
410 5.235503e-10
411 3.421314e-10
412 2.254110e-10
413 1.517501e-10
414 1.046165e-10
415 7.365071e-11
416 5.248636e-11
417 3.737432e-11
418 2.623340e-11
419 1.794258e-11
420 1.186876e-11
421 7.580056e-12
422 0.000000e+00
423 0.000000e+00
424 0.000000e+00
425 1.669488e-08
426 1.338910e-08
427 1.046895e-08
428 8.021514e-09
429 5.970785e-09
430 4.233540e-09
431 2.865307e-09
432 1.930331e-09
433 1.277956e-09
434 8.272461e-10
435 5.355358e-10
436 3.498890e-10
437 2.304361e-10
438 1.550991e-10
439 1.069344e-10
440 7.529535e-11
441 5.367549e-11
442 3.823954e-11
443 2.685742e-11
444 1.837567e-11
445 1.215761e-11
446 7.764465e-12
447 0.000000e+00
448 0.000000e+00
449 0.000000e+00
450 1.713838e-08
451 1.375017e-08
452 1.075527e-08
453 8.246856e-09
454 6.143792e-09
455 4.358175e-09
456 2.948508e-09
457 1.986401e-09
458 1.315356e-09
459 8.510416e-10
460 5.507668e-10
461 3.597599e-10
462 2.368399e-10
463 1.593574e-10
464 1.098621e-10
465 7.736814e-11
466 5.517636e-11
467 3.933711e-11
468 2.764516e-11
469 1.892353e-11
470 1.252427e-11
471 7.998224e-12
472 0.000000e+00
473 0.000000e+00
474 0.000000e+00
475 1.806546e-08
476 1.481487e-08
477 1.179217e-08
478 9.152299e-09
479 6.923387e-09
480 5.068924e-09
481 3.568327e-09
482 2.437871e-09
483 1.640673e-09
484 1.082696e-09
485 7.074717e-10
486 4.611499e-10
487 3.024771e-10
488 2.008154e-10
489 1.358834e-10
490 9.383386e-11
491 6.591176e-11
492 4.669250e-11
493 3.299370e-11
494 2.299155e-11
495 1.565473e-11
496 1.035651e-11
497 0.000000e+00
498 0.000000e+00
499 0.000000e+00
500 2.067340e-08
501 1.707279e-08
502 1.365999e-08
503 1.065186e-08
504 8.110990e-09
505 5.989194e-09
506 4.246286e-09
507 2.903063e-09
508 1.958056e-09
509 1.296783e-09
510 8.465820e-10
511 5.506045e-10
512 3.606109e-10
513 2.385000e-10
514 1.607325e-10
515 1.106854e-10
516 7.767804e-11
517 5.512701e-11
518 3.911073e-11
519 2.741387e-11
520 1.878930e-11
521 1.250694e-11
522 0.000000e+00
523 0.000000e+00
524 0.000000e+00
525 2.241821e-08
526 1.857716e-08
527 1.490175e-08
528 1.164690e-08
529 8.896955e-09
530 6.599389e-09
531 4.694077e-09
532 3.208773e-09
533 2.165908e-09
534 1.437129e-09
535 9.373613e-10
536 6.089462e-10
537 3.984959e-10
538 2.629960e-10
539 1.769604e-10
540 1.217019e-10
541 8.539393e-11
542 6.065619e-11
543 4.313906e-11
544 3.032774e-11
545 2.085112e-11
546 1.391858e-11
547 0.000000e+00
548 0.000000e+00
549 0.000000e+00
550 2.373992e-08
551 1.972050e-08
552 1.584644e-08
553 1.240480e-08
554 9.495784e-09
555 7.063440e-09
556 5.035602e-09
557 3.442521e-09
558 2.324895e-09
559 1.544326e-09
560 1.006821e-09
561 6.535406e-10
562 4.274625e-10
563 2.817696e-10
564 1.893477e-10
565 1.301241e-10
566 9.128791e-11
567 6.489001e-11
568 4.620570e-11
569 3.254808e-11
570 2.242442e-11
571 1.499418e-11
572 0.000000e+00
573 0.000000e+00
574 0.000000e+00
575 2.481373e-08
576 2.064945e-08
577 1.661318e-08
578 1.301912e-08
579 9.981621e-09
580 7.440293e-09
581 5.312482e-09
582 3.631645e-09
583 2.453697e-09
584 1.631252e-09
585 1.063079e-09
586 6.897142e-10
587 4.509623e-10
588 2.969915e-10
589 1.994227e-10
590 1.369612e-10
591 9.606963e-11
592 6.831573e-11
593 4.870281e-11
594 3.435014e-11
595 2.370049e-11
596 1.586748e-11
597 0.000000e+00
598 0.000000e+00
599 0.000000e+00
600 2.570131e-08
601 2.141512e-08
602 1.724527e-08
603 1.352568e-08
604 1.038184e-08
605 7.750703e-09
606 5.540436e-09
607 3.787717e-09
608 2.559865e-09
609 1.702901e-09
610 1.109452e-09
611 7.195809e-10
612 4.703462e-10
613 3.095521e-10
614 2.076868e-10
615 1.425993e-10
616 1.000134e-10
617 7.114751e-11
618 5.075489e-11
619 3.583850e-11
620 2.475424e-11
621 1.658892e-11
622 0.000000e+00
623 0.000000e+00
624 0.000000e+00
625 2.647747e-08
626 2.208672e-08
627 1.780155e-08
628 1.397189e-08
629 1.073497e-08
630 8.024551e-09
631 5.741663e-09
632 3.925199e-09
633 2.653655e-09
634 1.766131e-09
635 1.150465e-09
636 7.458302e-10
637 4.874241e-10
638 3.205992e-10
639 2.150352e-10
640 1.475500e-10
641 1.034773e-10
642 7.363940e-11
643 5.256537e-11
644 3.714644e-11
645 2.567993e-11
646 1.722202e-11
647 0.000000e+00
648 0.000000e+00
649 0.000000e+00
650 2.746416e-08
651 2.293815e-08
652 1.850473e-08
653 1.453442e-08
654 1.118038e-08
655 8.369522e-09
656 5.995374e-09
657 4.098993e-09
658 2.771886e-09
659 1.845843e-09
660 1.202047e-09
661 7.790678e-10
662 5.089942e-10
663 3.345836e-10
664 2.242469e-10
665 1.538164e-10
666 1.078604e-10
667 7.678785e-11
668 5.484918e-11
669 3.879857e-11
670 2.685176e-11
671 1.802457e-11
672 0.000000e+00
673 0.000000e+00
674 0.000000e+00
675 2.527769e-08
676 2.126677e-08
677 1.730131e-08
678 1.367976e-08
679 1.055298e-08
680 7.926156e-09
681 5.748800e-09
682 4.011843e-09
683 2.728117e-09
684 1.828335e-09
685 1.202025e-09
686 7.841432e-10
687 5.116779e-10
688 3.363423e-10
689 2.242023e-10
690 1.524904e-10
691 1.058692e-10
692 7.470414e-11
693 5.305996e-11
694 3.751309e-11
695 2.611080e-11
696 1.773579e-11
697 0.000000e+00
698 0.000000e+00
699 0.000000e+00
700 2.816017e-08
701 2.386621e-08
702 1.953289e-08
703 1.551476e-08
704 1.202434e-08
705 9.088142e-09
706 6.644464e-09
707 4.662912e-09
708 3.174022e-09
709 2.134501e-09
710 1.405611e-09
711 9.171745e-10
712 5.972015e-10
713 3.918423e-10
714 2.602454e-10
715 1.763846e-10
716 1.221275e-10
717 8.607867e-11
718 6.123069e-11
719 4.345970e-11
720 3.041457e-11
721 2.078867e-11
722 0.000000e+00
723 0.000000e+00
724 0.000000e+00
725 3.033051e-08
726 2.581897e-08
727 2.120786e-08
728 1.689309e-08
729 1.312688e-08
730 9.959257e-09
731 7.315399e-09
732 5.150145e-09
733 3.506722e-09
734 2.362731e-09
735 1.557218e-09
736 1.016154e-09
737 6.608174e-10
738 4.331377e-10
739 2.870811e-10
740 1.941571e-10
741 1.342342e-10
742 9.457900e-11
743 6.734395e-11
744 4.790151e-11
745 3.363291e-11
746 2.307236e-11
747 0.000000e+00
748 0.000000e+00
749 0.000000e+00
750 3.209277e-08
751 2.741049e-08
752 2.257230e-08
753 1.801510e-08
754 1.402624e-08
755 1.066929e-08
756 7.862000e-09
757 5.547165e-09
758 3.778092e-09
759 2.549051e-09
760 1.681036e-09
761 1.097047e-09
762 7.128552e-10
763 4.669058e-10
764 3.090354e-10
765 2.086796e-10
766 1.441154e-10
767 1.015071e-10
768 7.233147e-11
769 5.152608e-11
770 3.625724e-11
771 2.493307e-11
772 0.000000e+00
773 0.000000e+00
774 0.000000e+00
775 3.354968e-08
776 2.872004e-08
777 2.369692e-08
778 1.893990e-08
779 1.476674e-08
780 1.125393e-08
781 8.312161e-09
782 5.874728e-09
783 4.002017e-09
784 2.702806e-09
785 1.783249e-09
786 1.163800e-09
787 7.557110e-10
788 4.947306e-10
789 3.270701e-10
790 2.206726e-10
791 1.522752e-10
792 1.072187e-10
793 7.642886e-11
794 5.451500e-11
795 3.841324e-11
796 2.646757e-11
797 0.000000e+00
798 0.000000e+00
799 0.000000e+00
800 3.482862e-08
801 2.987303e-08
802 2.468649e-08
803 1.975349e-08
804 1.541856e-08
805 1.176929e-08
806 8.709040e-09
807 6.163015e-09
808 4.199403e-09
809 2.838225e-09
810 1.873204e-09
811 1.222478e-09
812 7.934944e-10
813 5.192257e-10
814 3.430734e-10
815 2.312035e-10
816 1.594496e-10
817 1.122598e-10
818 8.004669e-11
819 5.714417e-11
820 4.033322e-11
821 2.781802e-11
822 0.000000e+00
823 0.000000e+00
824 0.000000e+00
825 3.644687e-08
826 3.133263e-08
827 2.593758e-08
828 2.078257e-08
829 1.624292e-08
830 1.241950e-08
831 9.209785e-09
832 6.527069e-09
833 4.448248e-09
834 3.009002e-09
835 1.986695e-09
836 1.296569e-09
837 8.412208e-10
838 5.501847e-10
839 3.630846e-10
840 2.445290e-10
841 1.685195e-10
842 1.186189e-10
843 8.460802e-11
844 6.046554e-11
845 4.272779e-11
846 2.952425e-11
847 0.000000e+00
848 0.000000e+00
849 0.000000e+00
850 3.256839e-08
851 2.799694e-08
852 2.322697e-08
853 1.866843e-08
854 1.461137e-08
855 1.115943e-08
856 8.275066e-09
857 5.908292e-09
858 4.070529e-09
859 2.751390e-09
860 1.829650e-09
861 1.197596e-09
862 7.800750e-10
863 5.101454e-10
864 3.367807e-10
865 2.261860e-10
866 1.551477e-10
867 1.085532e-10
868 7.697855e-11
869 5.476413e-11
870 3.863054e-11
871 2.674230e-11
872 0.000000e+00
873 0.000000e+00
874 0.000000e+00
875 3.570967e-08
876 3.091917e-08
877 2.581596e-08
878 2.085591e-08
879 1.639308e-08
880 1.258024e-08
881 9.389759e-09
882 6.752577e-09
883 4.669881e-09
884 3.160646e-09
885 2.110402e-09
886 1.381395e-09
887 8.996509e-10
888 5.875267e-10
889 3.867678e-10
890 2.587966e-10
891 1.769035e-10
892 1.234936e-10
893 8.753271e-11
894 6.237941e-11
895 4.418302e-11
896 3.076151e-11
897 0.000000e+00
898 0.000000e+00
899 0.000000e+00
900 3.825096e-08
901 3.328420e-08
902 2.790903e-08
903 2.262354e-08
904 1.783335e-08
905 1.372713e-08
906 1.028993e-08
907 7.433852e-09
908 5.152890e-09
909 3.490262e-09
910 2.336444e-09
911 1.529322e-09
912 9.959126e-10
913 6.496600e-10
914 4.270011e-10
915 2.851045e-10
916 1.944274e-10
917 1.355212e-10
918 9.604007e-11
919 6.853079e-11
920 4.866036e-11
921 3.399852e-11
922 0.000000e+00
923 0.000000e+00
924 0.000000e+00
925 4.035033e-08
926 3.523499e-08
927 2.963971e-08
928 2.408621e-08
929 1.902146e-08
930 1.467547e-08
931 1.103466e-08
932 7.997634e-09
933 5.552982e-09
934 3.763190e-09
935 2.523840e-09
936 1.652161e-09
937 1.075568e-09
938 7.011776e-10
939 4.602628e-10
940 3.068397e-10
941 2.089607e-10
942 1.454678e-10
943 1.030620e-10
944 7.361233e-11
945 5.236005e-11
946 3.667801e-11
947 0.000000e+00
948 0.000000e+00
949 0.000000e+00
950 4.219579e-08
951 3.695054e-08
952 3.116025e-08
953 2.537117e-08
954 2.006932e-08
955 1.551014e-08
956 1.168961e-08
957 8.493857e-09
958 5.905317e-09
959 4.003688e-09
960 2.688807e-09
961 1.759928e-09
962 1.145887e-09
963 7.465840e-10
964 4.896640e-10
965 3.259751e-10
966 2.217335e-10
967 1.542531e-10
968 1.092669e-10
969 7.808736e-11
970 5.562843e-11
971 3.903666e-11
972 0.000000e+00
973 0.000000e+00
974 0.000000e+00
975 4.453577e-08
976 3.912544e-08
977 3.308359e-08
978 2.699707e-08
979 2.139257e-08
980 1.656426e-08
981 1.251697e-08
982 9.120487e-09
983 6.350087e-09
984 4.306948e-09
985 2.896835e-09
986 1.896090e-09
987 1.234465e-09
988 8.038967e-10
989 5.267141e-10
990 3.501782e-10
991 2.378818e-10
992 1.653201e-10
993 1.170912e-10
994 8.373916e-11
995 5.977478e-11
996 4.201948e-11
997 0.000000e+00
998 0.000000e+00
999 0.000000e+00
1000 4.013477e-08
1001 3.516456e-08
1002 2.970864e-08
1003 2.425494e-08
1004 1.923547e-08
1005 1.488094e-08
1006 1.121706e-08
1007 8.173953e-09
1008 5.727641e-09
1009 3.901734e-09
1010 2.618913e-09
1011 1.724752e-09
1012 1.125363e-09
1013 7.334295e-10
1014 4.811959e-10
1015 3.198516e-10
1016 2.168782e-10
1017 1.502611e-10
1018 1.059685e-10
1019 7.544191e-11
1020 5.363013e-11
1021 3.764340e-11
1022 0.000000e+00
1023 0.000000e+00
1024 0.000000e+00
1025 4.357522e-08
1026 3.844770e-08
1027 3.269622e-08
1028 2.684643e-08
1029 2.138755e-08
1030 1.661432e-08
1031 1.259011e-08
1032 9.238329e-09
1033 6.512434e-09
1034 4.445350e-09
1035 2.991725e-09
1036 1.975347e-09
1037 1.289338e-09
1038 8.390779e-10
1039 5.496887e-10
1040 3.642100e-10
1041 2.459959e-10
1042 1.698616e-10
1043 1.195670e-10
1044 8.513821e-11
1045 6.067078e-11
1046 4.277587e-11
1047 0.000000e+00
1048 0.000000e+00
1049 0.000000e+00
1050 4.640918e-08
1051 4.114665e-08
1052 3.515408e-08
1053 2.897716e-08
1054 2.315419e-08
1055 1.803691e-08
1056 1.371828e-08
1057 1.011227e-08
1058 7.156685e-09
1059 4.891329e-09
1060 3.297459e-09
1061 2.180823e-09
1062 1.423601e-09
1063 9.256724e-10
1064 6.057420e-10
1065 4.004869e-10
1066 2.698715e-10
1067 1.859232e-10
1068 1.307042e-10
1069 9.309458e-11
1070 6.646253e-11
1071 4.699042e-11
1072 0.000000e+00
1073 0.000000e+00
1074 0.000000e+00
1075 4.890379e-08
1076 4.352838e-08
1077 3.732254e-08
1078 3.085733e-08
1079 2.471213e-08
1080 1.929375e-08
1081 1.471333e-08
1082 1.088428e-08
1083 7.725195e-09
1084 5.285037e-09
1085 3.567443e-09
1086 2.362201e-09
1087 1.542537e-09
1088 1.002147e-09
1089 6.554289e-10
1090 4.325346e-10
1091 2.909384e-10
1092 2.001204e-10
1093 1.405525e-10
1094 1.001159e-10
1095 7.155604e-11
1096 5.071377e-11
1097 0.000000e+00
1098 0.000000e+00
1099 0.000000e+00
1100 5.205780e-08
1101 4.653475e-08
1102 4.005643e-08
1103 3.322890e-08
1104 2.668241e-08
1105 2.087866e-08
1106 1.596934e-08
1107 1.185763e-08
1108 8.443262e-09
1109 5.782196e-09
1110 3.908224e-09
1111 2.591175e-09
1112 1.692207e-09
1113 1.098761e-09
1114 7.178746e-10
1115 4.730224e-10
1116 3.175391e-10
1117 2.180390e-10
1118 1.529752e-10
1119 1.089770e-10
1120 7.801505e-11
1121 5.540681e-11
1122 0.000000e+00
1123 0.000000e+00
1124 0.000000e+00
1125 4.817711e-08
1126 4.294881e-08
1127 3.691203e-08
1128 3.061268e-08
1129 2.459886e-08
1130 1.924715e-08
1131 1.469711e-08
1132 1.089583e-08
1133 7.775791e-09
1134 5.354377e-09
1135 3.617117e-09
1136 2.404015e-09
1137 1.572501e-09
1138 1.023592e-09
1139 6.688408e-10
1140 4.410921e-10
1141 2.958601e-10
1142 2.027872e-10
1143 1.418707e-10
1144 1.007009e-10
1145 7.180911e-11
1146 5.087766e-11
1147 0.000000e+00
1148 0.000000e+00
1149 0.000000e+00
1150 5.186353e-08
1151 4.653856e-08
1152 4.026014e-08
1153 3.358850e-08
1154 2.712071e-08
1155 2.130438e-08
1156 1.634114e-08
1157 1.218622e-08
1158 8.755441e-09
1159 6.053084e-09
1160 4.095770e-09
1161 2.732222e-09
1162 1.787976e-09
1163 1.163883e-09
1164 7.593732e-10
1165 4.993995e-10
1166 3.338302e-10
1167 2.279121e-10
1168 1.589713e-10
1169 1.127040e-10
1170 8.045701e-11
1171 5.717373e-11
1172 0.000000e+00
1173 0.000000e+00
1174 0.000000e+00
1175 5.510456e-08
1176 4.969730e-08
1177 4.320289e-08
1178 3.620201e-08
1179 2.933270e-08
1180 2.311390e-08
1181 1.778389e-08
1182 1.332022e-08
1183 9.615031e-09
1184 6.665445e-09
1185 4.515582e-09
1186 3.019403e-09
1187 1.976811e-09
1188 1.286584e-09
1189 8.387175e-10
1190 5.506095e-10
1191 3.670428e-10
1192 2.499549e-10
1193 1.739983e-10
1194 1.232334e-10
1195 8.802078e-11
1196 6.270255e-11
1197 0.000000e+00
1198 0.000000e+00
1199 0.000000e+00
1200 5.919583e-08
1201 5.368408e-08
1202 4.691800e-08
1203 3.950405e-08
1204 3.213248e-08
1205 2.539654e-08
1206 1.960616e-08
1207 1.475140e-08
1208 1.070113e-08
1209 7.439762e-09
1210 5.045580e-09
1211 3.382378e-09
1212 2.215299e-09
1213 1.441748e-09
1214 9.386636e-10
1215 6.151059e-10
1216 4.090423e-10
1217 2.777866e-10
1218 1.929375e-10
1219 1.365345e-10
1220 9.758304e-11
1221 6.968319e-11
1222 0.000000e+00
1223 0.000000e+00
1224 0.000000e+00
1225 5.660168e-08
1226 5.125109e-08
1227 4.476265e-08
1228 3.769344e-08
1229 3.068838e-08
1230 2.427376e-08
1231 1.873928e-08
1232 1.408698e-08
1233 1.022829e-08
1234 7.141963e-09
1235 4.855064e-09
1236 3.252409e-09
1237 2.137579e-09
1238 1.392780e-09
1239 9.069868e-10
1240 5.947252e-10
1241 3.952419e-10
1242 2.679993e-10
1243 1.857104e-10
1244 1.310478e-10
1245 9.341469e-11
1246 6.653286e-11
1247 0.000000e+00
1248 0.000000e+00
1249 0.000000e+00
1250 6.068793e-08
1251 5.531016e-08
1252 4.862136e-08
1253 4.120032e-08
1254 3.371912e-08
1255 2.679298e-08
1256 2.076521e-08
1257 1.569157e-08
1258 1.146866e-08
1259 8.053115e-09
1260 5.486361e-09
1261 3.685298e-09
1262 2.427377e-09
1263 1.582391e-09
1264 1.029095e-09
1265 6.736300e-10
1266 4.460897e-10
1267 3.012743e-10
1268 2.079988e-10
1269 1.463970e-10
1270 1.042998e-10
1271 7.441907e-11
1272 0.000000e+00
1273 0.000000e+00
1274 0.000000e+00
1275 6.583978e-08
1276 6.042060e-08
1277 5.347992e-08
1278 4.561579e-08
1279 3.754302e-08
1280 2.995946e-08
1281 2.331566e-08
1282 1.771057e-08
1283 1.302940e-08
1284 9.199401e-09
1285 6.280447e-09
1286 4.229649e-09
1287 2.791651e-09
1288 1.820626e-09
1289 1.182713e-09
1290 7.726554e-10
1291 5.099670e-10
1292 3.430779e-10
1293 2.359679e-10
1294 1.656964e-10
1295 1.180092e-10
1296 8.435194e-11
1297 0.000000e+00
1298 0.000000e+00
1299 0.000000e+00
1300 6.583534e-08
1301 6.050925e-08
1302 5.367439e-08
1303 4.589813e-08
1304 3.788436e-08
1305 3.031748e-08
1306 2.363991e-08
1307 1.798611e-08
1308 1.326701e-08
1309 9.412349e-09
1310 6.454198e-09
1311 4.349259e-09
1312 2.880363e-09
1313 1.880175e-09
1314 1.222335e-09
1315 7.979660e-10
1316 5.259977e-10
1317 3.529190e-10
1318 2.419557e-10
1319 1.693103e-10
1320 1.202075e-10
1321 8.577744e-11
1322 0.000000e+00
1323 0.000000e+00
1324 0.000000e+00
1325 7.224710e-08
1326 6.697591e-08
1327 5.995323e-08
1328 5.172150e-08
1329 4.303500e-08
1330 3.466279e-08
1331 2.718037e-08
1332 2.080723e-08
1333 1.547590e-08
1334 1.107838e-08
1335 7.635392e-09
1336 5.158864e-09
1337 3.432009e-09
1338 2.242232e-09
1339 1.456953e-09
1340 9.491175e-10
1341 6.231121e-10
1342 4.157395e-10
1343 2.833374e-10
1344 1.973098e-10
1345 1.397418e-10
1346 9.972916e-11
1347 0.000000e+00
1348 0.000000e+00
1349 0.000000e+00
1350 8.083679e-08
1351 7.583814e-08
1352 6.875243e-08
1353 6.011574e-08
1354 5.067713e-08
1355 4.129161e-08
1356 3.268748e-08
1357 2.524685e-08
1358 1.899256e-08
1359 1.380054e-08
1360 9.640324e-09
1361 6.551440e-09
1362 4.386475e-09
1363 2.880378e-09
1364 1.873853e-09
1365 1.217048e-09
1366 7.952056e-10
1367 5.258609e-10
1368 3.545458e-10
1369 2.442764e-10
1370 1.715603e-10
1371 1.219299e-10
1372 0.000000e+00
1373 0.000000e+00
1374 0.000000e+00
1375 5.386696e-07
1376 4.704638e-07
1377 3.906716e-07
1378 3.197321e-07
1379 2.625783e-07
1380 2.058090e-07
1381 1.495881e-07
1382 1.043585e-07
1383 7.257667e-08
1384 4.815269e-08
1385 3.147730e-08
1386 0.000000e+00
1387 0.000000e+00
1388 0.000000e+00
1389 0.000000e+00
1390 0.000000e+00
1391 0.000000e+00
1392 0.000000e+00
1393 0.000000e+00
1394 0.000000e+00
1395 0.000000e+00
1396 0.000000e+00
1397 0.000000e+00
1398 0.000000e+00
1399 0.000000e+00
1400 6.848719e-07
1401 6.006268e-07
1402 5.000198e-07
1403 4.090504e-07
1404 3.357315e-07
1405 2.645635e-07
1406 1.934035e-07
1407 1.348114e-07
1408 9.402511e-08
1409 6.248302e-08
1410 4.090590e-08
1411 0.000000e+00
1412 0.000000e+00
1413 0.000000e+00
1414 0.000000e+00
1415 0.000000e+00
1416 0.000000e+00
1417 0.000000e+00
1418 0.000000e+00
1419 0.000000e+00
1420 0.000000e+00
1421 0.000000e+00
1422 0.000000e+00
1423 0.000000e+00
1424 0.000000e+00
1425 7.839646e-07
1426 6.888477e-07
1427 5.741331e-07
1428 4.695876e-07
1429 3.853129e-07
1430 3.043856e-07
1431 2.230986e-07
1432 1.554503e-07
1433 1.085611e-07
1434 7.219372e-08
1435 4.729621e-08
1436 0.000000e+00
1437 0.000000e+00
1438 0.000000e+00
1439 0.000000e+00
1440 0.000000e+00
1441 0.000000e+00
1442 0.000000e+00
1443 0.000000e+00
1444 0.000000e+00
1445 0.000000e+00
1446 0.000000e+00
1447 0.000000e+00
1448 0.000000e+00
1449 0.000000e+00
1450 8.589679e-07
1451 7.556222e-07
1452 6.302296e-07
1453 5.154085e-07
1454 4.228401e-07
1455 3.345267e-07
1456 2.455794e-07
1457 1.710726e-07
1458 1.195626e-07
1459 7.954548e-08
1460 5.213256e-08
1461 0.000000e+00
1462 0.000000e+00
1463 0.000000e+00
1464 0.000000e+00
1465 0.000000e+00
1466 0.000000e+00
1467 0.000000e+00
1468 0.000000e+00
1469 0.000000e+00
1470 0.000000e+00
1471 0.000000e+00
1472 0.000000e+00
1473 0.000000e+00
1474 0.000000e+00
1475 9.197874e-07
1476 8.097671e-07
1477 6.757162e-07
1478 5.525628e-07
1479 4.532703e-07
1480 3.589672e-07
1481 2.638057e-07
1482 1.837400e-07
1483 1.284844e-07
1484 8.550640e-08
1485 5.605462e-08
1486 0.000000e+00
1487 0.000000e+00
1488 0.000000e+00
1489 0.000000e+00
1490 0.000000e+00
1491 0.000000e+00
1492 0.000000e+00
1493 0.000000e+00
1494 0.000000e+00
1495 0.000000e+00
1496 0.000000e+00
1497 0.000000e+00
1498 0.000000e+00
1499 0.000000e+00
1500 9.699451e-07
1501 8.544218e-07
1502 7.132300e-07
1503 5.832016e-07
1504 4.783668e-07
1505 3.791239e-07
1506 2.788337e-07
1507 1.941872e-07
1508 1.358424e-07
1509 9.042251e-08
1510 5.928923e-08
1511 0.000000e+00
1512 0.000000e+00
1513 0.000000e+00
1514 0.000000e+00
1515 0.000000e+00
1516 0.000000e+00
1517 0.000000e+00
1518 0.000000e+00
1519 0.000000e+00
1520 0.000000e+00
1521 0.000000e+00
1522 0.000000e+00
1523 0.000000e+00
1524 0.000000e+00
1525 1.014138e-06
1526 8.937663e-07
1527 7.462770e-07
1528 6.101996e-07
1529 5.004789e-07
1530 3.968813e-07
1531 2.920777e-07
1532 2.033898e-07
1533 1.423255e-07
1534 9.475403e-08
1535 6.213920e-08
1536 0.000000e+00
1537 0.000000e+00
1538 0.000000e+00
1539 0.000000e+00
1540 0.000000e+00
1541 0.000000e+00
1542 0.000000e+00
1543 0.000000e+00
1544 0.000000e+00
1545 0.000000e+00
1546 0.000000e+00
1547 0.000000e+00
1548 0.000000e+00
1549 0.000000e+00
1550 1.069929e-06
1551 9.434314e-07
1552 7.879957e-07
1553 6.442761e-07
1554 5.283886e-07
1555 4.192989e-07
1556 3.087978e-07
1557 2.150078e-07
1558 1.505079e-07
1559 1.002209e-07
1560 6.573605e-08
1561 0.000000e+00
1562 0.000000e+00
1563 0.000000e+00
1564 0.000000e+00
1565 0.000000e+00
1566 0.000000e+00
1567 0.000000e+00
1568 0.000000e+00
1569 0.000000e+00
1570 0.000000e+00
1571 0.000000e+00
1572 0.000000e+00
1573 0.000000e+00
1574 0.000000e+00
1575 2.372913e-07
1576 2.338749e-07
1577 2.156743e-07
1578 1.851180e-07
1579 1.510939e-07
1580 1.230730e-07
1581 1.023902e-07
1582 7.939571e-08
1583 5.444652e-08
1584 3.917144e-08
1585 2.643083e-08
1586 1.747246e-08
1587 1.130574e-08
1588 0.000000e+00
1589 0.000000e+00
1590 0.000000e+00
1591 0.000000e+00
1592 0.000000e+00
1593 0.000000e+00
1594 0.000000e+00
1595 0.000000e+00
1596 0.000000e+00
1597 0.000000e+00
1598 0.000000e+00
1599 0.000000e+00
1600 3.430991e-07
1601 3.386385e-07
1602 3.129968e-07
1603 2.692978e-07
1604 2.200428e-07
1605 1.790563e-07
1606 1.488890e-07
1607 1.160934e-07
1608 7.983057e-08
1609 5.730684e-08
1610 3.874936e-08
1611 2.567798e-08
1612 1.659674e-08
1613 0.000000e+00
1614 0.000000e+00
1615 0.000000e+00
1616 0.000000e+00
1617 0.000000e+00
1618 0.000000e+00
1619 0.000000e+00
1620 0.000000e+00
1621 0.000000e+00
1622 0.000000e+00
1623 0.000000e+00
1624 0.000000e+00
1625 4.230949e-07
1626 4.178471e-07
1627 3.865705e-07
1628 3.329426e-07
1629 2.721669e-07
1630 2.213868e-07
1631 1.840486e-07
1632 1.438345e-07
1633 9.901881e-08
1634 7.101577e-08
1635 4.806080e-08
1636 3.188026e-08
1637 2.059616e-08
1638 0.000000e+00
1639 0.000000e+00
1640 0.000000e+00
1641 0.000000e+00
1642 0.000000e+00
1643 0.000000e+00
1644 0.000000e+00
1645 0.000000e+00
1646 0.000000e+00
1647 0.000000e+00
1648 0.000000e+00
1649 0.000000e+00
1650 4.879797e-07
1651 4.820803e-07
1652 4.462462e-07
1653 3.845695e-07
1654 3.144419e-07
1655 2.557152e-07
1656 2.125618e-07
1657 1.663349e-07
1658 1.145811e-07
1659 8.213491e-08
1660 5.561270e-08
1661 3.691063e-08
1662 2.383982e-08
1663 0.000000e+00
1664 0.000000e+00
1665 0.000000e+00
1666 0.000000e+00
1667 0.000000e+00
1668 0.000000e+00
1669 0.000000e+00
1670 0.000000e+00
1671 0.000000e+00
1672 0.000000e+00
1673 0.000000e+00
1674 0.000000e+00
1675 5.414999e-07
1676 5.350690e-07
1677 4.954827e-07
1678 4.271433e-07
1679 3.493124e-07
1680 2.840309e-07
1681 2.360808e-07
1682 1.848942e-07
1683 1.274175e-07
1684 9.130641e-08
1685 6.184179e-08
1686 4.106045e-08
1687 2.651534e-08
1688 0.000000e+00
1689 0.000000e+00
1690 0.000000e+00
1691 0.000000e+00
1692 0.000000e+00
1693 0.000000e+00
1694 0.000000e+00
1695 0.000000e+00
1696 0.000000e+00
1697 0.000000e+00
1698 0.000000e+00
1699 0.000000e+00
1700 5.886356e-07
1701 5.817365e-07
1702 5.388351e-07
1703 4.646418e-07
1704 3.800191e-07
1705 3.089704e-07
1706 2.567912e-07
1707 2.012393e-07
1708 1.387226e-07
1709 9.938518e-08
1710 6.732777e-08
1711 4.471473e-08
1712 2.887166e-08
1713 0.000000e+00
1714 0.000000e+00
1715 0.000000e+00
1716 0.000000e+00
1717 0.000000e+00
1718 0.000000e+00
1719 0.000000e+00
1720 0.000000e+00
1721 0.000000e+00
1722 0.000000e+00
1723 0.000000e+00
1724 0.000000e+00
1725 6.480990e-07
1726 6.406099e-07
1727 5.935245e-07
1728 5.119492e-07
1729 4.187628e-07
1730 3.404315e-07
1731 2.829265e-07
1732 2.218606e-07
1733 1.529853e-07
1734 1.095759e-07
1735 7.424901e-08
1736 4.932514e-08
1737 3.184448e-08
1738 0.000000e+00
1739 0.000000e+00
1740 0.000000e+00
1741 0.000000e+00
1742 0.000000e+00
1743 0.000000e+00
1744 0.000000e+00
1745 0.000000e+00
1746 0.000000e+00
1747 0.000000e+00
1748 0.000000e+00
1749 0.000000e+00
1750 1.245924e-07
1751 1.297778e-07
1752 1.280630e-07
1753 1.180768e-07
1754 1.012112e-07
1755 8.242999e-08
1756 6.705024e-08
1757 5.588715e-08
1758 4.334485e-08
1759 2.934109e-08
1760 2.142556e-08
1761 1.429488e-08
1762 9.442571e-09
1763 6.113861e-09
1764 0.000000e+00
1765 0.000000e+00
1766 0.000000e+00
1767 0.000000e+00
1768 0.000000e+00
1769 0.000000e+00
1770 0.000000e+00
1771 0.000000e+00
1772 0.000000e+00
1773 0.000000e+00
1774 0.000000e+00
1775 2.021326e-07
1776 2.105263e-07
1777 2.079704e-07
1778 1.921485e-07
1779 1.650437e-07
1780 1.345370e-07
1781 1.093223e-07
1782 9.107555e-08
1783 7.102079e-08
1784 4.820471e-08
1785 3.511470e-08
1786 2.346345e-08
1787 1.554416e-08
1788 1.005024e-08
1789 0.000000e+00
1790 0.000000e+00
1791 0.000000e+00
1792 0.000000e+00
1793 0.000000e+00
1794 0.000000e+00
1795 0.000000e+00
1796 0.000000e+00
1797 0.000000e+00
1798 0.000000e+00
1799 0.000000e+00
1800 2.644136e-07
1801 2.753716e-07
1802 2.721485e-07
1803 2.516317e-07
1804 2.162900e-07
1805 1.763495e-07
1806 1.432577e-07
1807 1.193260e-07
1808 9.322339e-08
1809 6.333028e-08
1810 4.609698e-08
1811 3.081471e-08
1812 2.043540e-08
1813 1.320579e-08
1814 0.000000e+00
1815 0.000000e+00
1816 0.000000e+00
1817 0.000000e+00
1818 0.000000e+00
1819 0.000000e+00
1820 0.000000e+00
1821 0.000000e+00
1822 0.000000e+00
1823 0.000000e+00
1824 0.000000e+00
1825 3.157707e-07
1826 3.288416e-07
1827 3.250608e-07
1828 3.006690e-07
1829 2.585379e-07
1830 2.108295e-07
1831 1.712351e-07
1832 1.426185e-07
1833 1.115308e-07
1834 7.580075e-08
1835 5.515571e-08
1836 3.687715e-08
1837 2.446909e-08
1838 1.580812e-08
1839 0.000000e+00
1840 0.000000e+00
1841 0.000000e+00
1842 0.000000e+00
1843 0.000000e+00
1844 0.000000e+00
1845 0.000000e+00
1846 0.000000e+00
1847 0.000000e+00
1848 0.000000e+00
1849 0.000000e+00
1850 3.610209e-07
1851 3.759537e-07
1852 3.716783e-07
1853 3.438784e-07
1854 2.957640e-07
1855 2.412095e-07
1856 1.958866e-07
1857 1.631413e-07
1858 1.276575e-07
1859 8.678985e-08
1860 6.313369e-08
1861 4.221442e-08
1862 2.802315e-08
1863 1.809915e-08
1864 0.000000e+00
1865 0.000000e+00
1866 0.000000e+00
1867 0.000000e+00
1868 0.000000e+00
1869 0.000000e+00
1870 0.000000e+00
1871 0.000000e+00
1872 0.000000e+00
1873 0.000000e+00
1874 0.000000e+00
1875 4.181419e-07
1876 4.353815e-07
1877 4.305186e-07
1878 3.984136e-07
1879 3.427266e-07
1880 2.795525e-07
1881 2.269997e-07
1882 1.890434e-07
1883 1.480157e-07
1884 1.006517e-07
1885 7.319936e-08
1886 4.895542e-08
1887 3.250881e-08
1888 2.099275e-08
1889 0.000000e+00
1890 0.000000e+00
1891 0.000000e+00
1892 0.000000e+00
1893 0.000000e+00
1894 0.000000e+00
1895 0.000000e+00
1896 0.000000e+00
1897 0.000000e+00
1898 0.000000e+00
1899 0.000000e+00
1900 1.332230e-07
1901 1.431028e-07
1902 1.471094e-07
1903 1.428420e-07
1904 1.293249e-07
1905 1.090910e-07
1906 8.829276e-08
1907 7.226529e-08
1908 6.018592e-08
1909 4.486814e-08
1910 3.026000e-08
1911 2.191772e-08
1912 1.465178e-08
1913 9.473963e-09
1914 6.162953e-09
1915 0.000000e+00
1916 0.000000e+00
1917 0.000000e+00
1918 0.000000e+00
1919 0.000000e+00
1920 0.000000e+00
1921 0.000000e+00
1922 0.000000e+00
1923 0.000000e+00
1924 0.000000e+00
1925 1.814547e-07
1926 1.948256e-07
1927 2.002950e-07
1928 1.945637e-07
1929 1.762333e-07
1930 1.487434e-07
1931 1.204005e-07
1932 9.849721e-08
1933 8.204452e-08
1934 6.127241e-08
1935 4.130465e-08
1936 2.995430e-08
1937 2.001076e-08
1938 1.295010e-08
1939 8.422716e-09
1940 0.000000e+00
1941 0.000000e+00
1942 0.000000e+00
1943 0.000000e+00
1944 0.000000e+00
1945 0.000000e+00
1946 0.000000e+00
1947 0.000000e+00
1948 0.000000e+00
1949 0.000000e+00
1950 2.239482e-07
1951 2.403882e-07
1952 2.471383e-07
1953 2.401149e-07
1954 2.175519e-07
1955 1.836650e-07
1956 1.486775e-07
1957 1.216099e-07
1958 1.012952e-07
1959 7.572495e-08
1960 5.103235e-08
1961 3.703473e-08
1962 2.473200e-08
1963 1.601267e-08
1964 1.041363e-08
1965 0.000000e+00
1966 0.000000e+00
1967 0.000000e+00
1968 0.000000e+00
1969 0.000000e+00
1970 0.000000e+00
1971 0.000000e+00
1972 0.000000e+00
1973 0.000000e+00
1974 0.000000e+00
1975 2.775594e-07
1976 2.978729e-07
1977 3.062449e-07
1978 2.975920e-07
1979 2.696848e-07
1980 2.277304e-07
1981 1.843640e-07
1982 1.507609e-07
1983 1.255901e-07
1984 9.395766e-08
1985 6.330686e-08
1986 4.596608e-08
1987 3.068810e-08
1988 1.987582e-08
1989 1.292498e-08
1990 0.000000e+00
1991 0.000000e+00
1992 0.000000e+00
1993 0.000000e+00
1994 0.000000e+00
1995 0.000000e+00
1996 0.000000e+00
1997 0.000000e+00
1998 0.000000e+00
1999 0.000000e+00
2000 9.441975e-08
2001 1.035159e-07
2002 1.092489e-07
2003 1.099595e-07
2004 1.040410e-07
2005 9.128735e-08
2006 7.515732e-08
2007 6.071268e-08
2008 5.035660e-08
2009 4.091749e-08
2010 2.847497e-08
2011 2.020332e-08
2012 1.370555e-08
2013 9.247552e-09
2014 5.899341e-09
2015 0.000000e+00
2016 0.000000e+00
2017 0.000000e+00
2018 0.000000e+00
2019 0.000000e+00
2020 0.000000e+00
2021 0.000000e+00
2022 0.000000e+00
2023 0.000000e+00
2024 0.000000e+00
2025 1.339292e-07
2026 1.467342e-07
2027 1.548197e-07
2028 1.558280e-07
2029 1.474934e-07
2030 1.294996e-07
2031 1.066549e-07
2032 8.614489e-08
2033 7.142672e-08
2034 5.809930e-08
2035 4.048513e-08
2036 2.867671e-08
2037 1.948272e-08
2038 1.314874e-08
2039 8.385691e-09
2040 0.000000e+00
2041 0.000000e+00
2042 0.000000e+00
2043 0.000000e+00
2044 0.000000e+00
2045 0.000000e+00
2046 0.000000e+00
2047 0.000000e+00
2048 0.000000e+00
2049 0.000000e+00
2050 1.837823e-07
2051 2.012587e-07
2052 2.123133e-07
2053 2.136920e-07
2054 2.023149e-07
2055 1.777111e-07
2056 1.463939e-07
2057 1.182315e-07
2058 9.800991e-08
2059 7.977709e-08
2060 5.563648e-08
2061 3.936789e-08
2062 2.677123e-08
2063 1.807041e-08
2064 1.152248e-08
2065 0.000000e+00
2066 0.000000e+00
2067 0.000000e+00
2068 0.000000e+00
2069 0.000000e+00
2070 0.000000e+00
2071 0.000000e+00
2072 0.000000e+00
2073 0.000000e+00
2074 0.000000e+00
2075 7.274161e-08
2076 8.099304e-08
2077 8.730569e-08
2078 9.018453e-08
2079 8.798536e-08
2080 8.002798e-08
2081 6.784194e-08
2082 5.493627e-08
2083 4.483515e-08
2084 3.737388e-08
2085 2.822863e-08
2086 1.886574e-08
2087 1.380185e-08
2088 9.161663e-09
2089 5.932838e-09
2090 3.846606e-09
2091 0.000000e+00
2092 0.000000e+00
2093 0.000000e+00
2094 0.000000e+00
2095 0.000000e+00
2096 0.000000e+00
2097 0.000000e+00
2098 0.000000e+00
2099 0.000000e+00
2100 1.187730e-07
2101 1.320734e-07
2102 1.422736e-07
2103 1.469577e-07
2104 1.434267e-07
2105 1.305115e-07
2106 1.106819e-07
2107 8.964227e-08
2108 7.312986e-08
2109 6.096227e-08
2110 4.611355e-08
2111 3.081781e-08
2112 2.256697e-08
2113 1.496996e-08
2114 9.702563e-09
2115 6.289023e-09
2116 0.000000e+00
2117 0.000000e+00
2118 0.000000e+00
2119 0.000000e+00
2120 0.000000e+00
2121 0.000000e+00
2122 0.000000e+00
2123 0.000000e+00
2124 0.000000e+00
2125 7.302018e-08
2126 8.230911e-08
2127 8.990237e-08
2128 9.452625e-08
2129 9.478797e-08
2130 8.921457e-08
2131 7.772952e-08
2132 6.373476e-08
2133 5.149968e-08
2134 4.280836e-08
2135 3.445151e-08
2136 2.368912e-08
2137 1.702248e-08
2138 1.137246e-08
2139 7.634124e-09
2140 4.862070e-09
2141 0.000000e+00
2142 0.000000e+00
2143 0.000000e+00
2144 0.000000e+00
2145 0.000000e+00
2146 0.000000e+00
2147 0.000000e+00
2148 0.000000e+00
2149 0.000000e+00
2150 3.895345e-08
2151 4.438343e-08
2152 4.918577e-08
2153 5.264173e-08
2154 5.378083e-08
2155 5.181819e-08
2156 4.657019e-08
2157 3.899258e-08
2158 3.146481e-08
2159 2.584658e-08
2160 2.149503e-08
2161 1.568579e-08
2162 1.060964e-08
2163 7.540517e-09
2164 5.056747e-09
2165 3.213052e-09
2166 2.075933e-09
2167 0.000000e+00
2168 0.000000e+00
2169 0.000000e+00
2170 0.000000e+00
2171 0.000000e+00
2172 0.000000e+00
2173 0.000000e+00
2174 0.000000e+00
2175 4.253861e-05
2176 3.741956e-05
2177 3.118842e-05
2178 2.548041e-05
2179 2.092494e-05
2180 1.660373e-05
2181 1.216152e-05
2182 8.466934e-06
2183 5.930481e-06
2184 3.941688e-06
2185 2.581211e-06
2186 0.000000e+00
2187 0.000000e+00
2188 0.000000e+00
2189 0.000000e+00
2190 0.000000e+00
2191 0.000000e+00
2192 0.000000e+00
2193 0.000000e+00
2194 0.000000e+00
2195 0.000000e+00
2196 0.000000e+00
2197 0.000000e+00
2198 0.000000e+00
2199 0.000000e+00
2200 2.507243e-05
2201 2.476890e-05
2202 2.294194e-05
2203 1.978255e-05
2204 1.616955e-05
2205 1.313914e-05
2206 1.092823e-05
2207 8.581654e-06
2208 5.894068e-06
2209 4.240986e-06
2210 2.864214e-06
2211 1.904378e-06
2212 1.229465e-06
2213 0.000000e+00
2214 0.000000e+00
2215 0.000000e+00
2216 0.000000e+00
2217 0.000000e+00
2218 0.000000e+00
2219 0.000000e+00
2220 0.000000e+00
2221 0.000000e+00
2222 0.000000e+00
2223 0.000000e+00
2224 0.000000e+00
2225 1.649898e-05
2226 1.716345e-05
2227 1.696511e-05
2228 1.569540e-05
2229 1.349666e-05
2230 1.100590e-05
2231 8.933481e-06
2232 7.442905e-06
2233 5.830140e-06
2234 3.957637e-06
2235 2.888163e-06
2236 1.926775e-06
2237 1.280096e-06
2238 8.268477e-07
2239 0.000000e+00
2240 0.000000e+00
2241 0.000000e+00
2242 0.000000e+00
2243 0.000000e+00
2244 0.000000e+00
2245 0.000000e+00
2246 0.000000e+00
2247 0.000000e+00
2248 0.000000e+00
2249 0.000000e+00
2250 1.127169e-05
2251 1.208064e-05
2252 1.241172e-05
2253 1.205446e-05
2254 1.092262e-05
2255 9.225733e-06
2256 7.466312e-06
2257 6.104540e-06
2258 5.086586e-06
2259 3.809728e-06
2260 2.560837e-06
2261 1.863230e-06
2262 1.243558e-06
2263 8.051184e-07
2264 5.238550e-07
2265 0.000000e+00
2266 0.000000e+00
2267 0.000000e+00
2268 0.000000e+00
2269 0.000000e+00
2270 0.000000e+00
2271 0.000000e+00
2272 0.000000e+00
2273 0.000000e+00
2274 0.000000e+00
2275 7.993367e-06
2276 8.736184e-06
2277 9.204480e-06
2278 9.259497e-06
2279 8.769508e-06
2280 7.704726e-06
2281 6.345316e-06
2282 5.123972e-06
2283 4.247053e-06
2284 3.462194e-06
2285 2.413761e-06
2286 1.706610e-06
2287 1.160765e-06
2288 7.844283e-07
2289 4.998349e-07
2290 0.000000e+00
2291 0.000000e+00
2292 0.000000e+00
2293 0.000000e+00
2294 0.000000e+00
2295 0.000000e+00
2296 0.000000e+00
2297 0.000000e+00
2298 0.000000e+00
2299 0.000000e+00
2300 5.837437e-06
2301 6.473953e-06
2302 6.964028e-06
2303 7.190561e-06
2304 7.015912e-06
2305 6.384398e-06
2306 5.415881e-06
2307 4.386315e-06
2308 3.577158e-06
2309 2.982209e-06
2310 2.258796e-06
2311 1.507381e-06
2312 1.105969e-06
2313 7.332161e-07
2314 4.754304e-07
2315 3.082137e-07
2316 0.000000e+00
2317 0.000000e+00
2318 0.000000e+00
2319 0.000000e+00
2320 0.000000e+00
2321 0.000000e+00
2322 0.000000e+00
2323 0.000000e+00
2324 0.000000e+00
2325 4.348341e-06
2326 4.884940e-06
2327 5.324727e-06
2328 5.592342e-06
2329 5.605594e-06
2330 5.279084e-06
2331 4.600744e-06
2332 3.772613e-06
2333 3.047812e-06
2334 2.532826e-06
2335 2.041243e-06
2336 1.404596e-06
2337 1.007957e-06
2338 6.738269e-07
2339 4.527571e-07
2340 2.882235e-07
2341 0.000000e+00
2342 0.000000e+00
2343 0.000000e+00
2344 0.000000e+00
2345 0.000000e+00
2346 0.000000e+00
2347 0.000000e+00
2348 0.000000e+00
2349 0.000000e+00
2350 2.958223e-06
2351 3.352356e-06
2352 3.703290e-06
2353 3.957887e-06
2354 4.040968e-06
2355 3.893186e-06
2356 3.500188e-06
2357 2.932932e-06
2358 2.366217e-06
2359 1.942663e-06
2360 1.615896e-06
2361 1.182682e-06
2362 7.982164e-07
2363 5.686136e-07
2364 3.810380e-07
2365 2.422168e-07
2366 1.565408e-07
2367 0.000000e+00
2368 0.000000e+00
2369 0.000000e+00
2370 0.000000e+00
2371 0.000000e+00
2372 0.000000e+00
2373 0.000000e+00
2374 0.000000e+00
2375 1.656956e-06
2376 1.897608e-06
2377 2.118981e-06
2378 2.294677e-06
2379 2.393272e-06
2380 2.372351e-06
2381 2.194050e-06
2382 1.883456e-06
2383 1.534352e-06
2384 1.243139e-06
2385 1.036755e-06
2386 8.097930e-07
2387 5.456030e-07
2388 4.012626e-07
2389 2.636049e-07
2390 1.735091e-07
2391 1.109987e-07
2392 0.000000e+00
2393 0.000000e+00
2394 0.000000e+00
2395 0.000000e+00
2396 0.000000e+00
2397 0.000000e+00
2398 0.000000e+00
2399 0.000000e+00
2400 7.063656e-07
2401 8.156121e-07
2402 9.217623e-07
2403 1.013578e-06
2404 1.074339e-06
2405 1.087312e-06
2406 1.037840e-06
2407 9.212555e-07
2408 7.627074e-07
2409 6.152057e-07
2410 5.080442e-07
2411 4.189472e-07
2412 2.964142e-07
2413 2.054942e-07
2414 1.417247e-07
2415 9.533901e-08
2416 6.010162e-08
2417 3.845780e-08
2418 0.000000e+00
2419 0.000000e+00
2420 0.000000e+00
2421 0.000000e+00
2422 0.000000e+00
2423 0.000000e+00
2424 0.000000e+00
2425 0.000000e+00
2426 0.000000e+00
2427 0.000000e+00
2428 0.000000e+00
2429 0.000000e+00
2430 0.000000e+00
2431 0.000000e+00
2432 2.569870e-07
2433 1.800836e-07
2434 1.199835e-07
2435 7.874052e-08
2436 0.000000e+00
2437 0.000000e+00
2438 0.000000e+00
2439 0.000000e+00
2440 0.000000e+00
2441 0.000000e+00
2442 0.000000e+00
2443 0.000000e+00
2444 0.000000e+00
2445 0.000000e+00
2446 0.000000e+00
2447 0.000000e+00
2448 0.000000e+00
2449 0.000000e+00
2450 0.000000e+00
2451 0.000000e+00
2452 0.000000e+00
2453 0.000000e+00
2454 0.000000e+00
2455 0.000000e+00
2456 0.000000e+00
2457 2.964542e-07
2458 2.045782e-07
2459 1.464430e-07
2460 9.929065e-08
2461 6.600625e-08
2462 4.260026e-08
2463 0.000000e+00
2464 0.000000e+00
2465 0.000000e+00
2466 0.000000e+00
2467 0.000000e+00
2468 0.000000e+00
2469 0.000000e+00
2470 0.000000e+00
2471 0.000000e+00
2472 0.000000e+00
2473 0.000000e+00
2474 0.000000e+00
2475 0.000000e+00
2476 0.000000e+00
2477 0.000000e+00
2478 0.000000e+00
2479 0.000000e+00
2480 0.000000e+00
2481 0.000000e+00
2482 2.826564e-07
2483 2.216102e-07
2484 1.507876e-07
2485 1.096059e-07
2486 7.332625e-08
2487 4.872598e-08
2488 3.145425e-08
2489 0.000000e+00
2490 0.000000e+00
2491 0.000000e+00
2492 0.000000e+00
2493 0.000000e+00
2494 0.000000e+00
2495 0.000000e+00
2496 0.000000e+00
2497 0.000000e+00
2498 0.000000e+00
2499 0.000000e+00
2500 0.000000e+00
2501 0.000000e+00
2502 0.000000e+00
2503 0.000000e+00
2504 0.000000e+00
2505 0.000000e+00
2506 0.000000e+00
2507 2.562252e-07
2508 2.134543e-07
2509 1.599054e-07
2510 1.077091e-07
2511 7.827637e-08
2512 5.223154e-08
2513 3.385153e-08
2514 2.201034e-08
2515 0.000000e+00
2516 0.000000e+00
2517 0.000000e+00
2518 0.000000e+00
2519 0.000000e+00
2520 0.000000e+00
2521 0.000000e+00
2522 0.000000e+00
2523 0.000000e+00
2524 0.000000e+00
2525 0.000000e+00
2526 0.000000e+00
2527 0.000000e+00
2528 0.000000e+00
2529 0.000000e+00
2530 0.000000e+00
2531 0.000000e+00
2532 2.342675e-07
2533 1.941431e-07
2534 1.581788e-07
2535 1.104410e-07
2536 7.803117e-08
2537 5.313474e-08
2538 3.587275e-08
2539 2.286874e-08
2540 0.000000e+00
2541 0.000000e+00
2542 0.000000e+00
2543 0.000000e+00
2544 0.000000e+00
2545 0.000000e+00
2546 0.000000e+00
2547 0.000000e+00
2548 0.000000e+00
2549 0.000000e+00
2550 0.000000e+00
2551 0.000000e+00
2552 0.000000e+00
2553 0.000000e+00
2554 0.000000e+00
2555 0.000000e+00
2556 0.000000e+00
2557 2.152310e-07
2558 1.755180e-07
2559 1.463218e-07
2560 1.108294e-07
2561 7.406590e-08
2562 5.428315e-08
2563 3.598711e-08
2564 2.334318e-08
2565 1.512683e-08
2566 0.000000e+00
2567 0.000000e+00
2568 0.000000e+00
2569 0.000000e+00
2570 0.000000e+00
2571 0.000000e+00
2572 0.000000e+00
2573 0.000000e+00
2574 0.000000e+00
2575 0.000000e+00
2576 0.000000e+00
2577 0.000000e+00
2578 0.000000e+00
2579 0.000000e+00
2580 0.000000e+00
2581 0.000000e+00
2582 1.972095e-07
2583 1.593227e-07
2584 1.323865e-07
2585 1.067132e-07
2586 7.345510e-08
2587 5.268643e-08
2588 3.525084e-08
2589 2.367879e-08
2590 1.507258e-08
2591 0.000000e+00
2592 0.000000e+00
2593 0.000000e+00
2594 0.000000e+00
2595 0.000000e+00
2596 0.000000e+00
2597 0.000000e+00
2598 0.000000e+00
2599 0.000000e+00
2600 0.000000e+00
2601 0.000000e+00
2602 0.000000e+00
2603 0.000000e+00
2604 0.000000e+00
2605 0.000000e+00
2606 0.000000e+00
2607 1.782242e-07
2608 1.438200e-07
2609 1.180552e-07
2610 9.819555e-08
2611 7.191741e-08
2612 4.853224e-08
2613 3.460641e-08
2614 2.317819e-08
2615 1.474463e-08
2616 9.527498e-09
2617 0.000000e+00
2618 0.000000e+00
2619 0.000000e+00
2620 0.000000e+00
2621 0.000000e+00
2622 0.000000e+00
2623 0.000000e+00
2624 0.000000e+00
2625 0.000000e+00
2626 0.000000e+00
2627 0.000000e+00
2628 0.000000e+00
2629 0.000000e+00
2630 0.000000e+00
2631 0.000000e+00
2632 1.533247e-07
2633 1.249318e-07
2634 1.012224e-07
2635 8.439868e-08
2636 6.598228e-08
2637 4.449201e-08
2638 3.267651e-08
2639 2.148531e-08
2640 1.415068e-08
2641 9.049220e-09
2642 0.000000e+00
2643 0.000000e+00
2644 0.000000e+00
2645 0.000000e+00
2646 0.000000e+00
2647 0.000000e+00
2648 0.000000e+00
2649 0.000000e+00
2650 0.000000e+00
2651 0.000000e+00
2652 0.000000e+00
2653 0.000000e+00
2654 0.000000e+00
2655 0.000000e+00
2656 0.000000e+00
2657 1.209609e-07
2658 1.005514e-07
2659 8.117300e-08
2660 6.687598e-08
2661 5.525495e-08
2662 3.957440e-08
2663 2.722012e-08
2664 1.897970e-08
2665 1.272626e-08
2666 8.047264e-09
2667 5.153308e-09
2668 0.000000e+00
2669 0.000000e+00
2670 0.000000e+00
2671 0.000000e+00
2672 0.000000e+00
2673 0.000000e+00
2674 0.000000e+00
2675 0.000000e+00
2676 0.000000e+00
2677 0.000000e+00
2678 0.000000e+00
2679 0.000000e+00
2680 0.000000e+00
2681 0.000000e+00
2682 3.104813e-10
2683 1.970987e-10
2684 1.269306e-10
2685 8.472476e-11
2686 5.772618e-11
2687 4.078216e-11
2688 2.941374e-11
2689 2.132989e-11
2690 1.527545e-11
2691 1.062785e-11
2692 7.088731e-12
2693 4.497908e-12
2694 2.713212e-12
2695 1.566164e-12
2696 0.000000e+00
2697 0.000000e+00
2698 0.000000e+00
2699 0.000000e+00
2700 0.000000e+00
2701 0.000000e+00
2702 0.000000e+00
2703 0.000000e+00
2704 0.000000e+00
2705 0.000000e+00
2706 0.000000e+00
2707 2.188613e-09
2708 1.450234e-09
2709 9.367352e-10
2710 6.055383e-10
2711 3.952468e-10
2712 2.598412e-10
2713 1.746896e-10
2714 1.204064e-10
2715 8.485265e-11
2716 6.060698e-11
2717 4.329165e-11
2718 3.048510e-11
2719 2.090158e-11
2720 1.384428e-11
2721 0.000000e+00
2722 0.000000e+00
2723 0.000000e+00
2724 0.000000e+00
2725 0.000000e+00
2726 0.000000e+00
2727 0.000000e+00
2728 0.000000e+00
2729 0.000000e+00
2730 0.000000e+00
2731 0.000000e+00
2732 4.727253e-09
2733 3.199502e-09
2734 2.134282e-09
2735 1.388859e-09
2736 8.990865e-10
2737 5.869519e-10
2738 3.850579e-10
2739 2.576158e-10
2740 1.764787e-10
2741 1.236997e-10
2742 8.815091e-11
2743 6.310850e-11
2744 4.477657e-11
2745 3.107739e-11
2746 0.000000e+00
2747 0.000000e+00
2748 0.000000e+00
2749 0.000000e+00
2750 0.000000e+00
2751 0.000000e+00
2752 0.000000e+00
2753 0.000000e+00
2754 0.000000e+00
2755 0.000000e+00
2756 0.000000e+00
2757 7.844817e-09
2758 5.348922e-09
2759 3.627242e-09
2760 2.397565e-09
2761 1.564844e-09
2762 1.013661e-09
2763 6.621773e-10
2764 4.357959e-10
2765 2.926954e-10
2766 2.012979e-10
2767 1.415962e-10
2768 1.011418e-10
2769 7.248351e-11
2770 5.143229e-11
2771 0.000000e+00
2772 0.000000e+00
2773 0.000000e+00
2774 0.000000e+00
2775 0.000000e+00
2776 0.000000e+00
2777 0.000000e+00
2778 0.000000e+00
2779 0.000000e+00
2780 0.000000e+00
2781 0.000000e+00
2782 1.138838e-08
2783 7.957634e-09
2784 5.405223e-09
2785 3.650113e-09
2786 2.389081e-09
2787 1.555214e-09
2788 1.011097e-09
2789 6.607264e-10
2790 4.376363e-10
2791 2.962395e-10
2792 2.053818e-10
2793 1.453913e-10
2794 1.041883e-10
2795 7.464780e-11
2796 0.000000e+00
2797 0.000000e+00
2798 0.000000e+00
2799 0.000000e+00
2800 0.000000e+00
2801 0.000000e+00
2802 0.000000e+00
2803 0.000000e+00
2804 0.000000e+00
2805 0.000000e+00
2806 0.000000e+00
2807 1.538254e-08
2808 1.103959e-08
2809 7.580303e-09
2810 5.141110e-09
2811 3.419635e-09
2812 2.234245e-09
2813 1.448216e-09
2814 9.442177e-10
2815 6.194209e-10
2816 4.137910e-10
2817 2.828555e-10
2818 1.979360e-10
2819 1.410362e-10
2820 1.012824e-10
2821 0.000000e+00
2822 0.000000e+00
2823 0.000000e+00
2824 0.000000e+00
2825 0.000000e+00
2826 0.000000e+00
2827 0.000000e+00
2828 0.000000e+00
2829 0.000000e+00
2830 0.000000e+00
2831 0.000000e+00
2832 1.993148e-08
2833 1.462939e-08
2834 1.024072e-08
2835 6.964034e-09
2836 4.696239e-09
2837 3.078734e-09
2838 2.003314e-09
2839 1.301138e-09
2840 8.489945e-10
2841 5.609748e-10
2842 3.785354e-10
2843 2.615488e-10
2844 1.846711e-10
2845 1.322207e-10
2846 0.000000e+00
2847 0.000000e+00
2848 0.000000e+00
2849 0.000000e+00
2850 0.000000e+00
2851 0.000000e+00
2852 0.000000e+00
2853 0.000000e+00
2854 0.000000e+00
2855 0.000000e+00
2856 0.000000e+00
2857 2.501777e-08
2858 1.867792e-08
2859 1.334879e-08
2860 9.154644e-09
2861 6.200035e-09
2862 4.110125e-09
2863 2.683064e-09
2864 1.737855e-09
2865 1.131104e-09
2866 7.412672e-10
2867 4.943215e-10
2868 3.372656e-10
2869 2.355213e-10
2870 1.675407e-10
2871 0.000000e+00
2872 0.000000e+00
2873 0.000000e+00
2874 0.000000e+00
2875 0.000000e+00
2876 0.000000e+00
2877 0.000000e+00
2878 0.000000e+00
2879 0.000000e+00
2880 0.000000e+00
2881 0.000000e+00
2882 3.098633e-08
2883 2.344531e-08
2884 1.708545e-08
2885 1.189205e-08
2886 8.074924e-09
2887 5.419720e-09
2888 3.546089e-09
2889 2.301142e-09
2890 1.493225e-09
2891 9.726612e-10
2892 6.419603e-10
2893 4.324488e-10
2894 2.981755e-10
2895 2.100405e-10
2896 0.000000e+00
2897 0.000000e+00
2898 0.000000e+00
2899 0.000000e+00
2900 0.000000e+00
2901 0.000000e+00
2902 0.000000e+00
2903 0.000000e+00
2904 0.000000e+00
2905 0.000000e+00
2906 0.000000e+00
2907 4.169300e-08
2908 3.202725e-08
2909 2.389799e-08
2910 1.710160e-08
2911 1.175804e-08
2912 7.952236e-09
2913 5.273255e-09
2914 3.437189e-09
2915 2.222968e-09
2916 1.440947e-09
2917 9.391265e-10
2918 6.213671e-10
2919 4.198546e-10
2920 2.900928e-10
2921 0.000000e+00
2922 0.000000e+00
2923 0.000000e+00
2924 0.000000e+00
2925 0.000000e+00
2926 0.000000e+00
2927 0.000000e+00
2928 0.000000e+00
2929 0.000000e+00
2930 0.000000e+00
2931 0.000000e+00
2932 1.342455e-07
2933 1.095327e-07
2934 8.675410e-08
2935 6.713121e-08
2936 5.068349e-08
2937 3.687730e-08
2938 2.558384e-08
2939 1.730238e-08
2940 1.155307e-08
2941 7.499770e-09
2942 4.804614e-09
2943 3.066038e-09
2944 1.948435e-09
2945 1.243115e-09
2946 0.000000e+00
2947 0.000000e+00
2948 0.000000e+00
2949 0.000000e+00
2950 0.000000e+00
2951 0.000000e+00
2952 0.000000e+00
2953 0.000000e+00
2954 0.000000e+00
2955 0.000000e+00
2956 1.448348e-12
2957 1.044797e-12
2958 7.654010e-13
2959 5.456395e-13
2960 3.931034e-13
2961 0.000000e+00
2962 0.000000e+00
2963 0.000000e+00
2964 0.000000e+00
2965 0.000000e+00
2966 0.000000e+00
2967 0.000000e+00
2968 0.000000e+00
2969 0.000000e+00
2970 0.000000e+00
2971 0.000000e+00
2972 0.000000e+00
2973 0.000000e+00
2974 0.000000e+00
2975 0.000000e+00
2976 0.000000e+00
2977 0.000000e+00
2978 0.000000e+00
2979 0.000000e+00
2980 0.000000e+00
2981 1.249459e-12
2982 9.908362e-13
2983 6.983662e-13
2984 5.151826e-13
2985 3.667279e-13
2986 2.604548e-13
2987 1.845394e-13
2988 0.000000e+00
2989 0.000000e+00
2990 0.000000e+00
2991 0.000000e+00
2992 0.000000e+00
2993 0.000000e+00
2994 0.000000e+00
2995 0.000000e+00
2996 0.000000e+00
2997 0.000000e+00
2998 0.000000e+00
2999 0.000000e+00
3000 0.000000e+00
3001 0.000000e+00
3002 0.000000e+00
3003 0.000000e+00
3004 0.000000e+00
3005 0.000000e+00
3006 1.059725e-12
3007 8.836689e-13
3008 6.983615e-13
3009 4.828572e-13
3010 3.583670e-13
3011 2.498729e-13
3012 1.762569e-13
3013 1.231476e-13
3014 0.000000e+00
3015 0.000000e+00
3016 0.000000e+00
3017 0.000000e+00
3018 0.000000e+00
3019 0.000000e+00
3020 0.000000e+00
3021 0.000000e+00
3022 0.000000e+00
3023 0.000000e+00
3024 0.000000e+00
3025 0.000000e+00
3026 0.000000e+00
3027 0.000000e+00
3028 0.000000e+00
3029 0.000000e+00
3030 0.000000e+00
3031 9.502773e-13
3032 7.768997e-13
3033 6.481695e-13
3034 4.891614e-13
3035 3.325174e-13
3036 2.476236e-13
3037 1.707573e-13
3038 1.168603e-13
3039 8.150482e-14
3040 0.000000e+00
3041 0.000000e+00
3042 0.000000e+00
3043 0.000000e+00
3044 0.000000e+00
3045 0.000000e+00
3046 0.000000e+00
3047 0.000000e+00
3048 0.000000e+00
3049 0.000000e+00
3050 0.000000e+00
3051 0.000000e+00
3052 0.000000e+00
3053 0.000000e+00
3054 0.000000e+00
3055 0.000000e+00
3056 8.699840e-13
3057 7.025850e-13
3058 5.816378e-13
3059 4.755087e-13
3060 3.354495e-13
3061 2.373275e-13
3062 1.651526e-13
3063 1.149422e-13
3064 7.699093e-14
3065 0.000000e+00
3066 0.000000e+00
3067 0.000000e+00
3068 0.000000e+00
3069 0.000000e+00
3070 0.000000e+00
3071 0.000000e+00
3072 0.000000e+00
3073 0.000000e+00
3074 0.000000e+00
3075 0.000000e+00
3076 0.000000e+00
3077 0.000000e+00
3078 0.000000e+00
3079 0.000000e+00
3080 0.000000e+00
3081 8.003227e-13
3082 6.481783e-13
3083 5.285721e-13
3084 4.411264e-13
3085 3.355870e-13
3086 2.246352e-13
3087 1.666695e-13
3088 1.121706e-13
3089 7.484805e-14
3090 5.028936e-14
3091 0.000000e+00
3092 0.000000e+00
3093 0.000000e+00
3094 0.000000e+00
3095 0.000000e+00
3096 0.000000e+00
3097 0.000000e+00
3098 0.000000e+00
3099 0.000000e+00
3100 0.000000e+00
3101 0.000000e+00
3102 0.000000e+00
3103 0.000000e+00
3104 0.000000e+00
3105 0.000000e+00
3106 7.422333e-13
3107 6.097959e-13
3108 4.922332e-13
3109 4.084450e-13
3110 3.307876e-13
3111 2.297327e-13
3112 1.635541e-13
3113 1.103491e-13
3114 7.551616e-14
3115 4.922758e-14
3116 0.000000e+00
3117 0.000000e+00
3118 0.000000e+00
3119 0.000000e+00
3120 0.000000e+00
3121 0.000000e+00
3122 0.000000e+00
3123 0.000000e+00
3124 0.000000e+00
3125 0.000000e+00
3126 0.000000e+00
3127 0.000000e+00
3128 0.000000e+00
3129 0.000000e+00
3130 0.000000e+00
3131 6.895295e-13
3132 5.781914e-13
3133 4.670091e-13
3134 3.833423e-13
3135 3.187664e-13
3136 2.342896e-13
3137 1.580026e-13
3138 1.140939e-13
3139 7.626244e-14
3140 4.899743e-14
3141 3.234840e-14
3142 0.000000e+00
3143 0.000000e+00
3144 0.000000e+00
3145 0.000000e+00
3146 0.000000e+00
3147 0.000000e+00
3148 0.000000e+00
3149 0.000000e+00
3150 0.000000e+00
3151 0.000000e+00
3152 0.000000e+00
3153 0.000000e+00
3154 0.000000e+00
3155 0.000000e+00
3156 6.351900e-13
3157 5.465562e-13
3158 4.455102e-13
3159 3.604575e-13
3160 3.006385e-13
3161 2.366637e-13
3162 1.600502e-13
3163 1.168801e-13
3164 7.716013e-14
3165 5.141792e-14
3166 3.284440e-14
3167 0.000000e+00
3168 0.000000e+00
3169 0.000000e+00
3170 0.000000e+00
3171 0.000000e+00
3172 0.000000e+00
3173 0.000000e+00
3174 0.000000e+00
3175 0.000000e+00
3176 0.000000e+00
3177 0.000000e+00
3178 0.000000e+00
3179 0.000000e+00
3180 0.000000e+00
3181 5.757766e-13
3182 5.141246e-13
3183 4.284265e-13
3184 3.459780e-13
3185 2.845920e-13
3186 2.354341e-13
3187 1.701581e-13
3188 1.163893e-13
3189 8.185516e-14
3190 5.466447e-14
3191 3.472409e-14
3192 2.233922e-14
3193 0.000000e+00
3194 0.000000e+00
3195 0.000000e+00
3196 0.000000e+00
3197 0.000000e+00
3198 0.000000e+00
3199 0.000000e+00
3200 0.000000e+00
3201 0.000000e+00
3202 0.000000e+00
3203 0.000000e+00
3204 0.000000e+00
3205 0.000000e+00
3206 9.056487e-15
3207 7.056853e-15
3208 5.581158e-15
3209 4.448089e-15
3210 3.546515e-15
3211 2.796749e-15
3212 2.164276e-15
3213 1.626317e-15
3214 1.174405e-15
3215 8.065375e-16
3216 5.214820e-16
3217 3.151182e-16
3218 1.776882e-16
3219 9.415798e-17
3220 4.742970e-17
3221 2.273470e-17
3222 0.000000e+00
3223 0.000000e+00
3224 0.000000e+00
3225 0.000000e+00
3226 0.000000e+00
3227 0.000000e+00
3228 0.000000e+00
3229 0.000000e+00
3230 0.000000e+00
3231 2.414453e-14
3232 1.811859e-14
3233 1.374011e-14
3234 1.051821e-14
3235 8.201141e-15
3236 6.489128e-15
3237 5.162829e-15
3238 4.100418e-15
3239 3.216494e-15
3240 2.464056e-15
3241 1.822427e-15
3242 1.286772e-15
3243 8.587625e-16
3244 5.383309e-16
3245 3.169168e-16
3246 1.764461e-16
3247 0.000000e+00
3248 0.000000e+00
3249 0.000000e+00
3250 0.000000e+00
3251 0.000000e+00
3252 0.000000e+00
3253 0.000000e+00
3254 0.000000e+00
3255 0.000000e+00
3256 3.878077e-14
3257 2.864667e-14
3258 2.137365e-14
3259 1.612536e-14
3260 1.226028e-14
3261 9.483284e-15
3262 7.457000e-15
3263 5.907497e-15
3264 4.683118e-15
3265 3.676779e-15
3266 2.827483e-15
3267 2.106089e-15
3268 1.503471e-15
3269 1.018515e-15
3270 6.500490e-16
3271 3.897596e-16
3272 0.000000e+00
3273 0.000000e+00
3274 0.000000e+00
3275 0.000000e+00
3276 0.000000e+00
3277 0.000000e+00
3278 0.000000e+00
3279 0.000000e+00
3280 0.000000e+00
3281 5.361306e-14
3282 4.005914e-14
3283 2.952370e-14
3284 2.204364e-14
3285 1.655730e-14
3286 1.260170e-14
3287 9.736833e-15
3288 7.643017e-15
3289 6.039410e-15
3290 4.768970e-15
3291 3.724016e-15
3292 2.845110e-15
3293 2.103161e-15
3294 1.489326e-15
3295 1.000979e-15
3296 6.341894e-16
3297 0.000000e+00
3298 0.000000e+00
3299 0.000000e+00
3300 0.000000e+00
3301 0.000000e+00
3302 0.000000e+00
3303 0.000000e+00
3304 0.000000e+00
3305 0.000000e+00
3306 6.893589e-14
3307 5.222176e-14
3308 3.864267e-14
3309 2.848652e-14
3310 2.129746e-14
3311 1.596559e-14
3312 1.217768e-14
3313 9.436412e-15
3314 7.400412e-15
3315 5.831997e-15
3316 4.578268e-15
3317 3.542593e-15
3318 2.672875e-15
3319 1.946616e-15
3320 1.355037e-15
3321 8.942969e-16
3322 0.000000e+00
3323 0.000000e+00
3324 0.000000e+00
3325 0.000000e+00
3326 0.000000e+00
3327 0.000000e+00
3328 0.000000e+00
3329 0.000000e+00
3330 0.000000e+00
3331 8.539340e-14
3332 6.538667e-14
3333 4.889265e-14
3334 3.589295e-14
3335 2.654956e-14
3336 1.979263e-14
3337 1.489917e-14
3338 1.138769e-14
3339 8.845980e-15
3340 6.928803e-15
3341 5.437059e-15
3342 4.231114e-15
3343 3.231410e-15
3344 2.397686e-15
3345 1.711295e-15
3346 1.164553e-15
3347 0.000000e+00
3348 0.000000e+00
3349 0.000000e+00
3350 0.000000e+00
3351 0.000000e+00
3352 0.000000e+00
3353 0.000000e+00
3354 0.000000e+00
3355 0.000000e+00
3356 1.036062e-13
3357 7.997958e-14
3358 6.045752e-14
3359 4.458155e-14
3360 3.267059e-14
3361 2.422739e-14
3362 1.801461e-14
3363 1.361209e-14
3364 1.044586e-14
3365 8.114127e-15
3366 6.337684e-15
3367 4.936108e-15
3368 3.794764e-15
3369 2.850283e-15
3370 2.071045e-15
3371 1.442745e-15
3372 0.000000e+00
3373 0.000000e+00
3374 0.000000e+00
3375 0.000000e+00
3376 0.000000e+00
3377 0.000000e+00
3378 0.000000e+00
3379 0.000000e+00
3380 0.000000e+00
3381 1.235735e-13
3382 9.600882e-14
3383 7.325245e-14
3384 5.448399e-14
3385 3.978194e-14
3386 2.923768e-14
3387 2.160881e-14
3388 1.613418e-14
3389 1.221739e-14
3390 9.398734e-15
3391 7.287732e-15
3392 5.659322e-15
3393 4.359302e-15
3394 3.297382e-15
3395 2.425117e-15
3396 1.718497e-15
3397 0.000000e+00
3398 0.000000e+00
3399 0.000000e+00
3400 0.000000e+00
3401 0.000000e+00
3402 0.000000e+00
3403 0.000000e+00
3404 0.000000e+00
3405 0.000000e+00
3406 1.467264e-13
3407 1.147002e-13
3408 8.820075e-14
3409 6.627177e-14
3410 4.853811e-14
3411 3.536618e-14
3412 2.600519e-14
3413 1.917113e-14
3414 1.434523e-14
3415 1.089529e-14
3416 8.366968e-15
3417 6.456266e-15
3418 4.963685e-15
3419 3.765460e-15
3420 2.790667e-15
3421 2.001790e-15
3422 0.000000e+00
3423 0.000000e+00
3424 0.000000e+00
3425 0.000000e+00
3426 0.000000e+00
3427 0.000000e+00
3428 0.000000e+00
3429 0.000000e+00
3430 0.000000e+00
3431 1.884973e-13
3432 1.488858e-13
3433 1.156544e-13
3434 8.815144e-14
3435 6.544130e-14
3436 4.751006e-14
3437 3.450941e-14
3438 2.516610e-14
3439 1.846860e-14
3440 1.371810e-14
3441 1.033741e-14
3442 7.851486e-15
3443 5.975384e-15
3444 4.515823e-15
3445 3.357174e-15
3446 2.431176e-15
3447 0.000000e+00
3448 0.000000e+00
3449 0.000000e+00
3450 0.000000e+00
3451 0.000000e+00
3452 0.000000e+00
3453 0.000000e+00
3454 0.000000e+00
3455 0.000000e+00
3456 0.000000e+00
3457 3.988937e-13
3458 3.206897e-13
3459 2.527713e-13
3460 1.967527e-13
3461 1.492985e-13
3462 1.075908e-13
3463 7.583065e-14
3464 5.390576e-14
3465 3.757117e-14
3466 2.620891e-14
3467 1.849088e-14
3468 1.313373e-14
3469 9.390118e-15
3470 6.723401e-15
3471 0.000000e+00
3472 0.000000e+00
3473 0.000000e+00
3474 0.000000e+00
3475 0.000000e+00
3476 0.000000e+00
3477 0.000000e+00
3478 0.000000e+00
3479 0.000000e+00
3480 0.000000e+00
3481 3.704990e-18
3482 3.124212e-18
3483 2.609538e-18
3484 2.173910e-18
3485 1.815376e-18
3486 1.510991e-18
3487 1.237163e-18
3488 1.007931e-18
3489 8.250415e-19
3490 6.686940e-19
3491 5.378615e-19
3492 4.281139e-19
3493 3.348864e-19
3494 2.560886e-19
3495 1.901440e-19
3496 1.359815e-19
3497 9.273748e-20
3498 5.967176e-20
3499 3.585250e-20
