0 2.539455e-09
1 1.926207e-09
2 1.425214e-09
3 1.034545e-09
4 7.468228e-10
5 5.406348e-10
6 3.923645e-10
7 2.891372e-10
8 2.161929e-10
9 1.637453e-10
10 1.246929e-10
11 9.479577e-11
12 7.123385e-11
13 5.247937e-11
14 3.765066e-11
15 2.619197e-11
16 1.763636e-11
17 1.150315e-11
18 7.285932e-12
19 4.496077e-12
20 2.710874e-12
21 1.600499e-12
22 0.000000e+00
23 0.000000e+00
24 0.000000e+00
25 4.045001e-09
26 3.100722e-09
27 2.322029e-09
28 1.688094e-09
29 1.197689e-09
30 8.504546e-10
31 6.129740e-10
32 4.438211e-10
33 3.288524e-10
34 2.485063e-10
35 1.906335e-10
36 1.469158e-10
37 1.126929e-10
38 8.504320e-11
39 6.252298e-11
40 4.443600e-11
41 3.037030e-11
42 1.992197e-11
43 1.256295e-11
44 7.652874e-12
45 4.532579e-12
46 2.624850e-12
47 0.000000e+00
48 0.000000e+00
49 0.000000e+00
50 4.289165e-09
51 3.282232e-09
52 2.456711e-09
53 1.781269e-09
54 1.253179e-09
55 8.818595e-10
56 6.354614e-10
57 4.588934e-10
58 3.401350e-10
59 2.577318e-10
60 1.988085e-10
61 1.540162e-10
62 1.187965e-10
63 9.006880e-11
64 6.642324e-11
65 4.723463e-11
66 3.219468e-11
67 2.097416e-11
68 1.307573e-11
69 7.843990e-12
70 4.563216e-12
71 2.593106e-12
72 0.000000e+00
73 0.000000e+00
74 0.000000e+00
75 4.429134e-09
76 3.386578e-09
77 2.534677e-09
78 1.835605e-09
79 1.286144e-09
80 9.010237e-10
81 6.492517e-10
82 4.681467e-10
83 3.470528e-10
84 2.633083e-10
85 2.036534e-10
86 1.581703e-10
87 1.223370e-10
88 9.297094e-11
89 6.866837e-11
90 4.885079e-11
91 3.325765e-11
92 2.159740e-11
93 1.339282e-11
94 7.974574e-12
95 4.597693e-12
96 2.587411e-12
97 0.000000e+00
98 0.000000e+00
99 0.000000e+00
100 4.523863e-09
101 3.457513e-09
102 2.587455e-09
103 1.872191e-09
104 1.308392e-09
105 9.139064e-10
106 6.585104e-10
107 4.743609e-10
108 3.516955e-10
109 2.670434e-10
110 2.069285e-10
111 1.609775e-10
112 1.247244e-10
113 9.492959e-11
114 7.018539e-11
115 4.994444e-11
116 3.397627e-11
117 2.201910e-11
118 1.360683e-11
119 8.062585e-12
120 4.620645e-12
121 2.583256e-12
122 0.000000e+00
123 0.000000e+00
124 0.000000e+00
125 4.595687e-09
126 3.511140e-09
127 2.627481e-09
128 1.900286e-09
129 1.325317e-09
130 9.238963e-10
131 6.656346e-10
132 4.791616e-10
133 3.552648e-10
134 2.699428e-10
135 2.094140e-10
136 1.631074e-10
137 1.265468e-10
138 9.641795e-11
139 7.133698e-11
140 5.077313e-11
141 3.452117e-11
142 2.233932e-11
143 1.376892e-11
144 8.128930e-12
145 4.638319e-12
146 2.580429e-12
147 0.000000e+00
148 0.000000e+00
149 0.000000e+00
150 4.654116e-09
151 3.554702e-09
152 2.660029e-09
153 1.922939e-09
154 1.339051e-09
155 9.318732e-10
156 6.713496e-10
157 4.830228e-10
158 3.581415e-10
159 2.722567e-10
160 2.114336e-10
161 1.648406e-10
162 1.280199e-10
163 9.762883e-11
164 7.227581e-11
165 5.144783e-11
166 3.496577e-11
167 2.259987e-11
168 1.390130e-11
169 8.183108e-12
170 4.652580e-12
171 2.578140e-12
172 0.000000e+00
173 0.000000e+00
174 0.000000e+00
175 4.702107e-09
176 3.590557e-09
177 2.686811e-09
178 1.941610e-09
179 1.350330e-09
180 9.384436e-10
181 6.760888e-10
182 4.861846e-10
183 3.605215e-10
184 2.741510e-10
185 2.130914e-10
186 1.662630e-10
187 1.292349e-10
188 9.862123e-11
189 7.304386e-11
190 5.200230e-11
191 3.532907e-11
192 2.281336e-11
193 1.400977e-11
194 8.227953e-12
195 4.664315e-12
196 2.576199e-12
197 0.000000e+00
198 0.000000e+00
199 0.000000e+00
200 4.744137e-09
201 3.622073e-09
202 2.710317e-09
203 1.957925e-09
204 1.360237e-09
205 9.442323e-10
206 6.802506e-10
207 4.889636e-10
208 3.626011e-10
209 2.758421e-10
210 2.145483e-10
211 1.675130e-10
212 1.303036e-10
213 9.949639e-11
214 7.372077e-11
215 5.248881e-11
216 3.564914e-11
217 2.300081e-11
218 1.410464e-11
219 8.266902e-12
220 4.674611e-12
221 2.574365e-12
222 0.000000e+00
223 0.000000e+00
224 0.000000e+00
225 4.797908e-09
226 3.662204e-09
227 2.740128e-09
228 1.978729e-09
229 1.372857e-09
230 9.515453e-10
231 6.855050e-10
232 4.925108e-10
233 3.652403e-10
234 2.779806e-10
235 2.164066e-10
236 1.691072e-10
237 1.316601e-10
238 1.006050e-10
239 7.457948e-11
240 5.310685e-11
241 3.605647e-11
242 2.323963e-11
243 1.422592e-11
244 8.316942e-12
245 4.687764e-12
246 2.572135e-12
247 0.000000e+00
248 0.000000e+00
249 0.000000e+00
250 1.091705e-08
251 8.738595e-09
252 6.845078e-09
253 5.247329e-09
254 3.913297e-09
255 2.833397e-09
256 2.022727e-09
257 1.445548e-09
258 1.031240e-09
259 7.455429e-10
260 5.483847e-10
261 4.108179e-10
262 3.121927e-10
263 2.389720e-10
264 1.824096e-10
265 1.374115e-10
266 1.012373e-10
267 7.241482e-11
268 5.006065e-11
269 3.339860e-11
270 2.153505e-11
271 1.346339e-11
272 0.000000e+00
273 0.000000e+00
274 0.000000e+00
275 1.310481e-08
276 1.053719e-08
277 8.286594e-09
278 6.391372e-09
279 4.804763e-09
280 3.491976e-09
281 2.480147e-09
282 1.768181e-09
283 1.258784e-09
284 9.034710e-10
285 6.602800e-10
286 4.930103e-10
287 3.739306e-10
288 2.867389e-10
289 2.199803e-10
290 1.670467e-10
291 1.242849e-10
292 8.984438e-11
293 6.273750e-11
294 4.219789e-11
295 2.735844e-11
296 1.715346e-11
297 0.000000e+00
298 0.000000e+00
299 0.000000e+00
300 1.426098e-08
301 1.147971e-08
302 9.036675e-09
303 6.984585e-09
304 5.265672e-09
305 3.829695e-09
306 2.711402e-09
307 1.930319e-09
308 1.373284e-09
309 9.823999e-10
310 7.165737e-10
311 5.345968e-10
312 4.054672e-10
313 3.113419e-10
314 2.394930e-10
315 1.825149e-10
316 1.363304e-10
317 9.892735e-11
318 6.929009e-11
319 4.669494e-11
320 3.029158e-11
321 1.898073e-11
322 0.000000e+00
323 0.000000e+00
324 0.000000e+00
325 1.504956e-08
326 1.212432e-08
327 9.550300e-09
328 7.390761e-09
329 5.581453e-09
330 4.061035e-09
331 2.870337e-09
332 2.042040e-09
333 1.452100e-09
334 1.036846e-09
335 7.553551e-10
336 5.632183e-10
337 4.271805e-10
338 3.282083e-10
339 2.528407e-10
340 1.930643e-10
341 1.445443e-10
342 1.051237e-10
343 7.376453e-11
344 4.977908e-11
345 3.230796e-11
346 2.024135e-11
347 0.000000e+00
348 0.000000e+00
349 0.000000e+00
350 1.564775e-08
351 1.261247e-08
352 9.939521e-09
353 7.698340e-09
354 5.820456e-09
355 4.236553e-09
356 2.990813e-09
357 2.126504e-09
358 1.511769e-09
359 1.078108e-09
360 7.846756e-10
361 5.849107e-10
362 4.435134e-10
363 3.409902e-10
364 2.629749e-10
365 2.011025e-10
366 1.507927e-10
367 1.098408e-10
368 7.717944e-11
369 5.211921e-11
370 3.383760e-11
371 2.119639e-11
372 0.000000e+00
373 0.000000e+00
374 0.000000e+00
375 1.613227e-08
376 1.300709e-08
377 1.025357e-08
378 7.946715e-09
379 6.013820e-09
380 4.378225e-09
381 3.088214e-09
382 2.194819e-09
383 1.560061e-09
384 1.111386e-09
385 8.084142e-10
386 6.024098e-10
387 4.567827e-10
388 3.513429e-10
389 2.711719e-10
390 2.076065e-10
391 1.558464e-10
392 1.136416e-10
393 7.992125e-11
394 5.400458e-11
395 3.507011e-11
396 2.196711e-11
397 0.000000e+00
398 0.000000e+00
399 0.000000e+00
400 1.653191e-08
401 1.333306e-08
402 1.051323e-08
403 8.152506e-09
404 6.174017e-09
405 4.495583e-09
406 3.168720e-09
407 2.251557e-09
408 1.599961e-09
409 1.138939e-09
410 8.280016e-10
411 6.169335e-10
412 4.678151e-10
413 3.598862e-10
414 2.779507e-10
415 2.129389e-10
416 1.600136e-10
417 1.167909e-10
418 8.219640e-11
419 5.556915e-11
420 3.609420e-11
421 2.260649e-11
422 0.000000e+00
423 0.000000e+00
424 0.000000e+00
425 1.688274e-08
426 1.362063e-08
427 1.074289e-08
428 8.333771e-09
429 6.314342e-09
430 4.598679e-09
431 3.239545e-09
432 2.301207e-09
433 1.635067e-09
434 1.163246e-09
435 8.453054e-10
436 6.297008e-10
437 4.774262e-10
438 3.674320e-10
439 2.838983e-10
440 2.176598e-10
441 1.636874e-10
442 1.195492e-10
443 8.419805e-11
444 5.694448e-11
445 3.699058e-11
446 2.316766e-11
447 0.000000e+00
448 0.000000e+00
449 0.000000e+00
450 1.732668e-08
451 1.398386e-08
452 1.103201e-08
453 8.563046e-09
454 6.492315e-09
455 4.728987e-09
456 3.329153e-09
457 2.364130e-09
458 1.679434e-09
459 1.193835e-09
460 8.671305e-10
461 6.458460e-10
462 4.896563e-10
463 3.769252e-10
464 2.914208e-10
465 2.236055e-10
466 1.683140e-10
467 1.230557e-10
468 8.672535e-11
469 5.868431e-11
470 3.812847e-11
471 2.387759e-11
472 0.000000e+00
473 0.000000e+00
474 0.000000e+00
475 1.824934e-08
476 1.503985e-08
477 1.205620e-08
478 9.452245e-09
479 7.252837e-09
480 5.418764e-09
481 3.928981e-09
482 2.798304e-09
483 1.991336e-09
484 1.415257e-09
485 1.016246e-09
486 7.415897e-10
487 5.516298e-10
488 4.167973e-10
489 3.179481e-10
490 2.426022e-10
491 1.833167e-10
492 1.358992e-10
493 9.808462e-11
494 6.858814e-11
495 4.633519e-11
496 3.024900e-11
497 0.000000e+00
498 0.000000e+00
499 0.000000e+00
500 2.085744e-08
501 1.730012e-08
502 1.393061e-08
503 1.096180e-08
504 8.454022e-09
505 6.358347e-09
506 4.629959e-09
507 3.290046e-09
508 2.337258e-09
509 1.659127e-09
510 1.184793e-09
511 8.596421e-10
512 6.369565e-10
513 4.798420e-10
514 3.659006e-10
515 2.798419e-10
516 2.126195e-10
517 1.587855e-10
518 1.156012e-10
519 8.155120e-11
520 5.556218e-11
521 3.653094e-11
522 0.000000e+00
523 0.000000e+00
524 0.000000e+00
525 2.260187e-08
526 1.880749e-08
527 1.517703e-08
528 1.196449e-08
529 9.250729e-09
530 6.981287e-09
531 5.093467e-09
532 3.613844e-09
533 2.564826e-09
534 1.819518e-09
535 1.295406e-09
536 9.372841e-10
537 6.931835e-10
538 5.213915e-10
539 3.976901e-10
540 3.046739e-10
541 2.321128e-10
542 1.740167e-10
543 1.272481e-10
544 9.017000e-11
545 6.167594e-11
546 4.067224e-11
547 0.000000e+00
548 0.000000e+00
549 0.000000e+00
550 2.392596e-08
551 1.995304e-08
552 1.612553e-08
553 1.272754e-08
554 9.857151e-09
555 7.455265e-09
556 5.446810e-09
557 3.860758e-09
558 2.738246e-09
559 1.941836e-09
560 1.379923e-09
561 9.964247e-10
562 7.360136e-10
563 5.531003e-10
564 4.218666e-10
565 3.235394e-10
566 2.469138e-10
567 1.855912e-10
568 1.361010e-10
569 9.672732e-11
570 6.632768e-11
571 4.383315e-11
572 0.000000e+00
573 0.000000e+00
574 0.000000e+00
575 2.500076e-08
576 2.088368e-08
577 1.689500e-08
578 1.334612e-08
579 1.034892e-08
580 7.839800e-09
581 5.733392e-09
582 4.061294e-09
583 2.879040e-09
584 2.040963e-09
585 1.448461e-09
586 1.044609e-09
587 7.708228e-10
588 5.787780e-10
589 4.414543e-10
590 3.388062e-10
591 2.589493e-10
592 1.949633e-10
593 1.432888e-10
594 1.020418e-10
595 7.010101e-11
596 4.639321e-11
597 0.000000e+00
598 0.000000e+00
599 0.000000e+00
600 2.588605e-08
601 2.164921e-08
602 1.752838e-08
603 1.385578e-08
604 1.075433e-08
605 8.156448e-09
606 5.968932e-09
607 4.226549e-09
608 2.995331e-09
609 2.122899e-09
610 1.505000e-09
611 1.084096e-09
612 7.993903e-10
613 6.000627e-10
614 4.576504e-10
615 3.514331e-10
616 2.688565e-10
617 2.027368e-10
618 1.492142e-10
619 1.064336e-10
620 7.321760e-11
621 4.850639e-11
622 0.000000e+00
623 0.000000e+00
624 0.000000e+00
625 2.666568e-08
626 2.232332e-08
627 1.808739e-08
628 1.430546e-08
629 1.111168e-08
630 8.436369e-09
631 6.177691e-09
632 4.371975e-09
633 3.097301e-09
634 2.195009e-09
635 1.554693e-09
636 1.119043e-09
637 8.247314e-10
638 6.186603e-10
639 4.718716e-10
640 3.625373e-10
641 2.775750e-10
642 2.095374e-10
643 1.544218e-10
644 1.102887e-10
645 7.595774e-11
646 5.036778e-11
647 0.000000e+00
648 0.000000e+00
649 0.000000e+00
650 2.765203e-08
651 2.317553e-08
652 1.879265e-08
653 1.487240e-08
654 1.156260e-08
655 8.788816e-09
656 6.440105e-09
657 4.555704e-09
658 3.226640e-09
659 2.285944e-09
660 1.617662e-09
661 1.163059e-09
662 8.566146e-10
663 6.423118e-10
664 4.898629e-10
665 3.765579e-10
666 2.886161e-10
667 2.181638e-10
668 1.610312e-10
669 1.151653e-10
670 7.942219e-11
671 5.271379e-11
672 0.000000e+00
673 0.000000e+00
674 0.000000e+00
675 2.546355e-08
676 2.149875e-08
677 1.757888e-08
678 1.400085e-08
679 1.091189e-08
680 8.316181e-09
681 6.159390e-09
682 4.430930e-09
683 3.144333e-09
684 2.230581e-09
685 1.581341e-09
686 1.134266e-09
687 8.279828e-10
688 6.157133e-10
689 4.648535e-10
690 3.540373e-10
691 2.694904e-10
692 2.030138e-10
693 1.500225e-10
694 1.079710e-10
695 7.532906e-11
696 5.081920e-11
697 0.000000e+00
698 0.000000e+00
699 0.000000e+00
700 2.834544e-08
701 2.409983e-08
702 1.981411e-08
703 1.584363e-08
704 1.239427e-08
705 9.492800e-09
706 7.073107e-09
707 5.104246e-09
708 3.614672e-09
709 2.562701e-09
710 1.812016e-09
711 1.294230e-09
712 9.394988e-10
713 6.958202e-10
714 5.237576e-10
715 3.986915e-10
716 3.040644e-10
717 2.300615e-10
718 1.710870e-10
719 1.240903e-10
720 8.728672e-11
721 5.935732e-11
722 0.000000e+00
723 0.000000e+00
724 0.000000e+00
725 3.051497e-08
726 2.605461e-08
727 2.149383e-08
728 1.722763e-08
729 1.350564e-08
730 1.037548e-08
731 7.757627e-09
732 5.607139e-09
733 3.965929e-09
734 2.811280e-09
735 1.984064e-09
736 1.413535e-09
737 1.022786e-09
738 7.557654e-10
739 5.678525e-10
740 4.321400e-10
741 3.300114e-10
742 2.503794e-10
743 1.869124e-10
744 1.361724e-10
745 9.626139e-11
746 6.577170e-11
747 0.000000e+00
748 0.000000e+00
749 0.000000e+00
750 3.227979e-08
751 2.764667e-08
752 2.286049e-08
753 1.835395e-08
754 1.441142e-08
755 1.109345e-08
756 8.315529e-09
757 6.017787e-09
758 4.252069e-09
759 3.013426e-09
760 2.124632e-09
761 1.510979e-09
762 1.090720e-09
763 8.046185e-10
764 6.038340e-10
765 4.593389e-10
766 3.511204e-10
767 2.668970e-10
768 1.997916e-10
769 1.460366e-10
770 1.035618e-10
771 7.097898e-11
772 0.000000e+00
773 0.000000e+00
774 0.000000e+00
775 3.373433e-08
776 2.895693e-08
777 2.398765e-08
778 1.928162e-08
779 1.515686e-08
780 1.168528e-08
781 8.775090e-09
782 6.356403e-09
783 4.488749e-09
784 3.180601e-09
785 2.240466e-09
786 1.591129e-09
787 1.146745e-09
788 8.449017e-10
789 6.334719e-10
790 4.818676e-10
791 3.685316e-10
792 2.805191e-10
793 2.104021e-10
794 1.541472e-10
795 1.095850e-10
796 7.528394e-11
797 0.000000e+00
798 0.000000e+00
799 0.000000e+00
800 3.501496e-08
801 3.011010e-08
802 2.497758e-08
803 2.009851e-08
804 1.581396e-08
805 1.220661e-08
806 9.180275e-09
807 6.654020e-09
808 4.696699e-09
809 3.327673e-09
810 2.342531e-09
811 1.661755e-09
812 1.196079e-09
813 8.803929e-10
814 6.596851e-10
815 5.016463e-10
816 3.838643e-10
817 2.925205e-10
818 2.197346e-10
819 1.612960e-10
820 1.148926e-10
821 7.907485e-11
822 0.000000e+00
823 0.000000e+00
824 0.000000e+00
825 3.663281e-08
826 3.157220e-08
827 2.623315e-08
828 2.113241e-08
829 1.664429e-08
830 1.286550e-08
831 9.691001e-09
832 7.029850e-09
833 4.959631e-09
834 3.513559e-09
835 2.471281e-09
836 1.751038e-09
837 1.258366e-09
838 9.251553e-10
839 6.928052e-10
840 5.266535e-10
841 4.032345e-10
842 3.076942e-10
843 2.315709e-10
844 1.703268e-10
845 1.216592e-10
846 8.384824e-11
847 0.000000e+00
848 0.000000e+00
849 0.000000e+00
850 3.275417e-08
851 2.823305e-08
852 2.351465e-08
853 1.900439e-08
854 1.499297e-08
855 1.157925e-08
856 8.723688e-09
857 6.373742e-09
858 4.539918e-09
859 3.211227e-09
860 2.269594e-09
861 1.609024e-09
862 1.156352e-09
863 8.469675e-10
864 6.312543e-10
865 4.771250e-10
866 3.629295e-10
867 2.752308e-10
868 2.061610e-10
869 1.512513e-10
870 1.080278e-10
871 7.478467e-11
872 0.000000e+00
873 0.000000e+00
874 0.000000e+00
875 3.589327e-08
876 3.115763e-08
877 2.610703e-08
878 2.119988e-08
879 1.678373e-08
880 1.301238e-08
881 9.853767e-09
882 7.236332e-09
883 5.160216e-09
884 3.644337e-09
885 2.575489e-09
886 1.818502e-09
887 1.301080e-09
888 9.483734e-10
889 7.039402e-10
890 5.306692e-10
891 4.035261e-10
892 3.066409e-10
893 2.306334e-10
894 1.702175e-10
895 1.224614e-10
896 8.545465e-11
897 0.000000e+00
898 0.000000e+00
899 0.000000e+00
900 3.843639e-08
901 3.352394e-08
902 2.820274e-08
903 2.297160e-08
904 1.823152e-08
905 1.416954e-08
906 1.076592e-08
907 7.932326e-09
908 5.660591e-09
909 3.993066e-09
910 2.822054e-09
911 1.987120e-09
912 1.417536e-09
913 1.030133e-09
914 7.626101e-10
915 5.738884e-10
916 4.362779e-10
917 3.319907e-10
918 2.504320e-10
919 1.855833e-10
920 1.341316e-10
921 9.406874e-11
922 0.000000e+00
923 0.000000e+00
924 0.000000e+00
925 4.053615e-08
926 3.547740e-08
927 2.993484e-08
928 2.443666e-08
929 1.942581e-08
930 1.512512e-08
931 1.152094e-08
932 8.508616e-09
933 6.074867e-09
934 4.281785e-09
935 3.026045e-09
936 2.126747e-09
937 1.514217e-09
938 1.097673e-09
939 8.111291e-10
940 6.096814e-10
941 4.633983e-10
942 3.529340e-10
943 2.667469e-10
944 1.982442e-10
945 1.437558e-10
946 1.011889e-10
947 0.000000e+00
948 0.000000e+00
949 0.000000e+00
950 4.238537e-08
951 3.718940e-08
952 3.145670e-08
953 2.572508e-08
954 2.047648e-08
955 1.596690e-08
956 1.218505e-08
957 9.015491e-09
958 6.440028e-09
959 4.536299e-09
960 3.205755e-09
961 2.249492e-09
962 1.599187e-09
963 1.157347e-09
964 8.539024e-10
965 6.411005e-10
966 4.872247e-10
967 3.713936e-10
968 2.811461e-10
969 2.094047e-10
970 1.522571e-10
971 1.074664e-10
972 0.000000e+00
973 0.000000e+00
974 0.000000e+00
975 4.472184e-08
976 3.936838e-08
977 3.338540e-08
978 2.735630e-08
979 2.180726e-08
980 1.702881e-08
981 1.302350e-08
982 9.656188e-09
983 6.900368e-09
984 4.857564e-09
985 3.432439e-09
986 2.404792e-09
987 1.706468e-09
988 1.232635e-09
989 9.079798e-10
990 6.808612e-10
991 5.173897e-10
992 3.947424e-10
993 2.993270e-10
994 2.234762e-10
995 1.630611e-10
996 1.153719e-10
997 0.000000e+00
998 0.000000e+00
999 0.000000e+00
1000 4.032394e-08
1001 3.540735e-08
1002 3.000508e-08
1003 2.460572e-08
1004 1.963580e-08
1005 1.532549e-08
1006 1.169758e-08
1007 8.677812e-09
1008 6.241735e-09
1009 4.412179e-09
1010 3.113171e-09
1011 2.192169e-09
1012 1.557422e-09
1013 1.124298e-09
1014 8.269257e-10
1015 6.184735e-10
1016 4.678945e-10
1017 3.551551e-10
1018 2.679116e-10
1019 1.990908e-10
1020 1.447080e-10
1021 1.023004e-10
1022 0.000000e+00
1023 0.000000e+00
1024 0.000000e+00
1025 4.376127e-08
1026 3.868879e-08
1027 3.299393e-08
1028 2.720120e-08
1029 2.179553e-08
1030 1.706933e-08
1031 1.308342e-08
1032 9.758543e-09
1033 7.045276e-09
1034 4.977496e-09
1035 3.509772e-09
1036 2.467277e-09
1037 1.745900e-09
1038 1.253802e-09
1039 9.181788e-10
1040 6.838679e-10
1041 5.163229e-10
1042 3.919346e-10
1043 2.963485e-10
1044 2.212123e-10
1045 1.617347e-10
1046 1.151430e-10
1047 0.000000e+00
1048 0.000000e+00
1049 0.000000e+00
1050 4.659260e-08
1051 4.139269e-08
1052 3.545469e-08
1053 2.933569e-08
1054 2.356824e-08
1055 1.850051e-08
1056 1.422254e-08
1057 1.064584e-08
1058 7.705964e-09
1059 5.441293e-09
1060 3.834446e-09
1061 2.692778e-09
1062 1.900535e-09
1063 1.359995e-09
1064 9.930501e-10
1065 7.376682e-10
1066 5.561300e-10
1067 4.221477e-10
1068 3.197004e-10
1069 2.393533e-10
1070 1.757205e-10
1071 1.257211e-10
1072 0.000000e+00
1073 0.000000e+00
1074 0.000000e+00
1075 4.909113e-08
1076 4.376982e-08
1077 3.762259e-08
1078 3.121742e-08
1079 2.513309e-08
1080 1.976447e-08
1081 1.522719e-08
1082 1.142960e-08
1083 8.288378e-09
1084 5.851049e-09
1085 4.121870e-09
1086 2.891840e-09
1087 2.037048e-09
1088 1.453955e-09
1089 1.059275e-09
1090 7.851850e-10
1091 5.912594e-10
1092 4.488557e-10
1093 3.403547e-10
1094 2.553820e-10
1095 1.880784e-10
1096 1.350509e-10
1097 0.000000e+00
1098 0.000000e+00
1099 0.000000e+00
1100 5.224245e-08
1101 4.678064e-08
1102 4.036295e-08
1103 3.359617e-08
1104 2.710773e-08
1105 2.135811e-08
1106 1.649626e-08
1107 1.241807e-08
1108 9.024027e-09
1109 6.368337e-09
1110 4.483984e-09
1111 3.143323e-09
1112 2.209212e-09
1113 1.572386e-09
1114 1.142716e-09
1115 8.450641e-10
1116 6.355334e-10
1117 4.825177e-10
1118 3.663892e-10
1119 2.756076e-10
1120 2.037495e-10
1121 1.468090e-10
1122 0.000000e+00
1123 0.000000e+00
1124 0.000000e+00
1125 4.836488e-08
1126 4.319564e-08
1127 3.721702e-08
1128 3.097519e-08
1129 2.501367e-08
1130 1.971317e-08
1131 1.520471e-08
1132 1.143364e-08
1133 8.329466e-09
1134 5.910356e-09
1135 4.161216e-09
1136 2.923842e-09
1137 2.057478e-09
1138 1.466631e-09
1139 1.064586e-09
1140 7.865183e-10
1141 5.899179e-10
1142 4.462642e-10
1143 3.374780e-10
1144 2.528115e-10
1145 1.861259e-10
1146 1.338069e-10
1147 0.000000e+00
1148 0.000000e+00
1149 0.000000e+00
1150 5.205072e-08
1151 4.678398e-08
1152 4.056725e-08
1153 3.395348e-08
1154 2.754155e-08
1155 2.177835e-08
1156 1.686034e-08
1157 1.273829e-08
1158 9.326954e-09
1159 6.628858e-09
1160 4.661486e-09
1161 3.274790e-09
1162 2.296539e-09
1163 1.629755e-09
1164 1.177334e-09
1165 8.658344e-10
1166 6.471801e-10
1167 4.887711e-10
1168 3.697976e-10
1169 2.777698e-10
1170 2.054165e-10
1171 1.485918e-10
1172 0.000000e+00
1173 0.000000e+00
1174 0.000000e+00
1175 5.528984e-08
1176 4.994169e-08
1177 4.350839e-08
1178 3.656964e-08
1179 2.976184e-08
1180 2.359642e-08
1181 1.831317e-08
1182 1.388465e-08
1183 1.020157e-08
1184 7.259069e-09
1185 5.100657e-09
1186 3.582220e-09
1187 2.505796e-09
1188 1.773072e-09
1189 1.276326e-09
1190 9.354244e-10
1191 6.973864e-10
1192 5.261375e-10
1193 3.982657e-10
1194 2.997242e-10
1195 2.224214e-10
1196 1.615714e-10
1197 0.000000e+00
1198 0.000000e+00
1199 0.000000e+00
1200 5.938492e-08
1201 5.393361e-08
1202 4.722928e-08
1203 3.987816e-08
1204 3.256685e-08
1205 2.588869e-08
1206 2.014944e-08
1207 1.533224e-08
1208 1.130683e-08
1209 8.055217e-09
1210 5.654581e-09
1211 3.970674e-09
1212 2.770290e-09
1213 1.953863e-09
1214 1.401418e-09
1215 1.023316e-09
1216 7.609026e-10
1217 5.733030e-10
1218 4.341375e-10
1219 3.274437e-10
1220 2.439573e-10
1221 1.779653e-10
1222 0.000000e+00
1223 0.000000e+00
1224 0.000000e+00
1225 5.678740e-08
1226 5.150104e-08
1227 4.507474e-08
1228 3.806496e-08
1229 3.111845e-08
1230 2.475852e-08
1231 1.927048e-08
1232 1.465438e-08
1233 1.081823e-08
1234 7.738901e-09
1235 5.444448e-09
1236 3.820595e-09
1237 2.672281e-09
1238 1.885108e-09
1239 1.350693e-09
1240 9.856378e-10
1241 7.313652e-10
1242 5.495660e-10
1243 4.149420e-10
1244 3.120140e-10
1245 2.317246e-10
1246 1.687635e-10
1247 0.000000e+00
1248 0.000000e+00
1249 0.000000e+00
1250 6.087519e-08
1251 5.555658e-08
1252 4.893461e-08
1253 4.157443e-08
1254 3.415627e-08
1255 2.728534e-08
1256 2.130754e-08
1257 1.627292e-08
1258 1.207481e-08
1259 8.669213e-09
1260 6.096815e-09
1261 4.275523e-09
1262 2.985099e-09
1263 2.097985e-09
1264 1.495457e-09
1265 1.085787e-09
1266 8.021123e-10
1267 6.009639e-10
1268 4.532820e-10
1269 3.412294e-10
1270 2.542281e-10
1271 1.860512e-10
1272 0.000000e+00
1273 0.000000e+00
1274 0.000000e+00
1275 6.603194e-08
1276 6.067299e-08
1277 5.379911e-08
1278 4.599581e-08
1279 3.798678e-08
1280 3.046368e-08
1281 2.387142e-08
1282 1.830866e-08
1283 1.365626e-08
1284 9.839208e-09
1285 6.916846e-09
1286 4.847968e-09
1287 3.378525e-09
1288 2.365403e-09
1289 1.677300e-09
1290 1.211876e-09
1291 8.910490e-10
1292 6.655920e-10
1293 5.015074e-10
1294 3.780050e-10
1295 2.826718e-10
1296 2.078298e-10
1297 0.000000e+00
1298 0.000000e+00
1299 0.000000e+00
1300 6.602251e-08
1301 6.075822e-08
1302 5.399175e-08
1303 4.627706e-08
1304 3.832856e-08
1305 3.081856e-08
1306 2.419411e-08
1307 1.858162e-08
1308 1.388990e-08
1309 1.004862e-08
1310 7.087498e-09
1311 4.963834e-09
1312 3.463433e-09
1313 2.421531e-09
1314 1.713853e-09
1315 1.234560e-09
1316 9.048611e-10
1317 6.735764e-10
1318 5.060911e-10
1319 3.805715e-10
1320 2.841080e-10
1321 2.089157e-10
1322 0.000000e+00
1323 0.000000e+00
1324 0.000000e+00
1325 7.243769e-08
1326 6.723078e-08
1327 6.027051e-08
1328 5.210602e-08
1329 4.348620e-08
1330 3.517713e-08
1331 2.774876e-08
1332 2.142145e-08
1333 1.612138e-08
1334 1.173983e-08
1335 8.296239e-09
1336 5.803902e-09
1337 4.047172e-09
1338 2.815996e-09
1339 1.980513e-09
1340 1.416280e-09
1341 1.030658e-09
1342 7.627630e-10
1343 5.710390e-10
1344 4.294334e-10
1345 3.212423e-10
1346 2.372919e-10
1347 0.000000e+00
1348 0.000000e+00
1349 0.000000e+00
1350 8.103444e-08
1351 7.609528e-08
1352 6.907910e-08
1353 6.051330e-08
1354 5.113949e-08
1355 4.181925e-08
1356 3.327228e-08
1357 2.588101e-08
1358 1.966198e-08
1359 1.448962e-08
1360 1.033226e-08
1361 7.230383e-09
1362 5.037478e-09
1363 3.490903e-09
1364 2.434235e-09
1365 1.719753e-09
1366 1.236381e-09
1367 9.040985e-10
1368 6.705769e-10
1369 5.015003e-10
1370 3.746823e-10
1371 2.776209e-10
1372 0.000000e+00
1373 0.000000e+00
1374 0.000000e+00
1375 5.380853e-07
1376 4.700242e-07
1377 3.904712e-07
1378 3.199363e-07
1379 2.634672e-07
1380 2.076940e-07
1381 1.525537e-07
1382 1.082441e-07
1383 7.706731e-08
1384 5.295476e-08
1385 3.639320e-08
1386 0.000000e+00
1387 0.000000e+00
1388 0.000000e+00
1389 0.000000e+00
1390 0.000000e+00
1391 0.000000e+00
1392 0.000000e+00
1393 0.000000e+00
1394 0.000000e+00
1395 0.000000e+00
1396 0.000000e+00
1397 0.000000e+00
1398 0.000000e+00
1399 0.000000e+00
1400 6.841470e-07
1401 6.000753e-07
1402 4.997562e-07
1403 4.092730e-07
1404 3.367778e-07
1405 2.668209e-07
1406 1.970063e-07
1407 1.395880e-07
1408 9.959128e-08
1409 6.846584e-08
1410 4.704777e-08
1411 0.000000e+00
1412 0.000000e+00
1413 0.000000e+00
1414 0.000000e+00
1415 0.000000e+00
1416 0.000000e+00
1417 0.000000e+00
1418 0.000000e+00
1419 0.000000e+00
1420 0.000000e+00
1421 0.000000e+00
1422 0.000000e+00
1423 0.000000e+00
1424 0.000000e+00
1425 7.831443e-07
1426 6.882203e-07
1427 5.738267e-07
1428 4.698227e-07
1429 3.864659e-07
1430 3.068955e-07
1431 2.271335e-07
1432 1.608321e-07
1433 1.148566e-07
1434 7.897832e-08
1435 5.426874e-08
1436 0.000000e+00
1437 0.000000e+00
1438 0.000000e+00
1439 0.000000e+00
1440 0.000000e+00
1441 0.000000e+00
1442 0.000000e+00
1443 0.000000e+00
1444 0.000000e+00
1445 0.000000e+00
1446 0.000000e+00
1447 0.000000e+00
1448 0.000000e+00
1449 0.000000e+00
1450 8.580755e-07
1451 7.549375e-07
1452 6.298907e-07
1453 5.156530e-07
1454 4.240739e-07
1455 3.372278e-07
1456 2.499399e-07
1457 1.769107e-07
1458 1.264106e-07
1459 8.693551e-08
1460 5.973465e-08
1461 0.000000e+00
1462 0.000000e+00
1463 0.000000e+00
1464 0.000000e+00
1465 0.000000e+00
1466 0.000000e+00
1467 0.000000e+00
1468 0.000000e+00
1469 0.000000e+00
1470 0.000000e+00
1471 0.000000e+00
1472 0.000000e+00
1473 0.000000e+00
1474 0.000000e+00
1475 9.188364e-07
1476 8.090359e-07
1477 6.753510e-07
1478 5.528150e-07
1479 4.545695e-07
1480 3.618232e-07
1481 2.684329e-07
1482 1.899490e-07
1483 1.357808e-07
1484 9.338773e-08
1485 6.416659e-08
1486 0.000000e+00
1487 0.000000e+00
1488 0.000000e+00
1489 0.000000e+00
1490 0.000000e+00
1491 0.000000e+00
1492 0.000000e+00
1493 0.000000e+00
1494 0.000000e+00
1495 0.000000e+00
1496 0.000000e+00
1497 0.000000e+00
1498 0.000000e+00
1499 0.000000e+00
1500 9.689459e-07
1501 8.536521e-07
1502 7.128432e-07
1503 5.834600e-07
1504 4.797200e-07
1505 3.821077e-07
1506 2.836831e-07
1507 2.007018e-07
1508 1.435079e-07
1509 9.870901e-08
1510 6.782178e-08
1511 0.000000e+00
1512 0.000000e+00
1513 0.000000e+00
1514 0.000000e+00
1515 0.000000e+00
1516 0.000000e+00
1517 0.000000e+00
1518 0.000000e+00
1519 0.000000e+00
1520 0.000000e+00
1521 0.000000e+00
1522 0.000000e+00
1523 0.000000e+00
1524 0.000000e+00
1525 1.013097e-06
1526 8.929629e-07
1527 7.458711e-07
1528 6.104637e-07
1529 5.018798e-07
1530 3.999801e-07
1531 2.971200e-07
1532 2.101761e-07
1533 1.503162e-07
1534 1.033964e-07
1535 7.104234e-08
1536 0.000000e+00
1537 0.000000e+00
1538 0.000000e+00
1539 0.000000e+00
1540 0.000000e+00
1541 0.000000e+00
1542 0.000000e+00
1543 0.000000e+00
1544 0.000000e+00
1545 0.000000e+00
1546 0.000000e+00
1547 0.000000e+00
1548 0.000000e+00
1549 0.000000e+00
1550 1.068834e-06
1551 9.425801e-07
1552 7.875656e-07
1553 6.445472e-07
1554 5.298495e-07
1555 4.225376e-07
1556 3.140753e-07
1557 2.221345e-07
1558 1.589076e-07
1559 1.093140e-07
1560 7.510710e-08
1561 0.000000e+00
1562 0.000000e+00
1563 0.000000e+00
1564 0.000000e+00
1565 0.000000e+00
1566 0.000000e+00
1567 0.000000e+00
1568 0.000000e+00
1569 0.000000e+00
1570 0.000000e+00
1571 0.000000e+00
1572 0.000000e+00
1573 0.000000e+00
1574 0.000000e+00
1575 2.372311e-07
1576 2.338171e-07
1577 2.156249e-07
1578 1.850854e-07
1579 1.510921e-07
1580 1.231319e-07
1581 1.025726e-07
1582 7.980997e-08
1583 5.517764e-08
1584 4.021175e-08
1585 2.768328e-08
1586 1.883811e-08
1587 1.271386e-08
1588 0.000000e+00
1589 0.000000e+00
1590 0.000000e+00
1591 0.000000e+00
1592 0.000000e+00
1593 0.000000e+00
1594 0.000000e+00
1595 0.000000e+00
1596 0.000000e+00
1597 0.000000e+00
1598 0.000000e+00
1599 0.000000e+00
1600 3.430192e-07
1601 3.385618e-07
1602 3.129314e-07
1603 2.692549e-07
1604 2.200418e-07
1605 1.791383e-07
1606 1.491409e-07
1607 1.166670e-07
1608 8.085173e-08
1609 5.877139e-08
1610 4.052636e-08
1611 2.762350e-08
1612 1.860635e-08
1613 0.000000e+00
1614 0.000000e+00
1615 0.000000e+00
1616 0.000000e+00
1617 0.000000e+00
1618 0.000000e+00
1619 0.000000e+00
1620 0.000000e+00
1621 0.000000e+00
1622 0.000000e+00
1623 0.000000e+00
1624 0.000000e+00
1625 4.230001e-07
1626 4.177562e-07
1627 3.864929e-07
1628 3.328919e-07
1629 2.721664e-07
1630 2.214862e-07
1631 1.843531e-07
1632 1.445285e-07
1633 1.002579e-07
1634 7.280117e-08
1635 5.023451e-08
1636 3.426376e-08
1637 2.306075e-08
1638 0.000000e+00
1639 0.000000e+00
1640 0.000000e+00
1641 0.000000e+00
1642 0.000000e+00
1643 0.000000e+00
1644 0.000000e+00
1645 0.000000e+00
1646 0.000000e+00
1647 0.000000e+00
1648 0.000000e+00
1649 0.000000e+00
1650 4.878728e-07
1651 4.819777e-07
1652 4.461588e-07
1653 3.845125e-07
1654 3.144420e-07
1655 2.558287e-07
1656 2.129088e-07
1657 1.671266e-07
1658 1.159996e-07
1659 8.418054e-08
1660 5.810814e-08
1661 3.964959e-08
1662 2.667341e-08
1663 0.000000e+00
1664 0.000000e+00
1665 0.000000e+00
1666 0.000000e+00
1667 0.000000e+00
1668 0.000000e+00
1669 0.000000e+00
1670 0.000000e+00
1671 0.000000e+00
1672 0.000000e+00
1673 0.000000e+00
1674 0.000000e+00
1675 5.413830e-07
1676 5.349568e-07
1677 4.953871e-07
1678 4.270811e-07
1679 3.493128e-07
1680 2.841561e-07
1681 2.364630e-07
1682 1.857665e-07
1683 1.289828e-07
1684 9.356676e-08
1685 6.460261e-08
1686 4.409207e-08
1687 2.965328e-08
1688 0.000000e+00
1689 0.000000e+00
1690 0.000000e+00
1691 0.000000e+00
1692 0.000000e+00
1693 0.000000e+00
1694 0.000000e+00
1695 0.000000e+00
1696 0.000000e+00
1697 0.000000e+00
1698 0.000000e+00
1699 0.000000e+00
1700 5.885099e-07
1701 5.816159e-07
1702 5.387323e-07
1703 4.645750e-07
1704 3.800199e-07
1705 3.091059e-07
1706 2.572044e-07
1707 2.021826e-07
1708 1.404171e-07
1709 1.018331e-07
1710 7.032231e-08
1711 4.800454e-08
1712 3.227766e-08
1713 0.000000e+00
1714 0.000000e+00
1715 0.000000e+00
1716 0.000000e+00
1717 0.000000e+00
1718 0.000000e+00
1719 0.000000e+00
1720 0.000000e+00
1721 0.000000e+00
1722 0.000000e+00
1723 0.000000e+00
1724 0.000000e+00
1725 6.479623e-07
1726 6.404787e-07
1727 5.934128e-07
1728 5.118766e-07
1729 4.187639e-07
1730 3.405799e-07
1731 2.833788e-07
1732 2.228935e-07
1733 1.548429e-07
1734 1.122638e-07
1735 7.753838e-08
1736 5.294134e-08
1737 3.558862e-08
1738 0.000000e+00
1739 0.000000e+00
1740 0.000000e+00
1741 0.000000e+00
1742 0.000000e+00
1743 0.000000e+00
1744 0.000000e+00
1745 0.000000e+00
1746 0.000000e+00
1747 0.000000e+00
1748 0.000000e+00
1749 0.000000e+00
1750 1.246232e-07
1751 1.298099e-07
1752 1.280951e-07
1753 1.181074e-07
1754 1.012397e-07
1755 8.245918e-08
1756 6.708917e-08
1757 5.595548e-08
1758 4.347787e-08
1759 2.958140e-08
1760 2.179600e-08
1761 1.476944e-08
1762 9.979418e-09
1763 6.675951e-09
1764 0.000000e+00
1765 0.000000e+00
1766 0.000000e+00
1767 0.000000e+00
1768 0.000000e+00
1769 0.000000e+00
1770 0.000000e+00
1771 0.000000e+00
1772 0.000000e+00
1773 0.000000e+00
1774 0.000000e+00
1775 2.021861e-07
1776 2.105821e-07
1777 2.080261e-07
1778 1.922016e-07
1779 1.650929e-07
1780 1.345863e-07
1781 1.093855e-07
1782 9.118318e-08
1783 7.122810e-08
1784 4.858012e-08
1785 3.569558e-08
1786 2.421332e-08
1787 1.639776e-08
1788 1.094558e-08
1789 0.000000e+00
1790 0.000000e+00
1791 0.000000e+00
1792 0.000000e+00
1793 0.000000e+00
1794 0.000000e+00
1795 0.000000e+00
1796 0.000000e+00
1797 0.000000e+00
1798 0.000000e+00
1799 0.000000e+00
1800 2.644853e-07
1801 2.754464e-07
1802 2.722232e-07
1803 2.517027e-07
1804 2.163557e-07
1805 1.764147e-07
1806 1.433404e-07
1807 1.194652e-07
1808 9.349062e-08
1809 6.381417e-08
1810 4.684750e-08
1811 3.178721e-08
1812 2.154394e-08
1813 1.437007e-08
1814 0.000000e+00
1815 0.000000e+00
1816 0.000000e+00
1817 0.000000e+00
1818 0.000000e+00
1819 0.000000e+00
1820 0.000000e+00
1821 0.000000e+00
1822 0.000000e+00
1823 0.000000e+00
1824 0.000000e+00
1825 3.158573e-07
1826 3.289320e-07
1827 3.251510e-07
1828 3.007548e-07
1829 2.586172e-07
1830 2.109080e-07
1831 1.713338e-07
1832 1.427838e-07
1833 1.118475e-07
1834 7.637430e-08
1835 5.604616e-08
1836 3.803283e-08
1837 2.578788e-08
1838 1.719398e-08
1839 0.000000e+00
1840 0.000000e+00
1841 0.000000e+00
1842 0.000000e+00
1843 0.000000e+00
1844 0.000000e+00
1845 0.000000e+00
1846 0.000000e+00
1847 0.000000e+00
1848 0.000000e+00
1849 0.000000e+00
1850 3.611208e-07
1851 3.760579e-07
1852 3.717823e-07
1853 3.439773e-07
1854 2.958553e-07
1855 2.412996e-07
1856 1.959996e-07
1857 1.633297e-07
1858 1.280177e-07
1859 8.744240e-08
1860 6.414738e-08
1861 4.353580e-08
1862 2.952719e-08
1863 1.968210e-08
1864 0.000000e+00
1865 0.000000e+00
1866 0.000000e+00
1867 0.000000e+00
1868 0.000000e+00
1869 0.000000e+00
1870 0.000000e+00
1871 0.000000e+00
1872 0.000000e+00
1873 0.000000e+00
1874 0.000000e+00
1875 4.182585e-07
1876 4.355030e-07
1877 4.306399e-07
1878 3.985289e-07
1879 3.428330e-07
1880 2.796574e-07
1881 2.271305e-07
1882 1.892608e-07
1883 1.484308e-07
1884 1.014039e-07
1885 7.437397e-08
1886 5.047605e-08
1887 3.424666e-08
1888 2.282007e-08
1889 0.000000e+00
1890 0.000000e+00
1891 0.000000e+00
1892 0.000000e+00
1893 0.000000e+00
1894 0.000000e+00
1895 0.000000e+00
1896 0.000000e+00
1897 0.000000e+00
1898 0.000000e+00
1899 0.000000e+00
1900 1.332891e-07
1901 1.431739e-07
1902 1.471825e-07
1903 1.429133e-07
1904 1.293901e-07
1905 1.091475e-07
1906 8.834263e-08
1907 7.231635e-08
1908 6.025235e-08
1909 4.497450e-08
1910 3.044116e-08
1911 2.220469e-08
1912 1.502571e-08
1913 9.903721e-09
1914 6.617930e-09
1915 0.000000e+00
1916 0.000000e+00
1917 0.000000e+00
1918 0.000000e+00
1919 0.000000e+00
1920 0.000000e+00
1921 0.000000e+00
1922 0.000000e+00
1923 0.000000e+00
1924 0.000000e+00
1925 1.815450e-07
1926 1.949226e-07
1927 2.003948e-07
1928 1.946610e-07
1929 1.763223e-07
1930 1.488206e-07
1931 1.204684e-07
1932 9.856646e-08
1933 8.213415e-08
1934 6.141524e-08
1935 4.154674e-08
1936 3.033998e-08
1937 2.051506e-08
1938 1.353045e-08
1939 9.037604e-09
1940 0.000000e+00
1941 0.000000e+00
1942 0.000000e+00
1943 0.000000e+00
1944 0.000000e+00
1945 0.000000e+00
1946 0.000000e+00
1947 0.000000e+00
1948 0.000000e+00
1949 0.000000e+00
1950 2.240598e-07
1951 2.405079e-07
1952 2.472616e-07
1953 2.402351e-07
1954 2.176618e-07
1955 1.837603e-07
1956 1.487614e-07
1957 1.216951e-07
1958 1.014052e-07
1959 7.589991e-08
1960 5.132973e-08
1961 3.750739e-08
1962 2.535105e-08
1963 1.672582e-08
1964 1.116948e-08
1965 0.000000e+00
1966 0.000000e+00
1967 0.000000e+00
1968 0.000000e+00
1969 0.000000e+00
1970 0.000000e+00
1971 0.000000e+00
1972 0.000000e+00
1973 0.000000e+00
1974 0.000000e+00
1975 2.776979e-07
1976 2.980214e-07
1977 3.063978e-07
1978 2.977411e-07
1979 2.698212e-07
1980 2.278487e-07
1981 1.844680e-07
1982 1.508664e-07
1983 1.257260e-07
1984 9.417316e-08
1985 6.367505e-08
1986 4.654845e-08
1987 3.145193e-08
1988 2.075649e-08
1989 1.385896e-08
1990 0.000000e+00
1991 0.000000e+00
1992 0.000000e+00
1993 0.000000e+00
1994 0.000000e+00
1995 0.000000e+00
1996 0.000000e+00
1997 0.000000e+00
1998 0.000000e+00
1999 0.000000e+00
2000 9.447350e-08
2001 1.035770e-07
2002 1.093133e-07
2003 1.100244e-07
2004 1.041027e-07
2005 9.134189e-08
2006 7.520320e-08
2007 6.075198e-08
2008 5.039455e-08
2009 4.096208e-08
2010 2.853879e-08
2011 2.030471e-08
2012 1.386034e-08
2013 9.450823e-09
2014 6.131495e-09
2015 0.000000e+00
2016 0.000000e+00
2017 0.000000e+00
2018 0.000000e+00
2019 0.000000e+00
2020 0.000000e+00
2021 0.000000e+00
2022 0.000000e+00
2023 0.000000e+00
2024 0.000000e+00
2025 1.340084e-07
2026 1.468210e-07
2027 1.549113e-07
2028 1.559203e-07
2029 1.475811e-07
2030 1.295772e-07
2031 1.067201e-07
2032 8.620071e-08
2033 7.148043e-08
2034 5.816203e-08
2035 4.057443e-08
2036 2.881842e-08
2037 1.969928e-08
2038 1.343365e-08
2039 8.711721e-09
2040 0.000000e+00
2041 0.000000e+00
2042 0.000000e+00
2043 0.000000e+00
2044 0.000000e+00
2045 0.000000e+00
2046 0.000000e+00
2047 0.000000e+00
2048 0.000000e+00
2049 0.000000e+00
2050 1.838912e-07
2051 2.013780e-07
2052 2.124392e-07
2053 2.138189e-07
2054 2.024353e-07
2055 1.778177e-07
2056 1.464836e-07
2057 1.183082e-07
2058 9.808350e-08
2059 7.986271e-08
2060 5.575792e-08
2061 3.956047e-08
2062 2.706583e-08
2063 1.845874e-08
2064 1.196727e-08
2065 0.000000e+00
2066 0.000000e+00
2067 0.000000e+00
2068 0.000000e+00
2069 0.000000e+00
2070 0.000000e+00
2071 0.000000e+00
2072 0.000000e+00
2073 0.000000e+00
2074 0.000000e+00
2075 7.278706e-08
2076 8.104366e-08
2077 8.736030e-08
2078 9.024100e-08
2079 8.804054e-08
2080 8.007833e-08
2081 6.788491e-08
2082 5.497171e-08
2083 4.486560e-08
2084 3.740281e-08
2085 2.825887e-08
2086 1.890519e-08
2087 1.386578e-08
2088 9.254612e-09
2089 6.050858e-09
2090 3.979526e-09
2091 0.000000e+00
2092 0.000000e+00
2093 0.000000e+00
2094 0.000000e+00
2095 0.000000e+00
2096 0.000000e+00
2097 0.000000e+00
2098 0.000000e+00
2099 0.000000e+00
2100 1.188473e-07
2101 1.321560e-07
2102 1.423626e-07
2103 1.470498e-07
2104 1.435167e-07
2105 1.305936e-07
2106 1.107520e-07
2107 8.970007e-08
2108 7.317945e-08
2109 6.100926e-08
2110 4.616248e-08
2111 3.088114e-08
2112 2.266938e-08
2113 1.511924e-08
2114 9.892646e-09
2115 6.503335e-09
2116 0.000000e+00
2117 0.000000e+00
2118 0.000000e+00
2119 0.000000e+00
2120 0.000000e+00
2121 0.000000e+00
2122 0.000000e+00
2123 0.000000e+00
2124 0.000000e+00
2125 7.306557e-08
2126 8.236030e-08
2127 8.995832e-08
2128 9.458514e-08
2129 9.484708e-08
2130 8.927031e-08
2131 7.777825e-08
2132 6.377501e-08
2133 5.153279e-08
2134 4.283715e-08
2135 3.447789e-08
2136 2.371498e-08
2137 1.705558e-08
2138 1.142147e-08
2139 7.705092e-09
2140 4.949201e-09
2141 0.000000e+00
2142 0.000000e+00
2143 0.000000e+00
2144 0.000000e+00
2145 0.000000e+00
2146 0.000000e+00
2147 0.000000e+00
2148 0.000000e+00
2149 0.000000e+00
2150 3.898001e-08
2151 4.441369e-08
2152 4.921930e-08
2153 5.267764e-08
2154 5.381755e-08
2155 5.185362e-08
2156 4.660210e-08
2157 3.901939e-08
2158 3.148660e-08
2159 2.586477e-08
2160 2.151076e-08
2161 1.569874e-08
2162 1.062175e-08
2163 7.555862e-09
2164 5.077724e-09
2165 3.240991e-09
2166 2.109355e-09
2167 0.000000e+00
2168 0.000000e+00
2169 0.000000e+00
2170 0.000000e+00
2171 0.000000e+00
2172 0.000000e+00
2173 0.000000e+00
2174 0.000000e+00
2175 4.249441e-05
2176 3.738544e-05
2177 3.117096e-05
2178 2.549086e-05
2179 2.098294e-05
2180 1.673305e-05
2181 1.237369e-05
2182 8.753004e-06
2183 6.267001e-06
2184 4.305191e-06
2185 2.955384e-06
2186 0.000000e+00
2187 0.000000e+00
2188 0.000000e+00
2189 0.000000e+00
2190 0.000000e+00
2191 0.000000e+00
2192 0.000000e+00
2193 0.000000e+00
2194 0.000000e+00
2195 0.000000e+00
2196 0.000000e+00
2197 0.000000e+00
2198 0.000000e+00
2199 0.000000e+00
2200 2.506713e-05
2201 2.476384e-05
2202 2.293763e-05
2203 1.977971e-05
2204 1.616949e-05
2205 1.314463e-05
2206 1.094522e-05
2207 8.620766e-06
2208 5.965206e-06
2209 4.344408e-06
2210 2.991022e-06
2211 2.043840e-06
2212 1.373836e-06
2213 0.000000e+00
2214 0.000000e+00
2215 0.000000e+00
2216 0.000000e+00
2217 0.000000e+00
2218 0.000000e+00
2219 0.000000e+00
2220 0.000000e+00
2221 0.000000e+00
2222 0.000000e+00
2223 0.000000e+00
2224 0.000000e+00
2225 1.650357e-05
2226 1.716825e-05
2227 1.696991e-05
2228 1.569996e-05
2229 1.350086e-05
2230 1.101001e-05
2231 8.938566e-06
2232 7.451329e-06
2233 5.846266e-06
2234 3.986914e-06
2235 2.933944e-06
2236 1.986426e-06
2237 1.348397e-06
2238 8.985999e-07
2239 0.000000e+00
2240 0.000000e+00
2241 0.000000e+00
2242 0.000000e+00
2243 0.000000e+00
2244 0.000000e+00
2245 0.000000e+00
2246 0.000000e+00
2247 0.000000e+00
2248 0.000000e+00
2249 0.000000e+00
2250 1.127731e-05
2251 1.208666e-05
2252 1.241792e-05
2253 1.206050e-05
2254 1.092814e-05
2255 9.230519e-06
2256 7.470510e-06
2257 6.108786e-06
2258 5.092029e-06
2259 3.818256e-06
2260 2.575437e-06
2261 1.886632e-06
2262 1.274309e-06
2263 8.406045e-07
2264 5.615006e-07
2265 0.000000e+00
2266 0.000000e+00
2267 0.000000e+00
2268 0.000000e+00
2269 0.000000e+00
2270 0.000000e+00
2271 0.000000e+00
2272 0.000000e+00
2273 0.000000e+00
2274 0.000000e+00
2275 7.998118e-06
2276 8.741379e-06
2277 9.209958e-06
2278 9.265016e-06
2279 8.774750e-06
2280 7.709366e-06
2281 6.349215e-06
2282 5.127300e-06
2283 4.250231e-06
2284 3.465865e-06
2285 2.418952e-06
2286 1.714834e-06
2287 1.173364e-06
2288 8.010824e-07
2289 5.189695e-07
2290 0.000000e+00
2291 0.000000e+00
2292 0.000000e+00
2293 0.000000e+00
2294 0.000000e+00
2295 0.000000e+00
2296 0.000000e+00
2297 0.000000e+00
2298 0.000000e+00
2299 0.000000e+00
2300 5.841091e-06
2301 6.478006e-06
2302 6.968390e-06
2303 7.195069e-06
2304 7.020316e-06
2305 6.388418e-06
2306 5.419313e-06
2307 4.389143e-06
2308 3.579579e-06
2309 2.984496e-06
2310 2.261162e-06
2311 1.510409e-06
2312 1.110881e-06
2313 7.404068e-07
2314 4.846137e-07
2315 3.185784e-07
2316 0.000000e+00
2317 0.000000e+00
2318 0.000000e+00
2319 0.000000e+00
2320 0.000000e+00
2321 0.000000e+00
2322 0.000000e+00
2323 0.000000e+00
2324 0.000000e+00
2325 4.351045e-06
2326 4.887978e-06
2327 5.328040e-06
2328 5.595824e-06
2329 5.609087e-06
2330 5.282378e-06
2331 4.603624e-06
2332 3.774992e-06
2333 3.049767e-06
2334 2.534523e-06
2335 2.042793e-06
2336 1.406105e-06
2337 1.009873e-06
2338 6.766656e-07
2339 4.568707e-07
2340 2.933010e-07
2341 0.000000e+00
2342 0.000000e+00
2343 0.000000e+00
2344 0.000000e+00
2345 0.000000e+00
2346 0.000000e+00
2347 0.000000e+00
2348 0.000000e+00
2349 0.000000e+00
2350 2.960249e-06
2351 3.354654e-06
2352 3.705828e-06
2353 3.960601e-06
2354 4.043741e-06
2355 3.895862e-06
2356 3.502598e-06
2357 2.934958e-06
2358 2.367863e-06
2359 1.944035e-06
2360 1.617081e-06
2361 1.183653e-06
2362 7.991129e-07
2363 5.697396e-07
2364 3.825702e-07
2365 2.442575e-07
2366 1.589927e-07
2367 0.000000e+00
2368 0.000000e+00
2369 0.000000e+00
2370 0.000000e+00
2371 0.000000e+00
2372 0.000000e+00
2373 0.000000e+00
2374 0.000000e+00
2375 1.658383e-06
2376 1.899243e-06
2377 2.120848e-06
2378 2.296645e-06
2379 2.395337e-06
2380 2.374429e-06
2381 2.195948e-06
2382 1.885088e-06
2383 1.535685e-06
2384 1.244224e-06
2385 1.037669e-06
2386 8.105266e-07
2387 5.461367e-07
2388 4.017468e-07
2389 2.640933e-07
2390 1.741121e-07
2391 1.117330e-07
2392 0.000000e+00
2393 0.000000e+00
2394 0.000000e+00
2395 0.000000e+00
2396 0.000000e+00
2397 0.000000e+00
2398 0.000000e+00
2399 0.000000e+00
2400 7.071987e-07
2401 8.165872e-07
2402 9.228972e-07
2403 1.014795e-06
2404 1.075527e-06
2405 1.088513e-06
2406 1.039089e-06
2407 9.222618e-07
2408 7.636290e-07
2409 6.159616e-07
2410 5.086880e-07
2411 4.195018e-07
2412 2.967818e-07
2413 2.057525e-07
2414 1.419278e-07
2415 9.551017e-08
2416 6.027413e-08
2417 3.864070e-08
2418 0.000000e+00
2419 0.000000e+00
2420 0.000000e+00
2421 0.000000e+00
2422 0.000000e+00
2423 0.000000e+00
2424 0.000000e+00
2425 0.000000e+00
2426 0.000000e+00
2427 0.000000e+00
2428 0.000000e+00
2429 0.000000e+00
2430 0.000000e+00
2431 0.000000e+00
2432 2.653415e-07
2433 1.899678e-07
2434 1.307058e-07
2435 8.980186e-08
2436 0.000000e+00
2437 0.000000e+00
2438 0.000000e+00
2439 0.000000e+00
2440 0.000000e+00
2441 0.000000e+00
2442 0.000000e+00
2443 0.000000e+00
2444 0.000000e+00
2445 0.000000e+00
2446 0.000000e+00
2447 0.000000e+00
2448 0.000000e+00
2449 0.000000e+00
2450 0.000000e+00
2451 0.000000e+00
2452 0.000000e+00
2453 0.000000e+00
2454 0.000000e+00
2455 0.000000e+00
2456 0.000000e+00
2457 2.978116e-07
2458 2.070296e-07
2459 1.499970e-07
2460 1.036472e-07
2461 7.080143e-08
2462 4.756885e-08
2463 0.000000e+00
2464 0.000000e+00
2465 0.000000e+00
2466 0.000000e+00
2467 0.000000e+00
2468 0.000000e+00
2469 0.000000e+00
2470 0.000000e+00
2471 0.000000e+00
2472 0.000000e+00
2473 0.000000e+00
2474 0.000000e+00
2475 0.000000e+00
2476 0.000000e+00
2477 0.000000e+00
2478 0.000000e+00
2479 0.000000e+00
2480 0.000000e+00
2481 0.000000e+00
2482 2.829787e-07
2483 2.222241e-07
2484 1.519005e-07
2485 1.113376e-07
2486 7.558338e-08
2487 5.130922e-08
2488 3.417237e-08
2489 0.000000e+00
2490 0.000000e+00
2491 0.000000e+00
2492 0.000000e+00
2493 0.000000e+00
2494 0.000000e+00
2495 0.000000e+00
2496 0.000000e+00
2497 0.000000e+00
2498 0.000000e+00
2499 0.000000e+00
2500 0.000000e+00
2501 0.000000e+00
2502 0.000000e+00
2503 0.000000e+00
2504 0.000000e+00
2505 0.000000e+00
2506 0.000000e+00
2507 2.564039e-07
2508 2.136835e-07
2509 1.602676e-07
2510 1.083222e-07
2511 7.925567e-08
2512 5.351904e-08
2513 3.533824e-08
2514 2.358732e-08
2515 0.000000e+00
2516 0.000000e+00
2517 0.000000e+00
2518 0.000000e+00
2519 0.000000e+00
2520 0.000000e+00
2521 0.000000e+00
2522 0.000000e+00
2523 0.000000e+00
2524 0.000000e+00
2525 0.000000e+00
2526 0.000000e+00
2527 0.000000e+00
2528 0.000000e+00
2529 0.000000e+00
2530 0.000000e+00
2531 0.000000e+00
2532 2.344195e-07
2533 1.942886e-07
2534 1.583472e-07
2535 1.106788e-07
2536 7.840774e-08
2537 5.371168e-08
2538 3.663368e-08
2539 2.374145e-08
2540 0.000000e+00
2541 0.000000e+00
2542 0.000000e+00
2543 0.000000e+00
2544 0.000000e+00
2545 0.000000e+00
2546 0.000000e+00
2547 0.000000e+00
2548 0.000000e+00
2549 0.000000e+00
2550 0.000000e+00
2551 0.000000e+00
2552 0.000000e+00
2553 0.000000e+00
2554 0.000000e+00
2555 0.000000e+00
2556 0.000000e+00
2557 2.153698e-07
2558 1.756369e-07
2559 1.464341e-07
2560 1.109459e-07
2561 7.421566e-08
2562 5.452481e-08
2563 3.634026e-08
2564 2.379403e-08
2565 1.563568e-08
2566 0.000000e+00
2567 0.000000e+00
2568 0.000000e+00
2569 0.000000e+00
2570 0.000000e+00
2571 0.000000e+00
2572 0.000000e+00
2573 0.000000e+00
2574 0.000000e+00
2575 0.000000e+00
2576 0.000000e+00
2577 0.000000e+00
2578 0.000000e+00
2579 0.000000e+00
2580 0.000000e+00
2581 0.000000e+00
2582 1.973341e-07
2583 1.594251e-07
2584 1.324754e-07
2585 1.067944e-07
2586 7.353422e-08
2587 5.278696e-08
2588 3.539990e-08
2589 2.389388e-08
2590 1.533789e-08
2591 0.000000e+00
2592 0.000000e+00
2593 0.000000e+00
2594 0.000000e+00
2595 0.000000e+00
2596 0.000000e+00
2597 0.000000e+00
2598 0.000000e+00
2599 0.000000e+00
2600 0.000000e+00
2601 0.000000e+00
2602 0.000000e+00
2603 0.000000e+00
2604 0.000000e+00
2605 0.000000e+00
2606 0.000000e+00
2607 1.783477e-07
2608 1.439203e-07
2609 1.181388e-07
2610 9.826772e-08
2611 7.197658e-08
2612 4.858664e-08
2613 3.467449e-08
2614 2.327072e-08
2615 1.486778e-08
2616 9.675345e-09
2617 0.000000e+00
2618 0.000000e+00
2619 0.000000e+00
2620 0.000000e+00
2621 0.000000e+00
2622 0.000000e+00
2623 0.000000e+00
2624 0.000000e+00
2625 0.000000e+00
2626 0.000000e+00
2627 0.000000e+00
2628 0.000000e+00
2629 0.000000e+00
2630 0.000000e+00
2631 0.000000e+00
2632 1.534582e-07
2633 1.250408e-07
2634 1.013112e-07
2635 8.447339e-08
2636 6.604230e-08
2637 4.453566e-08
2638 3.271528e-08
2639 2.152491e-08
2640 1.419945e-08
2641 9.108328e-09
2642 0.000000e+00
2643 0.000000e+00
2644 0.000000e+00
2645 0.000000e+00
2646 0.000000e+00
2647 0.000000e+00
2648 0.000000e+00
2649 0.000000e+00
2650 0.000000e+00
2651 0.000000e+00
2652 0.000000e+00
2653 0.000000e+00
2654 0.000000e+00
2655 0.000000e+00
2656 0.000000e+00
2657 1.211136e-07
2658 1.006807e-07
2659 8.127638e-08
2660 6.696027e-08
2661 5.532578e-08
2662 3.962367e-08
2663 2.726008e-08
2664 1.900726e-08
2665 1.274883e-08
2666 8.068281e-09
2667 5.175380e-09
2668 0.000000e+00
2669 0.000000e+00
2670 0.000000e+00
2671 0.000000e+00
2672 0.000000e+00
2673 0.000000e+00
2674 0.000000e+00
2675 0.000000e+00
2676 0.000000e+00
2677 0.000000e+00
2678 0.000000e+00
2679 0.000000e+00
2680 0.000000e+00
2681 0.000000e+00
2682 5.053248e-10
2683 3.748076e-10
2684 2.856563e-10
2685 2.230931e-10
2686 1.748309e-10
2687 1.365420e-10
2688 1.046048e-10
2689 7.767644e-11
2690 5.533692e-11
2691 3.752165e-11
2692 2.409998e-11
2693 1.466223e-11
2694 8.495862e-12
2695 4.734956e-12
2696 0.000000e+00
2697 0.000000e+00
2698 0.000000e+00
2699 0.000000e+00
2700 0.000000e+00
2701 0.000000e+00
2702 0.000000e+00
2703 0.000000e+00
2704 0.000000e+00
2705 0.000000e+00
2706 0.000000e+00
2707 2.591645e-09
2708 1.839917e-09
2709 1.304646e-09
2710 9.460774e-10
2711 7.041249e-10
2712 5.337057e-10
2713 4.112807e-10
2714 3.186439e-10
2715 2.451615e-10
2716 1.850817e-10
2717 1.356976e-10
2718 9.585822e-11
2719 6.495800e-11
2720 4.223025e-11
2721 0.000000e+00
2722 0.000000e+00
2723 0.000000e+00
2724 0.000000e+00
2725 0.000000e+00
2726 0.000000e+00
2727 0.000000e+00
2728 0.000000e+00
2729 0.000000e+00
2730 0.000000e+00
2731 0.000000e+00
2732 5.221537e-09
2733 3.694215e-09
2734 2.615340e-09
2735 1.845045e-09
2736 1.322511e-09
2737 9.719161e-10
2738 7.275097e-10
2739 5.549058e-10
2740 4.272651e-10
2741 3.284929e-10
2742 2.492789e-10
2743 1.848365e-10
2744 1.328014e-10
2745 9.193079e-11
2746 0.000000e+00
2747 0.000000e+00
2748 0.000000e+00
2749 0.000000e+00
2750 0.000000e+00
2751 0.000000e+00
2752 0.000000e+00
2753 0.000000e+00
2754 0.000000e+00
2755 0.000000e+00
2756 0.000000e+00
2757 8.392491e-09
2758 5.910090e-09
2759 4.185310e-09
2760 2.937073e-09
2761 2.073899e-09
2762 1.483691e-09
2763 1.087187e-09
2764 8.117835e-10
2765 6.169320e-10
2766 4.732607e-10
2767 3.624953e-10
2768 2.742552e-10
2769 2.029671e-10
2770 1.458124e-10
2771 0.000000e+00
2772 0.000000e+00
2773 0.000000e+00
2774 0.000000e+00
2775 0.000000e+00
2776 0.000000e+00
2777 0.000000e+00
2778 0.000000e+00
2779 0.000000e+00
2780 0.000000e+00
2781 0.000000e+00
2782 1.197359e-08
2783 8.565676e-09
2784 6.019010e-09
2785 4.252972e-09
2786 2.966190e-09
2787 2.094566e-09
2788 1.504623e-09
2789 1.102768e-09
2790 8.245561e-10
2791 6.263378e-10
2792 4.790191e-10
2793 3.650809e-10
2794 2.744886e-10
2795 2.017716e-10
2796 0.000000e+00
2797 0.000000e+00
2798 0.000000e+00
2799 0.000000e+00
2800 0.000000e+00
2801 0.000000e+00
2802 0.000000e+00
2803 0.000000e+00
2804 0.000000e+00
2805 0.000000e+00
2806 0.000000e+00
2807 1.599622e-08
2808 1.168400e-08
2809 8.237994e-09
2810 5.794824e-09
2811 4.052620e-09
2812 2.832388e-09
2813 2.000871e-09
2814 1.444118e-09
2815 1.061756e-09
2816 7.959277e-10
2817 6.042802e-10
2818 4.605362e-10
2819 3.487794e-10
2820 2.600703e-10
2821 0.000000e+00
2822 0.000000e+00
2823 0.000000e+00
2824 0.000000e+00
2825 0.000000e+00
2826 0.000000e+00
2827 0.000000e+00
2828 0.000000e+00
2829 0.000000e+00
2830 0.000000e+00
2831 0.000000e+00
2832 2.057017e-08
2833 1.530457e-08
2834 1.093477e-08
2835 7.659885e-09
2836 5.376773e-09
2837 3.727361e-09
2838 2.608141e-09
2839 1.852873e-09
2840 1.341256e-09
2841 9.904461e-10
2842 7.439254e-10
2843 5.640902e-10
2844 4.277992e-10
2845 3.214607e-10
2846 0.000000e+00
2847 0.000000e+00
2848 0.000000e+00
2849 0.000000e+00
2850 0.000000e+00
2851 0.000000e+00
2852 0.000000e+00
2853 0.000000e+00
2854 0.000000e+00
2855 0.000000e+00
2856 0.000000e+00
2857 2.567694e-08
2858 1.937837e-08
2859 1.407358e-08
2860 9.885780e-09
2861 6.920221e-09
2862 4.802265e-09
2863 3.332871e-09
2864 2.335047e-09
2865 1.668105e-09
2866 1.213074e-09
2867 8.993748e-10
2868 6.760359e-10
2869 5.110869e-10
2870 3.850732e-10
2871 0.000000e+00
2872 0.000000e+00
2873 0.000000e+00
2874 0.000000e+00
2875 0.000000e+00
2876 0.000000e+00
2877 0.000000e+00
2878 0.000000e+00
2879 0.000000e+00
2880 0.000000e+00
2881 0.000000e+00
2882 3.166559e-08
2883 2.416897e-08
2884 1.783758e-08
2885 1.265521e-08
2886 8.830659e-09
2887 6.150588e-09
2888 4.237087e-09
2889 2.940378e-09
2890 2.071115e-09
2891 1.484040e-09
2892 1.084212e-09
2893 8.055664e-10
2894 6.046324e-10
2895 4.547636e-10
2896 0.000000e+00
2897 0.000000e+00
2898 0.000000e+00
2899 0.000000e+00
2900 0.000000e+00
2901 0.000000e+00
2902 0.000000e+00
2903 0.000000e+00
2904 0.000000e+00
2905 0.000000e+00
2906 0.000000e+00
2907 4.239868e-08
2908 3.278249e-08
2909 2.468623e-08
2910 1.790667e-08
2911 1.255956e-08
2912 8.732762e-09
2913 6.017628e-09
2914 4.130244e-09
2915 2.854260e-09
2916 2.004470e-09
2917 1.430440e-09
2918 1.040047e-09
2919 7.678774e-10
2920 5.714868e-10
2921 0.000000e+00
2922 0.000000e+00
2923 0.000000e+00
2924 0.000000e+00
2925 0.000000e+00
2926 0.000000e+00
2927 0.000000e+00
2928 0.000000e+00
2929 0.000000e+00
2930 0.000000e+00
2931 0.000000e+00
2932 1.351332e-07
2933 1.104743e-07
2934 8.773403e-08
2935 6.813520e-08
2936 5.169156e-08
2937 3.786975e-08
2938 2.654052e-08
2939 1.820566e-08
2940 1.239038e-08
2941 8.261902e-09
2942 5.482284e-09
2943 3.656767e-09
2944 2.452174e-09
2945 1.663403e-09
2946 0.000000e+00
2947 0.000000e+00
2948 0.000000e+00
2949 0.000000e+00
2950 0.000000e+00
2951 0.000000e+00
2952 0.000000e+00
2953 0.000000e+00
2954 0.000000e+00
2955 0.000000e+00
2956 7.303352e-12
2957 5.407550e-12
2958 4.080613e-12
2959 3.028103e-12
2960 2.288588e-12
2961 0.000000e+00
2962 0.000000e+00
2963 0.000000e+00
2964 0.000000e+00
2965 0.000000e+00
2966 0.000000e+00
2967 0.000000e+00
2968 0.000000e+00
2969 0.000000e+00
2970 0.000000e+00
2971 0.000000e+00
2972 0.000000e+00
2973 0.000000e+00
2974 0.000000e+00
2975 0.000000e+00
2976 0.000000e+00
2977 0.000000e+00
2978 0.000000e+00
2979 0.000000e+00
2980 0.000000e+00
2981 4.895011e-12
2982 3.889990e-12
2983 2.768022e-12
2984 2.078267e-12
2985 1.512992e-12
2986 1.105725e-12
2987 8.127934e-13
2988 0.000000e+00
2989 0.000000e+00
2990 0.000000e+00
2991 0.000000e+00
2992 0.000000e+00
2993 0.000000e+00
2994 0.000000e+00
2995 0.000000e+00
2996 0.000000e+00
2997 0.000000e+00
2998 0.000000e+00
2999 0.000000e+00
3000 0.000000e+00
3001 0.000000e+00
3002 0.000000e+00
3003 0.000000e+00
3004 0.000000e+00
3005 0.000000e+00
3006 3.537835e-12
3007 2.952661e-12
3008 2.334942e-12
3009 1.622425e-12
3010 1.217248e-12
3011 8.621620e-13
3012 6.203347e-13
3013 4.451624e-13
3014 0.000000e+00
3015 0.000000e+00
3016 0.000000e+00
3017 0.000000e+00
3018 0.000000e+00
3019 0.000000e+00
3020 0.000000e+00
3021 0.000000e+00
3022 0.000000e+00
3023 0.000000e+00
3024 0.000000e+00
3025 0.000000e+00
3026 0.000000e+00
3027 0.000000e+00
3028 0.000000e+00
3029 0.000000e+00
3030 0.000000e+00
3031 2.805484e-12
3032 2.294452e-12
3033 1.914797e-12
3034 1.445297e-12
3035 9.862802e-13
3036 7.388473e-13
3037 5.152759e-13
3038 3.579174e-13
3039 2.544713e-13
3040 0.000000e+00
3041 0.000000e+00
3042 0.000000e+00
3043 0.000000e+00
3044 0.000000e+00
3045 0.000000e+00
3046 0.000000e+00
3047 0.000000e+00
3048 0.000000e+00
3049 0.000000e+00
3050 0.000000e+00
3051 0.000000e+00
3052 0.000000e+00
3053 0.000000e+00
3054 0.000000e+00
3055 0.000000e+00
3056 2.323412e-12
3057 1.876385e-12
3058 1.553758e-12
3059 1.269971e-12
3060 8.961250e-13
3061 6.358269e-13
3062 4.441160e-13
3063 3.113638e-13
3064 2.107770e-13
3065 0.000000e+00
3066 0.000000e+00
3067 0.000000e+00
3068 0.000000e+00
3069 0.000000e+00
3070 0.000000e+00
3071 0.000000e+00
3072 0.000000e+00
3073 0.000000e+00
3074 0.000000e+00
3075 0.000000e+00
3076 0.000000e+00
3077 0.000000e+00
3078 0.000000e+00
3079 0.000000e+00
3080 0.000000e+00
3081 1.966749e-12
3082 1.592764e-12
3083 1.299059e-12
3084 1.084147e-12
3085 8.244669e-13
3086 5.522052e-13
3087 4.101680e-13
3088 2.768334e-13
3089 1.854781e-13
3090 1.254162e-13
3091 0.000000e+00
3092 0.000000e+00
3093 0.000000e+00
3094 0.000000e+00
3095 0.000000e+00
3096 0.000000e+00
3097 0.000000e+00
3098 0.000000e+00
3099 0.000000e+00
3100 0.000000e+00
3101 0.000000e+00
3102 0.000000e+00
3103 0.000000e+00
3104 0.000000e+00
3105 0.000000e+00
3106 1.700407e-12
3107 1.396869e-12
3108 1.127567e-12
3109 9.357253e-13
3110 7.576004e-13
3111 5.260520e-13
3112 3.747559e-13
3113 2.529379e-13
3114 1.733082e-13
3115 1.132074e-13
3116 0.000000e+00
3117 0.000000e+00
3118 0.000000e+00
3119 0.000000e+00
3120 0.000000e+00
3121 0.000000e+00
3122 0.000000e+00
3123 0.000000e+00
3124 0.000000e+00
3125 0.000000e+00
3126 0.000000e+00
3127 0.000000e+00
3128 0.000000e+00
3129 0.000000e+00
3130 0.000000e+00
3131 1.481079e-12
3132 1.241735e-12
3133 1.002956e-12
3134 8.233240e-13
3135 6.846035e-13
3136 5.029651e-13
3137 3.393069e-13
3138 2.449180e-13
3139 1.637401e-13
3140 1.052030e-13
3141 6.946359e-14
3142 0.000000e+00
3143 0.000000e+00
3144 0.000000e+00
3145 0.000000e+00
3146 0.000000e+00
3147 0.000000e+00
3148 0.000000e+00
3149 0.000000e+00
3150 0.000000e+00
3151 0.000000e+00
3152 0.000000e+00
3153 0.000000e+00
3154 0.000000e+00
3155 0.000000e+00
3156 1.268645e-12
3157 1.091416e-12
3158 8.895125e-13
3159 7.197654e-13
3160 6.003554e-13
3161 4.723734e-13
3162 3.193280e-13
3163 2.332792e-13
3164 1.539778e-13
3165 1.025385e-13
3166 6.545237e-14
3167 0.000000e+00
3168 0.000000e+00
3169 0.000000e+00
3170 0.000000e+00
3171 0.000000e+00
3172 0.000000e+00
3173 0.000000e+00
3174 0.000000e+00
3175 0.000000e+00
3176 0.000000e+00
3177 0.000000e+00
3178 0.000000e+00
3179 0.000000e+00
3180 0.000000e+00
3181 1.042955e-12
3182 9.307441e-13
3183 7.752177e-13
3184 6.261107e-13
3185 5.152006e-13
3186 4.260393e-13
3187 3.073935e-13
3188 2.105293e-13
3189 1.477827e-13
3190 9.871980e-14
3191 6.267194e-14
3192 4.029264e-14
3193 0.000000e+00
3194 0.000000e+00
3195 0.000000e+00
3196 0.000000e+00
3197 0.000000e+00
3198 0.000000e+00
3199 0.000000e+00
3200 0.000000e+00
3201 0.000000e+00
3202 0.000000e+00
3203 0.000000e+00
3204 0.000000e+00
3205 0.000000e+00
3206 9.516721e-14
3207 7.422444e-14
3208 5.764900e-14
3209 4.430133e-14
3210 3.346386e-14
3211 2.462442e-14
3212 1.751846e-14
3213 1.193606e-14
3214 7.711620e-15
3215 4.677380e-15
3216 2.639537e-15
3217 1.378266e-15
3218 6.666499e-16
3219 3.013727e-16
3220 1.285342e-16
3221 5.133924e-17
3222 0.000000e+00
3223 0.000000e+00
3224 0.000000e+00
3225 0.000000e+00
3226 0.000000e+00
3227 0.000000e+00
3228 0.000000e+00
3229 0.000000e+00
3230 0.000000e+00
3231 1.997086e-13
3232 1.546915e-13
3233 1.201139e-13
3234 9.327681e-14
3235 7.251933e-14
3236 5.615814e-14
3237 4.296537e-14
3238 3.225404e-14
3239 2.355045e-14
3240 1.657440e-14
3241 1.113684e-14
3242 7.080909e-15
3243 4.231522e-15
3244 2.370381e-15
3245 1.250092e-15
3246 6.263318e-16
3247 0.000000e+00
3248 0.000000e+00
3249 0.000000e+00
3250 0.000000e+00
3251 0.000000e+00
3252 0.000000e+00
3253 0.000000e+00
3254 0.000000e+00
3255 0.000000e+00
3256 2.759267e-13
3257 2.112333e-13
3258 1.626743e-13
3259 1.257498e-13
3260 9.722044e-14
3261 7.528126e-14
3262 5.815849e-14
3263 4.447751e-14
3264 3.346411e-14
3265 2.457381e-14
3266 1.746243e-14
3267 1.190726e-14
3268 7.726963e-15
3269 4.739245e-15
3270 2.736701e-15
3271 1.489412e-15
3272 0.000000e+00
3273 0.000000e+00
3274 0.000000e+00
3275 0.000000e+00
3276 0.000000e+00
3277 0.000000e+00
3278 0.000000e+00
3279 0.000000e+00
3280 0.000000e+00
3281 3.432590e-13
3282 2.634721e-13
3283 2.010630e-13
3284 1.545132e-13
3285 1.188834e-13
3286 9.169462e-14
3287 7.072337e-14
3288 5.437662e-14
3289 4.135709e-14
3290 3.092284e-14
3291 2.255655e-14
3292 1.592623e-14
3293 1.079822e-14
3294 6.979164e-15
3295 4.273217e-15
3296 2.469573e-15
3297 0.000000e+00
3298 0.000000e+00
3299 0.000000e+00
3300 0.000000e+00
3301 0.000000e+00
3302 0.000000e+00
3303 0.000000e+00
3304 0.000000e+00
3305 0.000000e+00
3306 4.060829e-13
3307 3.133417e-13
3308 2.388365e-13
3309 1.820218e-13
3310 1.396285e-13
3311 1.070273e-13
3312 8.231138e-14
3313 6.323431e-14
3314 4.828789e-14
3315 3.641942e-14
3316 2.694610e-14
3317 1.941436e-14
3318 1.352142e-14
3319 9.037073e-15
3320 5.758311e-15
3321 3.479934e-15
3322 0.000000e+00
3323 0.000000e+00
3324 0.000000e+00
3325 0.000000e+00
3326 0.000000e+00
3327 0.000000e+00
3328 0.000000e+00
3329 0.000000e+00
3330 0.000000e+00
3331 4.679048e-13
3332 3.626874e-13
3333 2.772732e-13
3334 2.102669e-13
3335 1.602362e-13
3336 1.224288e-13
3337 9.369350e-14
3338 7.175373e-14
3339 5.481055e-14
3340 4.149492e-14
3341 3.095188e-14
3342 2.258570e-14
3343 1.600977e-14
3344 1.095067e-14
3345 7.180118e-15
3346 4.487338e-15
3347 0.000000e+00
3348 0.000000e+00
3349 0.000000e+00
3350 0.000000e+00
3351 0.000000e+00
3352 0.000000e+00
3353 0.000000e+00
3354 0.000000e+00
3355 0.000000e+00
3356 5.310689e-13
3357 4.131879e-13
3358 3.171771e-13
3359 2.404071e-13
3360 1.819513e-13
3361 1.385076e-13
3362 1.053831e-13
3363 8.040389e-14
3364 6.128942e-14
3365 4.644023e-14
3366 3.477186e-14
3367 2.557300e-14
3368 1.834723e-14
3369 1.275572e-14
3370 8.541326e-15
3371 5.477646e-15
3372 0.000000e+00
3373 0.000000e+00
3374 0.000000e+00
3375 0.000000e+00
3376 0.000000e+00
3377 0.000000e+00
3378 0.000000e+00
3379 0.000000e+00
3380 0.000000e+00
3381 5.953548e-13
3382 4.647043e-13
3383 3.580799e-13
3384 2.719788e-13
3385 2.049739e-13
3386 1.551064e-13
3387 1.175554e-13
3388 8.924063e-14
3389 6.774757e-14
3390 5.128369e-14
3391 3.845218e-14
3392 2.840157e-14
3393 2.053412e-14
3394 1.443696e-14
3395 9.814188e-15
3396 6.415375e-15
3397 0.000000e+00
3398 0.000000e+00
3399 0.000000e+00
3400 0.000000e+00
3401 0.000000e+00
3402 0.000000e+00
3403 0.000000e+00
3404 0.000000e+00
3405 0.000000e+00
3406 6.647848e-13
3407 5.205760e-13
3408 4.025675e-13
3409 3.068261e-13
3410 2.309637e-13
3411 1.736637e-13
3412 1.311003e-13
3413 9.890801e-14
3414 7.474384e-14
3415 5.639182e-14
3416 4.224895e-14
3417 3.125937e-14
3418 2.270463e-14
3419 1.609159e-14
3420 1.106035e-14
3421 7.336024e-15
3422 0.000000e+00
3423 0.000000e+00
3424 0.000000e+00
3425 0.000000e+00
3426 0.000000e+00
3427 0.000000e+00
3428 0.000000e+00
3429 0.000000e+00
3430 0.000000e+00
3431 7.786424e-13
3432 6.132484e-13
3433 4.766715e-13
3434 3.654961e-13
3435 2.760296e-13
3436 2.063225e-13
3437 1.543937e-13
3438 1.156228e-13
3439 8.657038e-14
3440 6.478474e-14
3441 4.830929e-14
3442 3.567877e-14
3443 2.596370e-14
3444 1.850792e-14
3445 1.285018e-14
3446 8.645193e-15
3447 0.000000e+00
3448 0.000000e+00
3449 0.000000e+00
3450 0.000000e+00
3451 0.000000e+00
3452 0.000000e+00
3453 0.000000e+00
3454 0.000000e+00
3455 0.000000e+00
3456 0.000000e+00
3457 1.173668e-12
3458 9.327866e-13
3459 7.296611e-13
3460 5.639401e-13
3461 4.272726e-13
3462 3.135990e-13
3463 2.275018e-13
3464 1.657052e-13
3465 1.193115e-13
3466 8.570109e-14
3467 6.155481e-14
3468 4.393372e-14
3469 3.105993e-14
3470 2.163992e-14
3471 0.000000e+00
3472 0.000000e+00
3473 0.000000e+00
3474 0.000000e+00
3475 0.000000e+00
3476 0.000000e+00
3477 0.000000e+00
3478 0.000000e+00
3479 0.000000e+00
3480 0.000000e+00
3481 8.535430e-17
3482 6.669006e-17
3483 5.185083e-17
3484 4.012258e-17
3485 3.089573e-17
3486 2.362135e-17
3487 1.786790e-17
3488 1.338423e-17
3489 9.924400e-18
3490 7.250714e-18
3491 5.208478e-18
3492 3.670348e-18
3493 2.523948e-18
3494 1.688089e-18
3495 1.093419e-18
3496 6.827873e-19
3497 4.093079e-19
3498 2.345791e-19
3499 1.280504e-19
