0 2.540631e-09
1 1.927682e-09
2 1.427086e-09
3 1.036848e-09
4 7.495903e-10
5 5.438860e-10
6 3.960832e-10
7 2.932754e-10
8 2.206553e-10
9 1.684288e-10
10 1.294448e-10
11 9.945182e-11
12 7.563534e-11
13 5.647809e-11
14 4.113406e-11
15 2.909401e-11
16 1.994888e-11
17 1.326377e-11
18 8.568916e-12
19 5.392682e-12
20 3.313237e-12
21 1.990473e-12
22 0.000000e+00
23 0.000000e+00
24 0.000000e+00
25 4.046309e-09
26 3.102425e-09
27 2.324159e-09
28 1.690667e-09
29 1.200857e-09
30 8.541605e-10
31 6.172645e-10
32 4.486469e-10
33 3.341557e-10
34 2.541930e-10
35 1.965586e-10
36 1.529022e-10
37 1.185426e-10
38 9.056192e-11
39 6.752126e-11
40 4.876725e-11
41 3.395364e-11
42 2.274569e-11
43 1.468050e-11
44 9.164818e-12
45 5.562349e-12
46 3.297873e-12
47 0.000000e+00
48 0.000000e+00
49 0.000000e+00
50 4.290538e-09
51 3.283953e-09
52 2.458875e-09
53 1.783941e-09
54 1.256436e-09
55 8.856745e-10
56 6.398785e-10
57 4.638596e-10
58 3.456168e-10
59 2.636239e-10
60 2.049730e-10
61 1.602810e-10
62 1.249558e-10
63 9.590948e-11
64 7.174113e-11
65 5.187135e-11
66 3.605030e-11
67 2.402378e-11
68 1.536886e-11
69 9.480432e-12
70 5.674372e-12
71 3.315836e-12
72 0.000000e+00
73 0.000000e+00
74 0.000000e+00
75 4.430510e-09
76 3.388409e-09
77 2.536917e-09
78 1.838349e-09
79 1.289394e-09
80 9.049092e-10
81 6.537002e-10
82 4.731933e-10
83 3.526250e-10
84 2.693168e-10
85 2.099642e-10
86 1.645909e-10
87 1.286693e-10
88 9.899032e-11
89 7.416708e-11
90 5.365866e-11
91 3.726474e-11
92 2.477375e-11
93 1.578319e-11
94 9.680486e-12
95 5.754704e-12
96 3.338448e-12
97 0.000000e+00
98 0.000000e+00
99 0.000000e+00
100 4.525294e-09
101 3.459323e-09
102 2.589679e-09
103 1.874960e-09
104 1.311712e-09
105 9.178781e-10
106 6.630502e-10
107 4.794842e-10
108 3.573526e-10
109 2.731475e-10
110 2.133134e-10
111 1.674979e-10
112 1.311724e-10
113 1.010714e-10
114 7.580944e-11
115 5.486781e-11
116 3.808659e-11
117 2.528110e-11
118 1.606335e-11
119 9.815665e-12
120 5.808754e-12
121 3.353572e-12
122 0.000000e+00
123 0.000000e+00
124 0.000000e+00
125 4.597053e-09
126 3.512925e-09
127 2.629710e-09
128 1.903008e-09
129 1.328638e-09
130 9.278001e-10
131 6.701733e-10
132 4.843046e-10
133 3.609795e-10
134 2.760870e-10
135 2.158852e-10
136 1.697136e-10
137 1.330816e-10
138 1.026511e-10
139 7.705102e-11
140 5.578282e-11
141 3.870841e-11
142 2.566546e-11
143 1.627583e-11
144 9.918173e-12
145 5.850009e-12
146 3.365032e-12
147 0.000000e+00
148 0.000000e+00
149 0.000000e+00
150 4.655381e-09
151 3.556549e-09
152 2.662250e-09
153 1.925695e-09
154 1.342382e-09
155 9.358238e-10
156 6.759367e-10
157 4.881938e-10
158 3.638834e-10
159 2.784392e-10
160 2.179573e-10
161 1.715117e-10
162 1.346245e-10
163 1.039351e-10
164 7.806308e-11
165 5.652916e-11
166 3.921617e-11
167 2.597903e-11
168 1.644904e-11
169 1.000170e-11
170 5.883607e-12
171 3.374559e-12
172 0.000000e+00
173 0.000000e+00
174 0.000000e+00
175 4.703524e-09
176 3.592457e-09
177 2.688959e-09
178 1.944491e-09
179 1.353729e-09
180 9.423979e-10
181 6.806864e-10
182 4.913857e-10
183 3.662825e-10
184 2.804057e-10
185 2.196629e-10
186 1.729853e-10
187 1.358967e-10
188 1.049904e-10
189 7.889432e-11
190 5.714093e-11
191 3.963175e-11
192 2.623580e-11
193 1.659088e-11
194 1.007039e-11
195 5.911188e-12
196 3.382267e-12
197 0.000000e+00
198 0.000000e+00
199 0.000000e+00
200 4.745613e-09
201 3.623871e-09
202 2.712504e-09
203 1.960698e-09
204 1.363598e-09
205 9.481789e-10
206 6.848373e-10
207 4.941884e-10
208 3.684001e-10
209 2.821108e-10
210 2.211639e-10
211 1.742842e-10
212 1.370173e-10
213 1.059175e-10
214 7.962551e-11
215 5.767989e-11
216 3.999798e-11
217 2.646196e-11
218 1.671524e-11
219 1.013054e-11
220 5.935248e-12
221 3.389038e-12
222 0.000000e+00
223 0.000000e+00
224 0.000000e+00
225 4.799327e-09
226 3.663993e-09
227 2.742407e-09
228 1.981531e-09
229 1.376209e-09
230 9.555444e-10
231 6.901433e-10
232 4.977719e-10
233 3.710764e-10
234 2.842959e-10
235 2.230735e-10
236 1.759383e-10
237 1.384390e-10
238 1.071012e-10
239 8.055358e-11
240 5.836372e-11
241 4.046319e-11
242 2.674921e-11
243 1.687408e-11
244 1.020716e-11
245 5.966034e-12
246 3.397645e-12
247 0.000000e+00
248 0.000000e+00
249 0.000000e+00
250 1.091862e-08
251 8.740585e-09
252 6.847571e-09
253 5.250468e-09
254 3.917024e-09
255 2.837831e-09
256 2.027894e-09
257 1.451459e-09
258 1.037898e-09
259 7.528764e-10
260 5.563015e-10
261 4.191392e-10
262 3.207765e-10
263 2.475341e-10
264 1.906862e-10
265 1.451299e-10
266 1.081375e-10
267 7.832786e-11
268 5.489690e-11
269 3.717041e-11
270 2.433254e-11
271 1.544243e-11
272 0.000000e+00
273 0.000000e+00
274 0.000000e+00
275 1.310642e-08
276 1.053942e-08
277 8.288867e-09
278 6.394324e-09
279 4.808707e-09
280 3.496538e-09
281 2.485507e-09
282 1.774343e-09
283 1.265697e-09
284 9.111586e-10
285 6.686298e-10
286 5.019154e-10
287 3.831605e-10
288 2.960539e-10
289 2.290868e-10
290 1.756507e-10
291 1.320842e-10
292 9.662625e-11
293 6.836984e-11
294 4.666115e-11
295 3.072165e-11
296 1.956569e-11
297 0.000000e+00
298 0.000000e+00
299 0.000000e+00
300 1.426262e-08
301 1.148179e-08
302 9.039291e-09
303 6.987793e-09
304 5.269595e-09
305 3.834353e-09
306 2.716830e-09
307 1.936620e-09
308 1.380446e-09
309 9.903650e-10
310 7.251962e-10
311 5.437946e-10
312 4.150480e-10
313 3.210425e-10
314 2.490743e-10
315 1.915965e-10
316 1.446249e-10
317 1.061838e-10
318 7.535902e-11
319 5.153741e-11
320 3.396416e-11
321 2.162970e-11
322 0.000000e+00
323 0.000000e+00
324 0.000000e+00
325 1.505123e-08
326 1.212660e-08
327 9.552960e-09
328 7.393959e-09
329 5.585180e-09
330 4.065767e-09
331 2.875935e-09
332 2.048425e-09
333 1.459323e-09
334 1.044868e-09
335 7.641209e-10
336 5.726306e-10
337 4.369720e-10
338 3.381835e-10
339 2.627131e-10
340 2.024813e-10
341 1.531725e-10
342 1.127060e-10
343 8.013380e-11
344 5.488127e-11
345 3.619156e-11
346 2.305009e-11
347 0.000000e+00
348 0.000000e+00
349 0.000000e+00
350 1.564942e-08
351 1.261425e-08
352 9.942016e-09
353 7.701624e-09
354 5.824460e-09
355 4.241286e-09
356 2.996365e-09
357 2.132967e-09
358 1.519150e-09
359 1.086279e-09
360 7.936034e-10
361 5.944807e-10
362 4.535140e-10
363 3.511809e-10
364 2.730814e-10
365 2.107670e-10
366 1.596651e-10
367 1.176598e-10
368 8.377272e-11
369 5.741312e-11
370 3.787974e-11
371 2.412732e-11
372 0.000000e+00
373 0.000000e+00
374 0.000000e+00
375 1.613388e-08
376 1.300924e-08
377 1.025630e-08
378 7.950104e-09
379 6.017684e-09
380 4.383077e-09
381 3.093745e-09
382 2.201432e-09
383 1.567461e-09
384 1.119668e-09
385 8.174396e-10
386 6.121073e-10
387 4.669400e-10
388 3.617244e-10
389 2.814733e-10
390 2.174733e-10
391 1.649352e-10
392 1.216711e-10
393 8.669601e-11
394 5.945695e-11
395 3.923951e-11
396 2.499523e-11
397 0.000000e+00
398 0.000000e+00
399 0.000000e+00
400 1.653342e-08
401 1.333522e-08
402 1.051610e-08
403 8.155858e-09
404 6.178031e-09
405 4.500620e-09
406 3.174390e-09
407 2.258096e-09
408 1.607489e-09
409 1.147297e-09
410 8.371108e-10
411 6.267293e-10
412 4.780656e-10
413 3.704179e-10
414 2.884018e-10
415 2.229661e-10
416 1.692754e-10
417 1.249815e-10
418 8.912364e-11
419 6.115256e-11
420 4.036740e-11
421 2.571639e-11
422 0.000000e+00
423 0.000000e+00
424 0.000000e+00
425 1.688444e-08
426 1.362278e-08
427 1.074548e-08
428 8.337189e-09
429 6.318363e-09
430 4.603538e-09
431 3.245241e-09
432 2.307815e-09
433 1.642578e-09
434 1.171629e-09
435 8.545026e-10
436 6.395807e-10
437 4.878370e-10
438 3.780805e-10
439 2.944936e-10
440 2.278413e-10
441 1.730956e-10
442 1.278944e-10
443 9.125425e-11
444 6.264118e-11
445 4.136136e-11
446 2.634845e-11
447 0.000000e+00
448 0.000000e+00
449 0.000000e+00
450 1.732837e-08
451 1.398604e-08
452 1.103475e-08
453 8.566540e-09
454 6.496420e-09
455 4.734061e-09
456 3.335028e-09
457 2.370791e-09
458 1.687040e-09
459 1.202310e-09
460 8.764387e-10
461 6.558376e-10
462 5.001804e-10
463 3.877256e-10
464 3.021874e-10
465 2.339727e-10
466 1.779141e-10
467 1.315688e-10
468 9.395295e-11
469 6.452851e-11
470 4.261876e-11
471 2.714768e-11
472 0.000000e+00
473 0.000000e+00
474 0.000000e+00
475 1.825101e-08
476 1.504197e-08
477 1.205887e-08
478 9.455546e-09
479 7.256803e-09
480 5.423563e-09
481 3.934511e-09
482 2.804775e-09
483 1.998429e-09
484 1.423413e-09
485 1.025175e-09
486 7.511724e-10
487 5.616818e-10
488 4.270604e-10
489 3.281120e-10
490 2.523698e-10
491 1.923543e-10
492 1.439274e-10
493 1.049224e-10
494 7.413745e-11
495 5.063861e-11
496 3.343571e-11
497 0.000000e+00
498 0.000000e+00
499 0.000000e+00
500 2.085913e-08
501 1.730228e-08
502 1.393327e-08
503 1.096516e-08
504 8.458094e-09
505 6.363230e-09
506 4.635722e-09
507 3.296679e-09
508 2.344726e-09
509 1.667811e-09
510 1.194180e-09
511 8.696209e-10
512 6.474226e-10
513 4.906048e-10
514 3.766711e-10
515 2.902931e-10
516 2.223340e-10
517 1.674994e-10
518 1.230845e-10
519 8.769859e-11
520 6.037505e-11
521 4.013085e-11
522 0.000000e+00
523 0.000000e+00
524 0.000000e+00
525 2.260359e-08
526 1.880968e-08
527 1.517994e-08
528 1.196799e-08
529 9.254878e-09
530 6.985962e-09
531 5.099295e-09
532 3.620592e-09
533 2.572313e-09
534 1.827979e-09
535 1.304777e-09
536 9.475393e-10
537 7.039849e-10
538 5.324930e-10
539 4.088372e-10
540 3.155120e-10
541 2.422895e-10
542 1.831882e-10
543 1.351704e-10
544 9.671803e-11
545 6.682775e-11
546 4.455818e-11
547 0.000000e+00
548 0.000000e+00
549 0.000000e+00
550 2.392744e-08
551 1.995546e-08
552 1.612830e-08
553 1.273097e-08
554 9.861328e-09
555 7.460266e-09
556 5.452860e-09
557 3.867427e-09
558 2.745981e-09
559 1.950507e-09
560 1.389412e-09
561 1.006762e-09
562 7.469961e-10
563 5.644871e-10
564 4.333215e-10
565 3.347142e-10
566 2.574331e-10
567 1.951115e-10
568 1.443576e-10
569 1.035712e-10
570 7.174333e-11
571 4.792505e-11
572 0.000000e+00
573 0.000000e+00
574 0.000000e+00
575 2.500252e-08
576 2.088579e-08
577 1.689782e-08
578 1.334951e-08
579 1.035325e-08
580 7.844925e-09
581 5.739386e-09
582 4.068181e-09
583 2.886892e-09
584 2.049702e-09
585 1.458296e-09
586 1.055174e-09
587 7.820014e-10
588 5.904078e-10
589 4.531349e-10
590 3.502532e-10
591 2.697528e-10
592 2.047655e-10
593 1.518169e-10
594 1.091312e-10
595 7.572670e-11
596 5.065616e-11
597 0.000000e+00
598 0.000000e+00
599 0.000000e+00
600 2.588779e-08
601 2.165143e-08
602 1.753118e-08
603 1.385925e-08
604 1.075849e-08
605 8.161498e-09
606 5.974973e-09
607 4.233216e-09
608 3.003336e-09
609 2.131810e-09
610 1.514827e-09
611 1.094756e-09
612 8.107237e-10
613 6.118417e-10
614 4.695290e-10
615 3.630947e-10
616 2.799041e-10
617 2.127734e-10
618 1.579650e-10
619 1.137255e-10
620 7.901560e-11
621 5.291329e-11
622 0.000000e+00
623 0.000000e+00
624 0.000000e+00
625 2.666608e-08
626 2.232557e-08
627 1.809023e-08
628 1.430904e-08
629 1.111595e-08
630 8.441526e-09
631 6.183749e-09
632 4.378950e-09
633 3.105439e-09
634 2.203786e-09
635 1.564485e-09
636 1.129776e-09
637 8.361882e-10
638 6.305945e-10
639 4.839295e-10
640 3.743915e-10
641 2.888137e-10
642 2.197771e-10
643 1.633679e-10
644 1.177584e-10
645 8.190644e-11
646 5.489779e-11
647 0.000000e+00
648 0.000000e+00
649 0.000000e+00
650 2.765380e-08
651 2.317778e-08
652 1.879549e-08
653 1.487598e-08
654 1.156689e-08
655 8.793996e-09
656 6.446187e-09
657 4.562719e-09
658 3.234715e-09
659 2.295066e-09
660 1.627536e-09
661 1.173928e-09
662 8.682374e-10
663 6.544104e-10
664 5.021469e-10
665 3.886341e-10
666 3.001086e-10
667 2.286573e-10
668 1.702162e-10
669 1.228614e-10
670 8.556538e-11
671 5.740554e-11
672 0.000000e+00
673 0.000000e+00
674 0.000000e+00
675 2.546395e-08
676 2.149990e-08
677 1.758161e-08
678 1.400428e-08
679 1.091614e-08
680 8.321173e-09
681 6.165264e-09
682 4.437705e-09
683 3.151834e-09
684 2.239301e-09
685 1.591103e-09
686 1.144651e-09
687 8.389533e-10
688 6.270520e-10
689 4.762657e-10
690 3.651847e-10
691 2.799964e-10
692 2.125406e-10
693 1.583015e-10
694 1.148501e-10
695 8.077921e-11
696 5.494440e-11
697 0.000000e+00
698 0.000000e+00
699 0.000000e+00
700 2.834719e-08
701 2.410207e-08
702 1.981692e-08
703 1.584711e-08
704 1.239852e-08
705 9.497919e-09
706 7.079089e-09
707 5.110902e-09
708 3.622374e-09
709 2.571610e-09
710 1.821633e-09
711 1.304885e-09
712 9.507773e-10
713 7.075395e-10
714 5.356267e-10
715 4.103370e-10
716 3.151136e-10
717 2.401368e-10
718 1.798985e-10
719 1.314587e-10
720 9.315954e-11
721 6.383950e-11
722 0.000000e+00
723 0.000000e+00
724 0.000000e+00
725 3.051674e-08
726 2.605686e-08
727 2.149666e-08
728 1.723114e-08
729 1.350990e-08
730 1.038018e-08
731 7.764049e-09
732 5.614066e-09
733 3.973705e-09
734 2.820193e-09
735 1.994125e-09
736 1.424244e-09
737 1.034327e-09
738 7.677833e-10
739 5.800517e-10
740 4.441703e-10
741 3.414620e-10
742 2.608702e-10
743 1.961228e-10
744 1.439243e-10
745 1.024656e-10
746 7.051621e-11
747 0.000000e+00
748 0.000000e+00
749 0.000000e+00
750 3.228211e-08
751 2.764952e-08
752 2.286355e-08
753 1.835752e-08
754 1.441530e-08
755 1.109864e-08
756 8.321645e-09
757 6.024903e-09
758 4.260180e-09
759 3.022428e-09
760 2.134771e-09
761 1.521836e-09
762 1.102482e-09
763 8.168661e-10
764 6.162943e-10
765 4.716814e-10
766 3.629015e-10
767 2.777291e-10
768 2.093401e-10
769 1.540710e-10
770 1.100306e-10
771 7.594591e-11
772 0.000000e+00
773 0.000000e+00
774 0.000000e+00
775 3.373611e-08
776 2.895917e-08
777 2.399052e-08
778 1.928514e-08
779 1.516118e-08
780 1.169042e-08
781 8.780637e-09
782 6.363465e-09
783 4.496781e-09
784 3.189824e-09
785 2.250663e-09
786 1.602374e-09
787 1.158638e-09
788 8.574229e-10
789 6.461745e-10
790 4.944583e-10
791 3.805896e-10
792 2.916485e-10
793 2.202213e-10
794 1.624437e-10
795 1.162746e-10
796 8.043195e-11
797 0.000000e+00
798 0.000000e+00
799 0.000000e+00
800 3.501677e-08
801 3.011230e-08
802 2.498036e-08
803 2.010200e-08
804 1.581870e-08
805 1.221178e-08
806 9.185625e-09
807 6.660853e-09
808 4.704704e-09
809 3.336977e-09
810 2.352845e-09
811 1.673047e-09
812 1.208140e-09
813 8.929314e-10
814 6.725854e-10
815 5.144592e-10
816 3.961706e-10
817 3.038783e-10
818 2.297914e-10
819 1.698122e-10
820 1.217899e-10
821 8.437289e-11
822 0.000000e+00
823 0.000000e+00
824 0.000000e+00
825 3.663462e-08
826 3.157451e-08
827 2.623569e-08
828 2.113603e-08
829 1.664808e-08
830 1.287088e-08
831 9.697304e-09
832 7.037240e-09
833 4.967389e-09
834 3.522543e-09
835 2.481729e-09
836 1.762476e-09
837 1.270607e-09
838 9.379906e-10
839 7.060031e-10
840 5.397415e-10
841 4.158319e-10
842 3.193524e-10
843 2.419225e-10
844 1.791194e-10
845 1.287081e-10
846 8.935298e-11
847 0.000000e+00
848 0.000000e+00
849 0.000000e+00
850 3.275596e-08
851 2.823533e-08
852 2.351750e-08
853 1.900793e-08
854 1.499714e-08
855 1.158457e-08
856 8.729720e-09
857 6.381007e-09
858 4.548004e-09
859 3.220420e-09
860 2.279565e-09
861 1.619964e-09
862 1.167982e-09
863 8.591040e-10
864 6.436057e-10
865 4.893138e-10
866 3.745929e-10
867 2.859146e-10
868 2.155733e-10
869 1.591723e-10
870 1.143884e-10
871 7.966440e-11
872 0.000000e+00
873 0.000000e+00
874 0.000000e+00
875 3.589506e-08
876 3.115992e-08
877 2.610987e-08
878 2.120352e-08
879 1.678815e-08
880 1.301766e-08
881 9.860354e-09
882 7.243101e-09
883 5.168535e-09
884 3.653901e-09
885 2.585930e-09
886 1.829374e-09
887 1.312988e-09
888 9.608329e-10
889 7.166492e-10
890 5.432762e-10
891 4.155604e-10
892 3.177851e-10
893 2.404891e-10
894 1.785738e-10
895 1.291942e-10
896 9.064248e-11
897 0.000000e+00
898 0.000000e+00
899 0.000000e+00
900 3.843821e-08
901 3.352626e-08
902 2.820566e-08
903 2.297522e-08
904 1.823608e-08
905 1.417495e-08
906 1.077286e-08
907 7.939556e-09
908 5.668659e-09
909 4.002292e-09
910 2.832510e-09
911 1.998500e-09
912 1.429731e-09
913 1.042838e-09
914 7.756170e-10
915 5.868259e-10
916 4.486814e-10
917 3.434965e-10
918 2.606586e-10
919 1.942596e-10
920 1.411634e-10
921 9.949951e-11
922 0.000000e+00
923 0.000000e+00
924 0.000000e+00
925 4.053793e-08
926 3.547984e-08
927 2.993757e-08
928 2.444025e-08
929 1.943037e-08
930 1.513055e-08
931 1.152710e-08
932 8.515962e-09
933 6.083384e-09
934 4.291222e-09
935 3.036560e-09
936 2.138196e-09
937 1.526543e-09
938 1.110651e-09
939 8.243829e-10
940 6.228242e-10
941 4.761367e-10
942 3.647717e-10
943 2.772999e-10
944 2.072255e-10
945 1.510854e-10
946 1.068234e-10
947 0.000000e+00
948 0.000000e+00
949 0.000000e+00
950 4.238721e-08
951 3.719163e-08
952 3.145953e-08
953 2.572874e-08
954 2.048199e-08
955 1.597096e-08
956 1.219052e-08
957 9.022926e-09
958 6.448125e-09
959 4.545848e-09
960 3.216404e-09
961 2.261101e-09
962 1.611640e-09
963 1.170367e-09
964 8.673690e-10
965 6.545272e-10
966 5.002311e-10
967 3.834931e-10
968 2.919266e-10
969 2.186073e-10
970 1.597476e-10
971 1.132701e-10
972 0.000000e+00
973 0.000000e+00
974 0.000000e+00
975 4.472369e-08
976 3.937074e-08
977 3.338837e-08
978 2.735999e-08
979 2.181176e-08
980 1.703422e-08
981 1.302972e-08
982 9.663007e-09
983 6.908965e-09
984 4.867162e-09
985 3.443190e-09
986 2.416508e-09
987 1.719125e-09
988 1.245988e-09
989 9.218453e-10
990 6.946216e-10
991 5.307274e-10
992 4.071899e-10
993 3.104675e-10
994 2.330339e-10
995 1.707423e-10
996 1.214172e-10
997 0.000000e+00
998 0.000000e+00
999 0.000000e+00
1000 4.032581e-08
1001 3.540973e-08
1002 3.000806e-08
1003 2.460941e-08
1004 1.964028e-08
1005 1.533083e-08
1006 1.170383e-08
1007 8.685109e-09
1008 6.250179e-09
1009 4.422025e-09
1010 3.123672e-09
1011 2.203399e-09
1012 1.569591e-09
1013 1.137078e-09
1014 8.400184e-10
1015 6.315082e-10
1016 4.803999e-10
1017 3.667897e-10
1018 2.782507e-10
1019 2.079045e-10
1020 1.518314e-10
1021 1.078082e-10
1022 0.000000e+00
1023 0.000000e+00
1024 0.000000e+00
1025 4.376311e-08
1026 3.869114e-08
1027 3.299689e-08
1028 2.720486e-08
1029 2.180015e-08
1030 1.707481e-08
1031 1.309040e-08
1032 9.765586e-09
1033 7.053846e-09
1034 4.987048e-09
1035 3.520325e-09
1036 2.478979e-09
1037 1.758313e-09
1038 1.266850e-09
1039 9.315845e-10
1040 6.972665e-10
1041 5.292211e-10
1042 4.039669e-10
1043 3.070923e-10
1044 2.303577e-10
1045 1.691784e-10
1046 1.209177e-10
1047 0.000000e+00
1048 0.000000e+00
1049 0.000000e+00
1050 4.659440e-08
1051 4.138915e-08
1052 3.545761e-08
1053 2.933932e-08
1054 2.357286e-08
1055 1.850589e-08
1056 1.422862e-08
1057 1.065329e-08
1058 7.714500e-09
1059 5.450982e-09
1060 3.845152e-09
1061 2.704626e-09
1062 1.913049e-09
1063 1.373263e-09
1064 1.006713e-09
1065 7.513531e-10
1066 5.693808e-10
1067 4.345213e-10
1068 3.307669e-10
1069 2.488247e-10
1070 1.834365e-10
1071 1.317071e-10
1072 0.000000e+00
1073 0.000000e+00
1074 0.000000e+00
1075 4.909304e-08
1076 4.377209e-08
1077 3.762546e-08
1078 3.121852e-08
1079 2.513587e-08
1080 1.976996e-08
1081 1.523361e-08
1082 1.143659e-08
1083 8.297012e-09
1084 5.860908e-09
1085 4.132691e-09
1086 2.903675e-09
1087 2.049627e-09
1088 1.467445e-09
1089 1.073164e-09
1090 7.991248e-10
1091 6.047883e-10
1092 4.615169e-10
1093 3.517025e-10
1094 2.651327e-10
1095 1.960589e-10
1096 1.412221e-10
1097 0.000000e+00
1098 0.000000e+00
1099 0.000000e+00
1100 5.224431e-08
1101 4.678303e-08
1102 4.036588e-08
1103 3.359991e-08
1104 2.711229e-08
1105 2.136359e-08
1106 1.650190e-08
1107 1.242471e-08
1108 9.032972e-09
1109 6.378186e-09
1110 4.494944e-09
1111 3.155298e-09
1112 2.222249e-09
1113 1.586111e-09
1114 1.157050e-09
1115 8.592983e-10
1116 6.494203e-10
1117 4.955422e-10
1118 3.780623e-10
1119 2.856927e-10
1120 2.118983e-10
1121 1.532284e-10
1122 0.000000e+00
1123 0.000000e+00
1124 0.000000e+00
1125 4.836674e-08
1126 4.319817e-08
1127 3.721751e-08
1128 3.097906e-08
1129 2.501968e-08
1130 1.971871e-08
1131 1.521086e-08
1132 1.144067e-08
1133 8.338138e-09
1134 5.919893e-09
1135 4.172196e-09
1136 2.935611e-09
1137 2.070108e-09
1138 1.479954e-09
1139 1.078314e-09
1140 8.002729e-10
1141 6.032115e-10
1142 4.587123e-10
1143 3.486469e-10
1144 2.623406e-10
1145 1.938964e-10
1146 1.398360e-10
1147 0.000000e+00
1148 0.000000e+00
1149 0.000000e+00
1150 5.205255e-08
1151 4.678631e-08
1152 4.057038e-08
1153 3.395733e-08
1154 2.754731e-08
1155 2.178486e-08
1156 1.686694e-08
1157 1.274557e-08
1158 9.335715e-09
1159 6.638536e-09
1160 4.672437e-09
1161 3.286675e-09
1162 2.309344e-09
1163 1.643304e-09
1164 1.191297e-09
1165 8.798821e-10
1166 6.608414e-10
1167 5.015734e-10
1168 3.813132e-10
1169 2.876508e-10
1170 2.134776e-10
1171 1.548408e-10
1172 0.000000e+00
1173 0.000000e+00
1174 0.000000e+00
1175 5.529162e-08
1176 4.994398e-08
1177 4.351129e-08
1178 3.657345e-08
1179 2.976754e-08
1180 2.360197e-08
1181 1.831971e-08
1182 1.389277e-08
1183 1.021023e-08
1184 7.269002e-09
1185 5.111634e-09
1186 3.594143e-09
1187 2.518823e-09
1188 1.786814e-09
1189 1.290553e-09
1190 9.497487e-10
1191 7.113802e-10
1192 5.392339e-10
1193 4.100542e-10
1194 3.098772e-10
1195 2.307047e-10
1196 1.680172e-10
1197 0.000000e+00
1198 0.000000e+00
1199 0.000000e+00
1200 5.938681e-08
1201 5.393602e-08
1202 4.723266e-08
1203 3.988194e-08
1204 3.257150e-08
1205 2.589422e-08
1206 2.015503e-08
1207 1.533999e-08
1208 1.131568e-08
1209 8.065103e-09
1210 5.665704e-09
1211 3.982817e-09
1212 2.783576e-09
1213 1.967877e-09
1214 1.415964e-09
1215 1.037970e-09
1216 7.752250e-10
1217 5.867836e-10
1218 4.463025e-10
1219 3.379601e-10
1220 2.524488e-10
1221 1.846571e-10
1222 0.000000e+00
1223 0.000000e+00
1224 0.000000e+00
1225 5.678924e-08
1226 5.150355e-08
1227 4.507788e-08
1228 3.806865e-08
1229 3.112314e-08
1230 2.476412e-08
1231 1.927661e-08
1232 1.466218e-08
1233 1.082683e-08
1234 7.748801e-09
1235 5.455411e-09
1236 3.832637e-09
1237 2.685344e-09
1238 1.898888e-09
1239 1.364956e-09
1240 1.000003e-09
1241 7.453630e-10
1242 5.627251e-10
1243 4.267916e-10
1244 3.221975e-10
1245 2.400502e-10
1246 1.752259e-10
1247 0.000000e+00
1248 0.000000e+00
1249 0.000000e+00
1250 6.087699e-08
1251 5.555888e-08
1252 4.893772e-08
1253 4.157827e-08
1254 3.416094e-08
1255 2.729020e-08
1256 2.131411e-08
1257 1.628021e-08
1258 1.208353e-08
1259 8.679225e-09
1260 6.108249e-09
1261 4.287797e-09
1262 2.998268e-09
1263 2.111961e-09
1264 1.509960e-09
1265 1.100418e-09
1266 8.164065e-10
1267 6.144413e-10
1268 4.654238e-10
1269 3.517074e-10
1270 2.627932e-10
1271 1.927013e-10
1272 0.000000e+00
1273 0.000000e+00
1274 0.000000e+00
1275 6.603384e-08
1276 6.067542e-08
1277 5.380218e-08
1278 4.599953e-08
1279 3.799136e-08
1280 3.046800e-08
1281 2.387849e-08
1282 1.831680e-08
1283 1.366519e-08
1284 9.849297e-09
1285 6.928103e-09
1286 4.860111e-09
1287 3.392053e-09
1288 2.379621e-09
1289 1.692099e-09
1290 1.226815e-09
1291 9.057265e-10
1292 6.794456e-10
1293 5.140351e-10
1294 3.888538e-10
1295 2.914126e-10
1296 2.147276e-10
1297 0.000000e+00
1298 0.000000e+00
1299 0.000000e+00
1300 6.602432e-08
1301 6.076054e-08
1302 5.399488e-08
1303 4.628093e-08
1304 3.833282e-08
1305 3.082505e-08
1306 2.420075e-08
1307 1.858931e-08
1308 1.389896e-08
1309 1.005872e-08
1310 7.098431e-09
1311 4.976068e-09
1312 3.476828e-09
1313 2.435616e-09
1314 1.728597e-09
1315 1.249447e-09
1316 9.194754e-10
1317 6.873687e-10
1318 5.184985e-10
1319 3.913382e-10
1320 2.929530e-10
1321 2.157544e-10
1322 0.000000e+00
1323 0.000000e+00
1324 0.000000e+00
1325 7.244296e-08
1326 6.723505e-08
1327 6.027608e-08
1328 5.210978e-08
1329 4.349081e-08
1330 3.518240e-08
1331 2.775532e-08
1332 2.142933e-08
1333 1.613039e-08
1334 1.175001e-08
1335 8.307624e-09
1336 5.816054e-09
1337 4.060799e-09
1338 2.830501e-09
1339 1.995556e-09
1340 1.431528e-09
1341 1.045643e-09
1342 7.769373e-10
1343 5.838810e-10
1344 4.403908e-10
1345 3.302098e-10
1346 2.443360e-10
1347 0.000000e+00
1348 0.000000e+00
1349 0.000000e+00
1350 8.103630e-08
1351 7.609768e-08
1352 6.908214e-08
1353 6.051725e-08
1354 5.114405e-08
1355 4.182513e-08
1356 3.327950e-08
1357 2.588901e-08
1358 1.967108e-08
1359 1.449959e-08
1360 1.034382e-08
1361 7.243041e-09
1362 5.051252e-09
1363 3.505589e-09
1364 2.449586e-09
1365 1.735354e-09
1366 1.251760e-09
1367 9.186710e-10
1368 6.838212e-10
1369 5.127968e-10
1370 3.839565e-10
1371 2.848865e-10
1372 0.000000e+00
1373 0.000000e+00
1374 0.000000e+00
1375 5.380869e-07
1376 4.700263e-07
1377 3.904740e-07
1378 3.199401e-07
1379 2.634723e-07
1380 2.077003e-07
1381 1.525615e-07
1382 1.082536e-07
1383 7.707894e-08
1384 5.296897e-08
1385 3.641096e-08
1386 0.000000e+00
1387 0.000000e+00
1388 0.000000e+00
1389 0.000000e+00
1390 0.000000e+00
1391 0.000000e+00
1392 0.000000e+00
1393 0.000000e+00
1394 0.000000e+00
1395 0.000000e+00
1396 0.000000e+00
1397 0.000000e+00
1398 0.000000e+00
1399 0.000000e+00
1400 6.841489e-07
1401 6.000780e-07
1402 4.997596e-07
1403 4.092776e-07
1404 3.367840e-07
1405 2.668287e-07
1406 1.970158e-07
1407 1.395996e-07
1408 9.960548e-08
1409 6.848317e-08
1410 4.706942e-08
1411 0.000000e+00
1412 0.000000e+00
1413 0.000000e+00
1414 0.000000e+00
1415 0.000000e+00
1416 0.000000e+00
1417 0.000000e+00
1418 0.000000e+00
1419 0.000000e+00
1420 0.000000e+00
1421 0.000000e+00
1422 0.000000e+00
1423 0.000000e+00
1424 0.000000e+00
1425 7.831464e-07
1426 6.882233e-07
1427 5.738306e-07
1428 4.698278e-07
1429 3.864728e-07
1430 3.069042e-07
1431 2.271442e-07
1432 1.608450e-07
1433 1.148726e-07
1434 7.899777e-08
1435 5.429301e-08
1436 0.000000e+00
1437 0.000000e+00
1438 0.000000e+00
1439 0.000000e+00
1440 0.000000e+00
1441 0.000000e+00
1442 0.000000e+00
1443 0.000000e+00
1444 0.000000e+00
1445 0.000000e+00
1446 0.000000e+00
1447 0.000000e+00
1448 0.000000e+00
1449 0.000000e+00
1450 8.580778e-07
1451 7.549406e-07
1452 6.298949e-07
1453 5.156585e-07
1454 4.240813e-07
1455 3.372372e-07
1456 2.499514e-07
1457 1.769248e-07
1458 1.264279e-07
1459 8.695655e-08
1460 5.976091e-08
1461 0.000000e+00
1462 0.000000e+00
1463 0.000000e+00
1464 0.000000e+00
1465 0.000000e+00
1466 0.000000e+00
1467 0.000000e+00
1468 0.000000e+00
1469 0.000000e+00
1470 0.000000e+00
1471 0.000000e+00
1472 0.000000e+00
1473 0.000000e+00
1474 0.000000e+00
1475 9.188389e-07
1476 8.090392e-07
1477 6.753555e-07
1478 5.528209e-07
1479 4.545774e-07
1480 3.618332e-07
1481 2.684451e-07
1482 1.899639e-07
1483 1.357991e-07
1484 9.341007e-08
1485 6.419447e-08
1486 0.000000e+00
1487 0.000000e+00
1488 0.000000e+00
1489 0.000000e+00
1490 0.000000e+00
1491 0.000000e+00
1492 0.000000e+00
1493 0.000000e+00
1494 0.000000e+00
1495 0.000000e+00
1496 0.000000e+00
1497 0.000000e+00
1498 0.000000e+00
1499 0.000000e+00
1500 9.689484e-07
1501 8.536557e-07
1502 7.128478e-07
1503 5.834662e-07
1504 4.797283e-07
1505 3.821182e-07
1506 2.836959e-07
1507 2.007174e-07
1508 1.435271e-07
1509 9.873242e-08
1510 6.785099e-08
1511 0.000000e+00
1512 0.000000e+00
1513 0.000000e+00
1514 0.000000e+00
1515 0.000000e+00
1516 0.000000e+00
1517 0.000000e+00
1518 0.000000e+00
1519 0.000000e+00
1520 0.000000e+00
1521 0.000000e+00
1522 0.000000e+00
1523 0.000000e+00
1524 0.000000e+00
1525 1.013099e-06
1526 8.929665e-07
1527 7.458759e-07
1528 6.104701e-07
1529 5.018884e-07
1530 3.999910e-07
1531 2.971333e-07
1532 2.101924e-07
1533 1.503361e-07
1534 1.034208e-07
1535 7.107272e-08
1536 0.000000e+00
1537 0.000000e+00
1538 0.000000e+00
1539 0.000000e+00
1540 0.000000e+00
1541 0.000000e+00
1542 0.000000e+00
1543 0.000000e+00
1544 0.000000e+00
1545 0.000000e+00
1546 0.000000e+00
1547 0.000000e+00
1548 0.000000e+00
1549 0.000000e+00
1550 1.068837e-06
1551 9.425840e-07
1552 7.875707e-07
1553 6.445539e-07
1554 5.298586e-07
1555 4.225490e-07
1556 3.140893e-07
1557 2.221515e-07
1558 1.589285e-07
1559 1.093395e-07
1560 7.513897e-08
1561 0.000000e+00
1562 0.000000e+00
1563 0.000000e+00
1564 0.000000e+00
1565 0.000000e+00
1566 0.000000e+00
1567 0.000000e+00
1568 0.000000e+00
1569 0.000000e+00
1570 0.000000e+00
1571 0.000000e+00
1572 0.000000e+00
1573 0.000000e+00
1574 0.000000e+00
1575 2.372312e-07
1576 2.338172e-07
1577 2.156251e-07
1578 1.850857e-07
1579 1.510925e-07
1580 1.231325e-07
1581 1.025734e-07
1582 7.981095e-08
1583 5.517878e-08
1584 4.021320e-08
1585 2.768503e-08
1586 1.884024e-08
1587 1.271654e-08
1588 0.000000e+00
1589 0.000000e+00
1590 0.000000e+00
1591 0.000000e+00
1592 0.000000e+00
1593 0.000000e+00
1594 0.000000e+00
1595 0.000000e+00
1596 0.000000e+00
1597 0.000000e+00
1598 0.000000e+00
1599 0.000000e+00
1600 3.430193e-07
1601 3.385620e-07
1602 3.129317e-07
1603 2.692554e-07
1604 2.200424e-07
1605 1.791391e-07
1606 1.491420e-07
1607 1.166683e-07
1608 8.085330e-08
1609 5.877339e-08
1610 4.052878e-08
1611 2.762645e-08
1612 1.861006e-08
1613 0.000000e+00
1614 0.000000e+00
1615 0.000000e+00
1616 0.000000e+00
1617 0.000000e+00
1618 0.000000e+00
1619 0.000000e+00
1620 0.000000e+00
1621 0.000000e+00
1622 0.000000e+00
1623 0.000000e+00
1624 0.000000e+00
1625 4.230003e-07
1626 4.177564e-07
1627 3.864933e-07
1628 3.328925e-07
1629 2.721672e-07
1630 2.214871e-07
1631 1.843544e-07
1632 1.445301e-07
1633 1.002598e-07
1634 7.280360e-08
1635 5.023744e-08
1636 3.426734e-08
1637 2.306523e-08
1638 0.000000e+00
1639 0.000000e+00
1640 0.000000e+00
1641 0.000000e+00
1642 0.000000e+00
1643 0.000000e+00
1644 0.000000e+00
1645 0.000000e+00
1646 0.000000e+00
1647 0.000000e+00
1648 0.000000e+00
1649 0.000000e+00
1650 4.878730e-07
1651 4.819780e-07
1652 4.461592e-07
1653 3.845131e-07
1654 3.144428e-07
1655 2.558298e-07
1656 2.129103e-07
1657 1.671285e-07
1658 1.160018e-07
1659 8.418331e-08
1660 5.811147e-08
1661 3.965367e-08
1662 2.667852e-08
1663 0.000000e+00
1664 0.000000e+00
1665 0.000000e+00
1666 0.000000e+00
1667 0.000000e+00
1668 0.000000e+00
1669 0.000000e+00
1670 0.000000e+00
1671 0.000000e+00
1672 0.000000e+00
1673 0.000000e+00
1674 0.000000e+00
1675 5.413832e-07
1676 5.349572e-07
1677 4.953876e-07
1678 4.270818e-07
1679 3.493138e-07
1680 2.841573e-07
1681 2.364646e-07
1682 1.857685e-07
1683 1.289852e-07
1684 9.356980e-08
1685 6.460628e-08
1686 4.409656e-08
1687 2.965890e-08
1688 0.000000e+00
1689 0.000000e+00
1690 0.000000e+00
1691 0.000000e+00
1692 0.000000e+00
1693 0.000000e+00
1694 0.000000e+00
1695 0.000000e+00
1696 0.000000e+00
1697 0.000000e+00
1698 0.000000e+00
1699 0.000000e+00
1700 5.885101e-07
1701 5.816163e-07
1702 5.387329e-07
1703 4.645758e-07
1704 3.800209e-07
1705 3.091072e-07
1706 2.572061e-07
1707 2.021848e-07
1708 1.404197e-07
1709 1.018364e-07
1710 7.032629e-08
1711 4.800940e-08
1712 3.228374e-08
1713 0.000000e+00
1714 0.000000e+00
1715 0.000000e+00
1716 0.000000e+00
1717 0.000000e+00
1718 0.000000e+00
1719 0.000000e+00
1720 0.000000e+00
1721 0.000000e+00
1722 0.000000e+00
1723 0.000000e+00
1724 0.000000e+00
1725 6.479625e-07
1726 6.404791e-07
1727 5.934134e-07
1728 5.118775e-07
1729 4.187650e-07
1730 3.405813e-07
1731 2.833807e-07
1732 2.228959e-07
1733 1.548457e-07
1734 1.122674e-07
1735 7.754274e-08
1736 5.294666e-08
1737 3.559528e-08
1738 0.000000e+00
1739 0.000000e+00
1740 0.000000e+00
1741 0.000000e+00
1742 0.000000e+00
1743 0.000000e+00
1744 0.000000e+00
1745 0.000000e+00
1746 0.000000e+00
1747 0.000000e+00
1748 0.000000e+00
1749 0.000000e+00
1750 1.246232e-07
1751 1.298099e-07
1752 1.280951e-07
1753 1.181074e-07
1754 1.012397e-07
1755 8.245921e-08
1756 6.708921e-08
1757 5.595554e-08
1758 4.347793e-08
1759 2.958148e-08
1760 2.179611e-08
1761 1.476958e-08
1762 9.979593e-09
1763 6.676181e-09
1764 0.000000e+00
1765 0.000000e+00
1766 0.000000e+00
1767 0.000000e+00
1768 0.000000e+00
1769 0.000000e+00
1770 0.000000e+00
1771 0.000000e+00
1772 0.000000e+00
1773 0.000000e+00
1774 0.000000e+00
1775 2.021861e-07
1776 2.105821e-07
1777 2.080262e-07
1778 1.922016e-07
1779 1.650929e-07
1780 1.345863e-07
1781 1.093856e-07
1782 9.118325e-08
1783 7.122818e-08
1784 4.858022e-08
1785 3.569572e-08
1786 2.421349e-08
1787 1.639799e-08
1788 1.094589e-08
1789 0.000000e+00
1790 0.000000e+00
1791 0.000000e+00
1792 0.000000e+00
1793 0.000000e+00
1794 0.000000e+00
1795 0.000000e+00
1796 0.000000e+00
1797 0.000000e+00
1798 0.000000e+00
1799 0.000000e+00
1800 2.644853e-07
1801 2.754464e-07
1802 2.722232e-07
1803 2.517027e-07
1804 2.163557e-07
1805 1.764148e-07
1806 1.433405e-07
1807 1.194653e-07
1808 9.349071e-08
1809 6.381429e-08
1810 4.684766e-08
1811 3.178742e-08
1812 2.154422e-08
1813 1.437045e-08
1814 0.000000e+00
1815 0.000000e+00
1816 0.000000e+00
1817 0.000000e+00
1818 0.000000e+00
1819 0.000000e+00
1820 0.000000e+00
1821 0.000000e+00
1822 0.000000e+00
1823 0.000000e+00
1824 0.000000e+00
1825 3.158574e-07
1826 3.289320e-07
1827 3.251510e-07
1828 3.007548e-07
1829 2.586172e-07
1830 2.109080e-07
1831 1.713339e-07
1832 1.427839e-07
1833 1.118476e-07
1834 7.637444e-08
1835 5.604634e-08
1836 3.803307e-08
1837 2.578820e-08
1838 1.719441e-08
1839 0.000000e+00
1840 0.000000e+00
1841 0.000000e+00
1842 0.000000e+00
1843 0.000000e+00
1844 0.000000e+00
1845 0.000000e+00
1846 0.000000e+00
1847 0.000000e+00
1848 0.000000e+00
1849 0.000000e+00
1850 3.611208e-07
1851 3.760579e-07
1852 3.717823e-07
1853 3.439773e-07
1854 2.958553e-07
1855 2.412997e-07
1856 1.959996e-07
1857 1.633298e-07
1858 1.280178e-07
1859 8.744255e-08
1860 6.414758e-08
1861 4.353606e-08
1862 2.952754e-08
1863 1.968257e-08
1864 0.000000e+00
1865 0.000000e+00
1866 0.000000e+00
1867 0.000000e+00
1868 0.000000e+00
1869 0.000000e+00
1870 0.000000e+00
1871 0.000000e+00
1872 0.000000e+00
1873 0.000000e+00
1874 0.000000e+00
1875 4.182585e-07
1876 4.355030e-07
1877 4.306399e-07
1878 3.985289e-07
1879 3.428330e-07
1880 2.796575e-07
1881 2.271305e-07
1882 1.892609e-07
1883 1.484309e-07
1884 1.014041e-07
1885 7.437419e-08
1886 5.047635e-08
1887 3.424705e-08
1888 2.282060e-08
1889 0.000000e+00
1890 0.000000e+00
1891 0.000000e+00
1892 0.000000e+00
1893 0.000000e+00
1894 0.000000e+00
1895 0.000000e+00
1896 0.000000e+00
1897 0.000000e+00
1898 0.000000e+00
1899 0.000000e+00
1900 1.332891e-07
1901 1.431739e-07
1902 1.471825e-07
1903 1.429132e-07
1904 1.293900e-07
1905 1.091474e-07
1906 8.834251e-08
1907 7.231618e-08
1908 6.025213e-08
1909 4.497423e-08
1910 3.044086e-08
1911 2.220432e-08
1912 1.502531e-08
1913 9.903260e-09
1914 6.617396e-09
1915 0.000000e+00
1916 0.000000e+00
1917 0.000000e+00
1918 0.000000e+00
1919 0.000000e+00
1920 0.000000e+00
1921 0.000000e+00
1922 0.000000e+00
1923 0.000000e+00
1924 0.000000e+00
1925 1.815449e-07
1926 1.949226e-07
1927 2.003948e-07
1928 1.946609e-07
1929 1.763222e-07
1930 1.488204e-07
1931 1.204683e-07
1932 9.856623e-08
1933 8.213384e-08
1934 6.141486e-08
1935 4.154633e-08
1936 3.033948e-08
1937 2.051450e-08
1938 1.352981e-08
1939 9.036869e-09
1940 0.000000e+00
1941 0.000000e+00
1942 0.000000e+00
1943 0.000000e+00
1944 0.000000e+00
1945 0.000000e+00
1946 0.000000e+00
1947 0.000000e+00
1948 0.000000e+00
1949 0.000000e+00
1950 2.240598e-07
1951 2.405079e-07
1952 2.472615e-07
1953 2.402350e-07
1954 2.176617e-07
1955 1.837602e-07
1956 1.487612e-07
1957 1.216949e-07
1958 1.014048e-07
1959 7.589945e-08
1960 5.132921e-08
1961 3.750676e-08
1962 2.535035e-08
1963 1.672503e-08
1964 1.116857e-08
1965 0.000000e+00
1966 0.000000e+00
1967 0.000000e+00
1968 0.000000e+00
1969 0.000000e+00
1970 0.000000e+00
1971 0.000000e+00
1972 0.000000e+00
1973 0.000000e+00
1974 0.000000e+00
1975 2.776979e-07
1976 2.980214e-07
1977 3.063977e-07
1978 2.977410e-07
1979 2.698210e-07
1980 2.278485e-07
1981 1.844678e-07
1982 1.508661e-07
1983 1.257255e-07
1984 9.417258e-08
1985 6.367441e-08
1986 4.654767e-08
1987 3.145105e-08
1988 2.075551e-08
1989 1.385782e-08
1990 0.000000e+00
1991 0.000000e+00
1992 0.000000e+00
1993 0.000000e+00
1994 0.000000e+00
1995 0.000000e+00
1996 0.000000e+00
1997 0.000000e+00
1998 0.000000e+00
1999 0.000000e+00
2000 9.447349e-08
2001 1.035770e-07
2002 1.093133e-07
2003 1.100244e-07
2004 1.041026e-07
2005 9.134179e-08
2006 7.520306e-08
2007 6.075181e-08
2008 5.039432e-08
2009 4.096177e-08
2010 2.853845e-08
2011 2.030431e-08
2012 1.385990e-08
2013 9.450305e-09
2014 6.130914e-09
2015 0.000000e+00
2016 0.000000e+00
2017 0.000000e+00
2018 0.000000e+00
2019 0.000000e+00
2020 0.000000e+00
2021 0.000000e+00
2022 0.000000e+00
2023 0.000000e+00
2024 0.000000e+00
2025 1.340084e-07
2026 1.468210e-07
2027 1.549113e-07
2028 1.559202e-07
2029 1.475810e-07
2030 1.295770e-07
2031 1.067199e-07
2032 8.620047e-08
2033 7.148011e-08
2034 5.816160e-08
2035 4.057394e-08
2036 2.881786e-08
2037 1.969864e-08
2038 1.343292e-08
2039 8.710897e-09
2040 0.000000e+00
2041 0.000000e+00
2042 0.000000e+00
2043 0.000000e+00
2044 0.000000e+00
2045 0.000000e+00
2046 0.000000e+00
2047 0.000000e+00
2048 0.000000e+00
2049 0.000000e+00
2050 1.838912e-07
2051 2.013779e-07
2052 2.124392e-07
2053 2.138188e-07
2054 2.024352e-07
2055 1.778175e-07
2056 1.464833e-07
2057 1.183078e-07
2058 9.808305e-08
2059 7.986212e-08
2060 5.575726e-08
2061 3.955969e-08
2062 2.706496e-08
2063 1.845773e-08
2064 1.196614e-08
2065 0.000000e+00
2066 0.000000e+00
2067 0.000000e+00
2068 0.000000e+00
2069 0.000000e+00
2070 0.000000e+00
2071 0.000000e+00
2072 0.000000e+00
2073 0.000000e+00
2074 0.000000e+00
2075 7.278705e-08
2076 8.104365e-08
2077 8.736028e-08
2078 9.024097e-08
2079 8.804048e-08
2080 8.007825e-08
2081 6.788480e-08
2082 5.497157e-08
2083 4.486542e-08
2084 3.740257e-08
2085 2.825859e-08
2086 1.890488e-08
2087 1.386541e-08
2088 9.254192e-09
2089 6.050400e-09
2090 3.979001e-09
2091 0.000000e+00
2092 0.000000e+00
2093 0.000000e+00
2094 0.000000e+00
2095 0.000000e+00
2096 0.000000e+00
2097 0.000000e+00
2098 0.000000e+00
2099 0.000000e+00
2100 1.188473e-07
2101 1.321559e-07
2102 1.423626e-07
2103 1.470497e-07
2104 1.435166e-07
2105 1.305935e-07
2106 1.107518e-07
2107 8.969985e-08
2108 7.317916e-08
2109 6.100887e-08
2110 4.616201e-08
2111 3.088063e-08
2112 2.266877e-08
2113 1.511856e-08
2114 9.891901e-09
2115 6.502482e-09
2116 0.000000e+00
2117 0.000000e+00
2118 0.000000e+00
2119 0.000000e+00
2120 0.000000e+00
2121 0.000000e+00
2122 0.000000e+00
2123 0.000000e+00
2124 0.000000e+00
2125 7.306557e-08
2126 8.236029e-08
2127 8.995831e-08
2128 9.458511e-08
2129 9.484704e-08
2130 8.927024e-08
2131 7.777816e-08
2132 6.377490e-08
2133 5.153263e-08
2134 4.283695e-08
2135 3.447763e-08
2136 2.371469e-08
2137 1.705524e-08
2138 1.142110e-08
2139 7.704672e-09
2140 4.948742e-09
2141 0.000000e+00
2142 0.000000e+00
2143 0.000000e+00
2144 0.000000e+00
2145 0.000000e+00
2146 0.000000e+00
2147 0.000000e+00
2148 0.000000e+00
2149 0.000000e+00
2150 3.898001e-08
2151 4.441368e-08
2152 4.921930e-08
2153 5.267763e-08
2154 5.381753e-08
2155 5.185359e-08
2156 4.660206e-08
2157 3.901934e-08
2158 3.148654e-08
2159 2.586469e-08
2160 2.151065e-08
2161 1.569861e-08
2162 1.062160e-08
2163 7.555697e-09
2164 5.077543e-09
2165 3.240799e-09
2166 2.109142e-09
2167 0.000000e+00
2168 0.000000e+00
2169 0.000000e+00
2170 0.000000e+00
2171 0.000000e+00
2172 0.000000e+00
2173 0.000000e+00
2174 0.000000e+00
2175 4.249452e-05
2176 3.738559e-05
2177 3.117117e-05
2178 2.549113e-05
2179 2.098330e-05
2180 1.673351e-05
2181 1.237425e-05
2182 8.753685e-06
2183 6.267838e-06
2184 4.306212e-06
2185 2.956657e-06
2186 0.000000e+00
2187 0.000000e+00
2188 0.000000e+00
2189 0.000000e+00
2190 0.000000e+00
2191 0.000000e+00
2192 0.000000e+00
2193 0.000000e+00
2194 0.000000e+00
2195 0.000000e+00
2196 0.000000e+00
2197 0.000000e+00
2198 0.000000e+00
2199 0.000000e+00
2200 2.506714e-05
2201 2.476385e-05
2202 2.293765e-05
2203 1.977974e-05
2204 1.616953e-05
2205 1.314468e-05
2206 1.094530e-05
2207 8.620860e-06
2208 5.965315e-06
2209 4.344546e-06
2210 2.991189e-06
2211 2.044043e-06
2212 1.374090e-06
2213 0.000000e+00
2214 0.000000e+00
2215 0.000000e+00
2216 0.000000e+00
2217 0.000000e+00
2218 0.000000e+00
2219 0.000000e+00
2220 0.000000e+00
2221 0.000000e+00
2222 0.000000e+00
2223 0.000000e+00
2224 0.000000e+00
2225 1.650357e-05
2226 1.716825e-05
2227 1.696991e-05
2228 1.569996e-05
2229 1.350086e-05
2230 1.101001e-05
2231 8.938568e-06
2232 7.451333e-06
2233 5.846270e-06
2234 3.986920e-06
2235 2.933952e-06
2236 1.986437e-06
2237 1.348412e-06
2238 8.986195e-07
2239 0.000000e+00
2240 0.000000e+00
2241 0.000000e+00
2242 0.000000e+00
2243 0.000000e+00
2244 0.000000e+00
2245 0.000000e+00
2246 0.000000e+00
2247 0.000000e+00
2248 0.000000e+00
2249 0.000000e+00
2250 1.127731e-05
2251 1.208666e-05
2252 1.241792e-05
2253 1.206050e-05
2254 1.092813e-05
2255 9.230511e-06
2256 7.470499e-06
2257 6.108771e-06
2258 5.092010e-06
2259 3.818232e-06
2260 2.575411e-06
2261 1.886600e-06
2262 1.274273e-06
2263 8.405642e-07
2264 5.614539e-07
2265 0.000000e+00
2266 0.000000e+00
2267 0.000000e+00
2268 0.000000e+00
2269 0.000000e+00
2270 0.000000e+00
2271 0.000000e+00
2272 0.000000e+00
2273 0.000000e+00
2274 0.000000e+00
2275 7.998117e-06
2276 8.741378e-06
2277 9.209956e-06
2278 9.265012e-06
2279 8.774744e-06
2280 7.709358e-06
2281 6.349204e-06
2282 5.127286e-06
2283 4.250212e-06
2284 3.465840e-06
2285 2.418923e-06
2286 1.714800e-06
2287 1.173326e-06
2288 8.010386e-07
2289 5.189204e-07
2290 0.000000e+00
2291 0.000000e+00
2292 0.000000e+00
2293 0.000000e+00
2294 0.000000e+00
2295 0.000000e+00
2296 0.000000e+00
2297 0.000000e+00
2298 0.000000e+00
2299 0.000000e+00
2300 5.841091e-06
2301 6.478006e-06
2302 6.968388e-06
2303 7.195066e-06
2304 7.020312e-06
2305 6.388412e-06
2306 5.419304e-06
2307 4.389132e-06
2308 3.579565e-06
2309 2.984477e-06
2310 2.261139e-06
2311 1.510384e-06
2312 1.110852e-06
2313 7.403734e-07
2314 4.845773e-07
2315 3.185368e-07
2316 0.000000e+00
2317 0.000000e+00
2318 0.000000e+00
2319 0.000000e+00
2320 0.000000e+00
2321 0.000000e+00
2322 0.000000e+00
2323 0.000000e+00
2324 0.000000e+00
2325 4.351045e-06
2326 4.887978e-06
2327 5.328039e-06
2328 5.595822e-06
2329 5.609084e-06
2330 5.282375e-06
2331 4.603619e-06
2332 3.774985e-06
2333 3.049759e-06
2334 2.534512e-06
2335 2.042778e-06
2336 1.406088e-06
2337 1.009853e-06
2338 6.766438e-07
2339 4.568460e-07
2340 2.932740e-07
2341 0.000000e+00
2342 0.000000e+00
2343 0.000000e+00
2344 0.000000e+00
2345 0.000000e+00
2346 0.000000e+00
2347 0.000000e+00
2348 0.000000e+00
2349 0.000000e+00
2350 2.960249e-06
2351 3.354653e-06
2352 3.705828e-06
2353 3.960601e-06
2354 4.043740e-06
2355 3.895860e-06
2356 3.502595e-06
2357 2.934955e-06
2358 2.367859e-06
2359 1.944029e-06
2360 1.617073e-06
2361 1.183644e-06
2362 7.991023e-07
2363 5.697273e-07
2364 3.825568e-07
2365 2.442434e-07
2366 1.589770e-07
2367 0.000000e+00
2368 0.000000e+00
2369 0.000000e+00
2370 0.000000e+00
2371 0.000000e+00
2372 0.000000e+00
2373 0.000000e+00
2374 0.000000e+00
2375 1.658383e-06
2376 1.899243e-06
2377 2.120847e-06
2378 2.296645e-06
2379 2.395336e-06
2380 2.374428e-06
2381 2.195947e-06
2382 1.885086e-06
2383 1.535683e-06
2384 1.244221e-06
2385 1.037666e-06
2386 8.105229e-07
2387 5.461327e-07
2388 4.017421e-07
2389 2.640882e-07
2390 1.741067e-07
2391 1.117272e-07
2392 0.000000e+00
2393 0.000000e+00
2394 0.000000e+00
2395 0.000000e+00
2396 0.000000e+00
2397 0.000000e+00
2398 0.000000e+00
2399 0.000000e+00
2400 7.071987e-07
2401 8.165872e-07
2402 9.228972e-07
2403 1.014795e-06
2404 1.075527e-06
2405 1.088513e-06
2406 1.039089e-06
2407 9.222616e-07
2408 7.636287e-07
2409 6.159612e-07
2410 5.086873e-07
2411 4.195009e-07
2412 2.967808e-07
2413 2.057514e-07
2414 1.419266e-07
2415 9.550886e-08
2416 6.027277e-08
2417 3.863925e-08
2418 0.000000e+00
2419 0.000000e+00
2420 0.000000e+00
2421 0.000000e+00
2422 0.000000e+00
2423 0.000000e+00
2424 0.000000e+00
2425 0.000000e+00
2426 0.000000e+00
2427 0.000000e+00
2428 0.000000e+00
2429 0.000000e+00
2430 0.000000e+00
2431 0.000000e+00
2432 2.653614e-07
2433 1.899922e-07
2434 1.307357e-07
2435 8.983908e-08
2436 0.000000e+00
2437 0.000000e+00
2438 0.000000e+00
2439 0.000000e+00
2440 0.000000e+00
2441 0.000000e+00
2442 0.000000e+00
2443 0.000000e+00
2444 0.000000e+00
2445 0.000000e+00
2446 0.000000e+00
2447 0.000000e+00
2448 0.000000e+00
2449 0.000000e+00
2450 0.000000e+00
2451 0.000000e+00
2452 0.000000e+00
2453 0.000000e+00
2454 0.000000e+00
2455 0.000000e+00
2456 0.000000e+00
2457 2.978148e-07
2458 2.070333e-07
2459 1.500017e-07
2460 1.036529e-07
2461 7.080843e-08
2462 4.757760e-08
2463 0.000000e+00
2464 0.000000e+00
2465 0.000000e+00
2466 0.000000e+00
2467 0.000000e+00
2468 0.000000e+00
2469 0.000000e+00
2470 0.000000e+00
2471 0.000000e+00
2472 0.000000e+00
2473 0.000000e+00
2474 0.000000e+00
2475 0.000000e+00
2476 0.000000e+00
2477 0.000000e+00
2478 0.000000e+00
2479 0.000000e+00
2480 0.000000e+00
2481 0.000000e+00
2482 2.829789e-07
2483 2.222243e-07
2484 1.519007e-07
2485 1.113379e-07
2486 7.558379e-08
2487 5.130977e-08
2488 3.417312e-08
2489 0.000000e+00
2490 0.000000e+00
2491 0.000000e+00
2492 0.000000e+00
2493 0.000000e+00
2494 0.000000e+00
2495 0.000000e+00
2496 0.000000e+00
2497 0.000000e+00
2498 0.000000e+00
2499 0.000000e+00
2500 0.000000e+00
2501 0.000000e+00
2502 0.000000e+00
2503 0.000000e+00
2504 0.000000e+00
2505 0.000000e+00
2506 0.000000e+00
2507 2.564033e-07
2508 2.136826e-07
2509 1.602666e-07
2510 1.083211e-07
2511 7.925434e-08
2512 5.351754e-08
2513 3.533656e-08
2514 2.358537e-08
2515 0.000000e+00
2516 0.000000e+00
2517 0.000000e+00
2518 0.000000e+00
2519 0.000000e+00
2520 0.000000e+00
2521 0.000000e+00
2522 0.000000e+00
2523 0.000000e+00
2524 0.000000e+00
2525 0.000000e+00
2526 0.000000e+00
2527 0.000000e+00
2528 0.000000e+00
2529 0.000000e+00
2530 0.000000e+00
2531 0.000000e+00
2532 2.344189e-07
2533 1.942877e-07
2534 1.583460e-07
2535 1.106775e-07
2536 7.840621e-08
2537 5.370996e-08
2538 3.663168e-08
2539 2.373921e-08
2540 0.000000e+00
2541 0.000000e+00
2542 0.000000e+00
2543 0.000000e+00
2544 0.000000e+00
2545 0.000000e+00
2546 0.000000e+00
2547 0.000000e+00
2548 0.000000e+00
2549 0.000000e+00
2550 0.000000e+00
2551 0.000000e+00
2552 0.000000e+00
2553 0.000000e+00
2554 0.000000e+00
2555 0.000000e+00
2556 0.000000e+00
2557 2.153693e-07
2558 1.756362e-07
2559 1.464332e-07
2560 1.109448e-07
2561 7.421444e-08
2562 5.452335e-08
2563 3.633863e-08
2564 2.379224e-08
2565 1.563364e-08
2566 0.000000e+00
2567 0.000000e+00
2568 0.000000e+00
2569 0.000000e+00
2570 0.000000e+00
2571 0.000000e+00
2572 0.000000e+00
2573 0.000000e+00
2574 0.000000e+00
2575 0.000000e+00
2576 0.000000e+00
2577 0.000000e+00
2578 0.000000e+00
2579 0.000000e+00
2580 0.000000e+00
2581 0.000000e+00
2582 1.973338e-07
2583 1.594246e-07
2584 1.324748e-07
2585 1.067936e-07
2586 7.353332e-08
2587 5.278591e-08
2588 3.539876e-08
2589 2.389259e-08
2590 1.533649e-08
2591 0.000000e+00
2592 0.000000e+00
2593 0.000000e+00
2594 0.000000e+00
2595 0.000000e+00
2596 0.000000e+00
2597 0.000000e+00
2598 0.000000e+00
2599 0.000000e+00
2600 0.000000e+00
2601 0.000000e+00
2602 0.000000e+00
2603 0.000000e+00
2604 0.000000e+00
2605 0.000000e+00
2606 0.000000e+00
2607 1.783474e-07
2608 1.439200e-07
2609 1.181384e-07
2610 9.826723e-08
2611 7.197600e-08
2612 4.858600e-08
2613 3.467375e-08
2614 2.326991e-08
2615 1.486692e-08
2616 9.674393e-09
2617 0.000000e+00
2618 0.000000e+00
2619 0.000000e+00
2620 0.000000e+00
2621 0.000000e+00
2622 0.000000e+00
2623 0.000000e+00
2624 0.000000e+00
2625 0.000000e+00
2626 0.000000e+00
2627 0.000000e+00
2628 0.000000e+00
2629 0.000000e+00
2630 0.000000e+00
2631 0.000000e+00
2632 1.534581e-07
2633 1.250407e-07
2634 1.013110e-07
2635 8.447316e-08
2636 6.604200e-08
2637 4.453534e-08
2638 3.271490e-08
2639 2.152450e-08
2640 1.419901e-08
2641 9.107865e-09
2642 0.000000e+00
2643 0.000000e+00
2644 0.000000e+00
2645 0.000000e+00
2646 0.000000e+00
2647 0.000000e+00
2648 0.000000e+00
2649 0.000000e+00
2650 0.000000e+00
2651 0.000000e+00
2652 0.000000e+00
2653 0.000000e+00
2654 0.000000e+00
2655 0.000000e+00
2656 0.000000e+00
2657 1.211136e-07
2658 1.006806e-07
2659 8.127632e-08
2660 6.696019e-08
2661 5.532568e-08
2662 3.962356e-08
2663 2.725995e-08
2664 1.900711e-08
2665 1.274867e-08
2666 8.068118e-09
2667 5.175207e-09
2668 0.000000e+00
2669 0.000000e+00
2670 0.000000e+00
2671 0.000000e+00
2672 0.000000e+00
2673 0.000000e+00
2674 0.000000e+00
2675 0.000000e+00
2676 0.000000e+00
2677 0.000000e+00
2678 0.000000e+00
2679 0.000000e+00
2680 0.000000e+00
2681 0.000000e+00
2682 5.106785e-10
2683 3.807639e-10
2684 2.921528e-10
2685 2.299352e-10
2686 1.818739e-10
2687 1.435570e-10
2688 1.113458e-10
2689 8.389574e-11
2690 6.082697e-11
2691 4.213817e-11
2692 2.778329e-11
2693 1.744573e-11
2694 1.048223e-11
2695 6.076548e-12
2696 0.000000e+00
2697 0.000000e+00
2698 0.000000e+00
2699 0.000000e+00
2700 0.000000e+00
2701 0.000000e+00
2702 0.000000e+00
2703 0.000000e+00
2704 0.000000e+00
2705 0.000000e+00
2706 0.000000e+00
2707 2.598486e-09
2708 1.847791e-09
2709 1.313394e-09
2710 9.556881e-10
2711 7.145231e-10
2712 5.447627e-10
2713 4.226473e-10
2714 3.300551e-10
2715 2.561995e-10
2716 1.953712e-10
2717 1.448792e-10
2718 1.036906e-10
2719 7.132679e-11
2720 4.714717e-11
2721 0.000000e+00
2722 0.000000e+00
2723 0.000000e+00
2724 0.000000e+00
2725 0.000000e+00
2726 0.000000e+00
2727 0.000000e+00
2728 0.000000e+00
2729 0.000000e+00
2730 0.000000e+00
2731 0.000000e+00
2732 5.228494e-09
2733 3.702601e-09
2734 2.624785e-09
2735 1.855506e-09
2736 1.333896e-09
2737 9.840460e-10
2738 7.404014e-10
2739 5.679969e-10
2740 4.402509e-10
2741 3.409264e-10
2742 2.607306e-10
2743 1.949287e-10
2744 1.413051e-10
2745 9.877300e-11
2746 0.000000e+00
2747 0.000000e+00
2748 0.000000e+00
2749 0.000000e+00
2750 0.000000e+00
2751 0.000000e+00
2752 0.000000e+00
2753 0.000000e+00
2754 0.000000e+00
2755 0.000000e+00
2756 0.000000e+00
2757 8.400148e-09
2758 5.918656e-09
2759 4.195286e-09
2760 2.948142e-09
2761 2.085876e-09
2762 1.496600e-09
2763 1.100833e-09
2764 8.258553e-10
2765 6.310980e-10
2766 4.869163e-10
2767 3.752751e-10
2768 2.857005e-10
2769 2.127648e-10
2770 1.538019e-10
2771 0.000000e+00
2772 0.000000e+00
2773 0.000000e+00
2774 0.000000e+00
2775 0.000000e+00
2776 0.000000e+00
2777 0.000000e+00
2778 0.000000e+00
2779 0.000000e+00
2780 0.000000e+00
2781 0.000000e+00
2782 1.198134e-08
2783 8.574776e-09
2784 6.029095e-09
2785 4.264464e-09
2786 2.978572e-09
2787 2.107930e-09
2788 1.518814e-09
2789 1.117479e-09
2790 8.394514e-10
2791 6.409046e-10
2792 4.926978e-10
2793 3.774503e-10
2794 2.851509e-10
2795 2.105280e-10
2796 0.000000e+00
2797 0.000000e+00
2798 0.000000e+00
2799 0.000000e+00
2800 0.000000e+00
2801 0.000000e+00
2802 0.000000e+00
2803 0.000000e+00
2804 0.000000e+00
2805 0.000000e+00
2806 0.000000e+00
2807 1.600443e-08
2808 1.169267e-08
2809 8.248362e-09
2810 5.806265e-09
2811 4.065174e-09
2812 2.846090e-09
2813 2.015471e-09
2814 1.459327e-09
2815 1.077186e-09
2816 8.110861e-10
2817 6.186331e-10
2818 4.735709e-10
2819 3.600638e-10
2820 2.693163e-10
2821 0.000000e+00
2822 0.000000e+00
2823 0.000000e+00
2824 0.000000e+00
2825 0.000000e+00
2826 0.000000e+00
2827 0.000000e+00
2828 0.000000e+00
2829 0.000000e+00
2830 0.000000e+00
2831 0.000000e+00
2832 2.057811e-08
2833 1.531307e-08
2834 1.094534e-08
2835 7.671470e-09
2836 5.389583e-09
2837 3.741331e-09
2838 2.623062e-09
2839 1.868461e-09
2840 1.357127e-09
2841 1.006033e-09
2842 7.587711e-10
2843 5.775956e-10
2844 4.395546e-10
2845 3.310993e-10
2846 0.000000e+00
2847 0.000000e+00
2848 0.000000e+00
2849 0.000000e+00
2850 0.000000e+00
2851 0.000000e+00
2852 0.000000e+00
2853 0.000000e+00
2854 0.000000e+00
2855 0.000000e+00
2856 0.000000e+00
2857 2.568507e-08
2858 1.938775e-08
2859 1.408408e-08
2860 9.897650e-09
2861 6.933178e-09
2862 4.816729e-09
2863 3.348045e-09
2864 2.350919e-09
2865 1.684319e-09
2866 1.229101e-09
2867 9.146288e-10
2868 6.899884e-10
2869 5.232057e-10
2870 3.950537e-10
2871 0.000000e+00
2872 0.000000e+00
2873 0.000000e+00
2874 0.000000e+00
2875 0.000000e+00
2876 0.000000e+00
2877 0.000000e+00
2878 0.000000e+00
2879 0.000000e+00
2880 0.000000e+00
2881 0.000000e+00
2882 3.167362e-08
2883 2.417858e-08
2884 1.784823e-08
2885 1.266723e-08
2886 8.843797e-09
2887 6.164928e-09
2888 4.252468e-09
2889 2.956531e-09
2890 2.087624e-09
2891 1.500392e-09
2892 1.099825e-09
2893 8.198393e-10
2894 6.170291e-10
2895 4.649970e-10
2896 0.000000e+00
2897 0.000000e+00
2898 0.000000e+00
2899 0.000000e+00
2900 0.000000e+00
2901 0.000000e+00
2902 0.000000e+00
2903 0.000000e+00
2904 0.000000e+00
2905 0.000000e+00
2906 0.000000e+00
2907 4.240668e-08
2908 3.279178e-08
2909 2.469747e-08
2910 1.791873e-08
2911 1.257283e-08
2912 8.747292e-09
2913 6.033256e-09
2914 4.146712e-09
2915 2.871135e-09
2916 2.021216e-09
2917 1.446457e-09
2918 1.054629e-09
2919 7.805979e-10
2920 5.819466e-10
2921 0.000000e+00
2922 0.000000e+00
2923 0.000000e+00
2924 0.000000e+00
2925 0.000000e+00
2926 0.000000e+00
2927 0.000000e+00
2928 0.000000e+00
2929 0.000000e+00
2930 0.000000e+00
2931 0.000000e+00
2932 1.351418e-07
2933 1.104840e-07
2934 8.774516e-08
2935 6.814774e-08
2936 5.170552e-08
2937 3.788506e-08
2938 2.655707e-08
2939 1.822321e-08
2940 1.240851e-08
2941 8.280047e-09
2942 5.499764e-09
2943 3.672725e-09
2944 2.466153e-09
2945 1.674734e-09
2946 0.000000e+00
2947 0.000000e+00
2948 0.000000e+00
2949 0.000000e+00
2950 0.000000e+00
2951 0.000000e+00
2952 0.000000e+00
2953 0.000000e+00
2954 0.000000e+00
2955 0.000000e+00
2956 7.043899e-12
2957 5.209490e-12
2958 3.927128e-12
2959 2.910375e-12
2960 2.196726e-12
2961 0.000000e+00
2962 0.000000e+00
2963 0.000000e+00
2964 0.000000e+00
2965 0.000000e+00
2966 0.000000e+00
2967 0.000000e+00
2968 0.000000e+00
2969 0.000000e+00
2970 0.000000e+00
2971 0.000000e+00
2972 0.000000e+00
2973 0.000000e+00
2974 0.000000e+00
2975 0.000000e+00
2976 0.000000e+00
2977 0.000000e+00
2978 0.000000e+00
2979 0.000000e+00
2980 0.000000e+00
2981 4.828482e-12
2982 3.837328e-12
2983 2.729806e-12
2984 2.048305e-12
2985 1.490258e-12
2986 1.088315e-12
2987 7.992741e-13
2988 0.000000e+00
2989 0.000000e+00
2990 0.000000e+00
2991 0.000000e+00
2992 0.000000e+00
2993 0.000000e+00
2994 0.000000e+00
2995 0.000000e+00
2996 0.000000e+00
2997 0.000000e+00
2998 0.000000e+00
2999 0.000000e+00
3000 0.000000e+00
3001 0.000000e+00
3002 0.000000e+00
3003 0.000000e+00
3004 0.000000e+00
3005 0.000000e+00
3006 3.534179e-12
3007 2.949539e-12
3008 2.332519e-12
3009 1.620712e-12
3010 1.215688e-12
3011 8.608739e-13
3012 6.192441e-13
3013 4.442170e-13
3014 0.000000e+00
3015 0.000000e+00
3016 0.000000e+00
3017 0.000000e+00
3018 0.000000e+00
3019 0.000000e+00
3020 0.000000e+00
3021 0.000000e+00
3022 0.000000e+00
3023 0.000000e+00
3024 0.000000e+00
3025 0.000000e+00
3026 0.000000e+00
3027 0.000000e+00
3028 0.000000e+00
3029 0.000000e+00
3030 0.000000e+00
3031 2.823314e-12
3032 2.309007e-12
3033 1.927011e-12
3034 1.454525e-12
3035 9.926041e-13
3036 7.436437e-13
3037 5.186706e-13
3038 3.603355e-13
3039 2.562399e-13
3040 0.000000e+00
3041 0.000000e+00
3042 0.000000e+00
3043 0.000000e+00
3044 0.000000e+00
3045 0.000000e+00
3046 0.000000e+00
3047 0.000000e+00
3048 0.000000e+00
3049 0.000000e+00
3050 0.000000e+00
3051 0.000000e+00
3052 0.000000e+00
3053 0.000000e+00
3054 0.000000e+00
3055 0.000000e+00
3056 2.346926e-12
3057 1.895375e-12
3058 1.569478e-12
3059 1.282846e-12
3060 9.052559e-13
3061 6.423620e-13
3062 4.487961e-13
3063 3.147681e-13
3064 2.132043e-13
3065 0.000000e+00
3066 0.000000e+00
3067 0.000000e+00
3068 0.000000e+00
3069 0.000000e+00
3070 0.000000e+00
3071 0.000000e+00
3072 0.000000e+00
3073 0.000000e+00
3074 0.000000e+00
3075 0.000000e+00
3076 0.000000e+00
3077 0.000000e+00
3078 0.000000e+00
3079 0.000000e+00
3080 0.000000e+00
3081 1.988841e-12
3082 1.610653e-12
3083 1.313648e-12
3084 1.096326e-12
3085 8.337430e-13
3086 5.584544e-13
3087 4.148797e-13
3088 2.801225e-13
3089 1.878070e-13
3090 1.271069e-13
3091 0.000000e+00
3092 0.000000e+00
3093 0.000000e+00
3094 0.000000e+00
3095 0.000000e+00
3096 0.000000e+00
3097 0.000000e+00
3098 0.000000e+00
3099 0.000000e+00
3100 0.000000e+00
3101 0.000000e+00
3102 0.000000e+00
3103 0.000000e+00
3104 0.000000e+00
3105 0.000000e+00
3106 1.718861e-12
3107 1.412027e-12
3108 1.139801e-12
3109 9.458789e-13
3110 7.658220e-13
3111 5.317735e-13
3112 3.788672e-13
3113 2.557777e-13
3114 1.753455e-13
3115 1.146422e-13
3116 0.000000e+00
3117 0.000000e+00
3118 0.000000e+00
3119 0.000000e+00
3120 0.000000e+00
3121 0.000000e+00
3122 0.000000e+00
3123 0.000000e+00
3124 0.000000e+00
3125 0.000000e+00
3126 0.000000e+00
3127 0.000000e+00
3128 0.000000e+00
3129 0.000000e+00
3130 0.000000e+00
3131 1.495866e-12
3132 1.254128e-12
3133 1.012965e-12
3134 8.315405e-13
3135 6.914354e-13
3136 5.079852e-13
3137 3.427090e-13
3138 2.474025e-13
3139 1.654564e-13
3140 1.063813e-13
3141 7.031909e-14
3142 0.000000e+00
3143 0.000000e+00
3144 0.000000e+00
3145 0.000000e+00
3146 0.000000e+00
3147 0.000000e+00
3148 0.000000e+00
3149 0.000000e+00
3150 0.000000e+00
3151 0.000000e+00
3152 0.000000e+00
3153 0.000000e+00
3154 0.000000e+00
3155 0.000000e+00
3156 1.279382e-12
3157 1.100646e-12
3158 8.970324e-13
3159 7.258512e-13
3160 6.054322e-13
3161 4.763629e-13
3162 3.220249e-13
3163 2.352610e-13
3164 1.553072e-13
3165 1.034588e-13
3166 6.608751e-14
3167 0.000000e+00
3168 0.000000e+00
3169 0.000000e+00
3170 0.000000e+00
3171 0.000000e+00
3172 0.000000e+00
3173 0.000000e+00
3174 0.000000e+00
3175 0.000000e+00
3176 0.000000e+00
3177 0.000000e+00
3178 0.000000e+00
3179 0.000000e+00
3180 0.000000e+00
3181 1.048837e-12
3182 9.359717e-13
3183 7.795446e-13
3184 6.296183e-13
3185 5.180918e-13
3186 4.283792e-13
3187 3.091131e-13
3188 2.117250e-13
3189 1.486347e-13
3190 9.929980e-14
3191 6.304900e-14
3192 4.055288e-14
3193 0.000000e+00
3194 0.000000e+00
3195 0.000000e+00
3196 0.000000e+00
3197 0.000000e+00
3198 0.000000e+00
3199 0.000000e+00
3200 0.000000e+00
3201 0.000000e+00
3202 0.000000e+00
3203 0.000000e+00
3204 0.000000e+00
3205 0.000000e+00
3206 9.150435e-14
3207 7.228760e-14
3208 5.695802e-14
3209 4.448407e-14
3210 3.421625e-14
3211 2.570827e-14
3212 1.874079e-14
3213 1.314544e-14
3214 8.802919e-15
3215 5.585413e-15
3216 3.339361e-15
3217 1.877917e-15
3218 9.965850e-16
3219 5.023879e-16
3220 2.412399e-16
3221 1.094698e-16
3222 0.000000e+00
3223 0.000000e+00
3224 0.000000e+00
3225 0.000000e+00
3226 0.000000e+00
3227 0.000000e+00
3228 0.000000e+00
3229 0.000000e+00
3230 0.000000e+00
3231 1.902869e-13
3232 1.483368e-13
3233 1.160750e-13
3234 9.095601e-14
3235 7.146208e-14
3236 5.600393e-14
3237 4.343388e-14
3238 3.311368e-14
3239 2.461417e-14
3240 1.768645e-14
3241 1.218197e-14
3242 7.981476e-15
3243 4.947059e-15
3244 2.896083e-15
3245 1.606485e-15
3246 8.491828e-16
3247 0.000000e+00
3248 0.000000e+00
3249 0.000000e+00
3250 0.000000e+00
3251 0.000000e+00
3252 0.000000e+00
3253 0.000000e+00
3254 0.000000e+00
3255 0.000000e+00
3256 2.636438e-13
3257 2.027296e-13
3258 1.569914e-13
3259 1.221780e-13
3260 9.522236e-14
3261 7.442568e-14
3262 5.811695e-14
3263 4.498858e-14
3264 3.431422e-14
3265 2.558526e-14
3266 1.849887e-14
3267 1.286651e-14
3268 8.545996e-15
3269 5.386499e-15
3270 3.210316e-15
3271 1.809873e-15
3272 0.000000e+00
3273 0.000000e+00
3274 0.000000e+00
3275 0.000000e+00
3276 0.000000e+00
3277 0.000000e+00
3278 0.000000e+00
3279 0.000000e+00
3280 0.000000e+00
3281 3.291893e-13
3282 2.535731e-13
3283 1.943241e-13
3284 1.501408e-13
3285 1.162854e-13
3286 9.038892e-14
3287 7.035667e-14
3288 5.466149e-14
3289 4.205735e-14
3290 3.185399e-14
3291 2.356764e-14
3292 1.690581e-14
3293 1.166596e-14
3294 7.690570e-15
3295 4.814657e-15
3296 2.851484e-15
3297 0.000000e+00
3298 0.000000e+00
3299 0.000000e+00
3300 0.000000e+00
3301 0.000000e+00
3302 0.000000e+00
3303 0.000000e+00
3304 0.000000e+00
3305 0.000000e+00
3306 3.908262e-13
3307 3.025325e-13
3308 2.314092e-13
3309 1.771072e-13
3310 1.366210e-13
3311 1.054203e-13
3312 8.171799e-14
3313 6.336834e-14
3314 4.889189e-14
3315 3.729907e-14
3316 2.794305e-14
3317 2.040647e-14
3318 1.442190e-14
3319 9.793093e-15
3320 6.347016e-15
3321 3.904426e-15
3322 0.000000e+00
3323 0.000000e+00
3324 0.000000e+00
3325 0.000000e+00
3326 0.000000e+00
3327 0.000000e+00
3328 0.000000e+00
3329 0.000000e+00
3330 0.000000e+00
3331 4.518446e-13
3332 3.512633e-13
3333 2.693838e-13
3334 2.050147e-13
3335 1.569634e-13
3336 1.206217e-13
3337 9.294879e-14
3338 7.177582e-14
3339 5.534767e-14
3340 4.233999e-14
3341 3.194391e-14
3342 2.359264e-14
3343 1.693941e-14
3344 1.174286e-14
3345 7.805201e-15
3346 4.944608e-15
3347 0.000000e+00
3348 0.000000e+00
3349 0.000000e+00
3350 0.000000e+00
3351 0.000000e+00
3352 0.000000e+00
3353 0.000000e+00
3354 0.000000e+00
3355 0.000000e+00
3356 5.144990e-13
3357 4.013804e-13
3358 3.089783e-13
3359 2.349337e-13
3360 1.785171e-13
3361 1.365706e-13
3362 1.045501e-13
3363 8.036810e-14
3364 6.179035e-14
3365 4.727157e-14
3366 3.576527e-14
3367 2.659865e-14
3368 1.930544e-14
3369 1.358092e-14
3370 9.199725e-15
3371 5.962816e-15
3372 0.000000e+00
3373 0.000000e+00
3374 0.000000e+00
3375 0.000000e+00
3376 0.000000e+00
3377 0.000000e+00
3378 0.000000e+00
3379 0.000000e+00
3380 0.000000e+00
3381 5.784993e-13
3382 4.526778e-13
3383 3.497702e-13
3384 2.664196e-13
3385 2.014725e-13
3386 1.531069e-13
3387 1.166748e-13
3388 8.918445e-14
3389 6.823486e-14
3390 5.211367e-14
3391 3.945776e-14
3392 2.944767e-14
3393 2.151749e-14
3394 1.529332e-14
3395 1.050257e-14
3396 6.926221e-15
3397 0.000000e+00
3398 0.000000e+00
3399 0.000000e+00
3400 0.000000e+00
3401 0.000000e+00
3402 0.000000e+00
3403 0.000000e+00
3404 0.000000e+00
3405 0.000000e+00
3406 6.478313e-13
3407 5.084967e-13
3408 3.942311e-13
3409 3.012791e-13
3410 2.274421e-13
3411 1.716637e-13
3412 1.302171e-13
3413 9.883453e-14
3414 7.523214e-14
3415 5.723445e-14
3416 4.327209e-14
3417 3.233111e-14
3418 2.372019e-14
3419 1.697732e-14
3420 1.177764e-14
3421 7.871180e-15
3422 0.000000e+00
3423 0.000000e+00
3424 0.000000e+00
3425 0.000000e+00
3426 0.000000e+00
3427 0.000000e+00
3428 0.000000e+00
3429 0.000000e+00
3430 0.000000e+00
3431 7.617884e-13
3432 6.012888e-13
3433 4.684857e-13
3434 3.600555e-13
3435 2.726134e-13
3436 2.043927e-13
3437 1.535553e-13
3438 1.155831e-13
3439 8.709145e-14
3440 6.565589e-14
3441 4.936766e-14
3442 3.679139e-14
3443 2.702227e-14
3444 1.943963e-14
3445 1.360920e-14
3446 9.214649e-15
3447 0.000000e+00
3448 0.000000e+00
3449 0.000000e+00
3450 0.000000e+00
3451 0.000000e+00
3452 0.000000e+00
3453 0.000000e+00
3454 0.000000e+00
3455 0.000000e+00
3456 0.000000e+00
3457 1.163740e-12
3458 9.262560e-13
3459 7.256107e-13
3460 5.615991e-13
3461 4.261756e-13
3462 3.133245e-13
3463 2.279016e-13
3464 1.665332e-13
3465 1.204291e-13
3466 8.697884e-14
3467 6.287677e-14
3468 4.519746e-14
3469 3.218276e-14
3470 2.257192e-14
3471 0.000000e+00
3472 0.000000e+00
3473 0.000000e+00
3474 0.000000e+00
3475 0.000000e+00
3476 0.000000e+00
3477 0.000000e+00
3478 0.000000e+00
3479 0.000000e+00
3480 0.000000e+00
3481 8.310934e-17
3482 6.517603e-17
3483 5.088347e-17
3484 3.956086e-17
3485 3.063043e-17
3486 2.356830e-17
3487 1.795978e-17
3488 1.356951e-17
3489 1.016256e-17
3490 7.511312e-18
3491 5.467440e-18
3492 3.909909e-18
3493 2.731322e-18
3494 1.855588e-18
3495 1.218111e-18
3496 7.669935e-19
3497 4.594421e-19
3498 2.598308e-19
3499 1.379275e-19
