0 2.427966e-09
1 1.806919e-09
2 1.301780e-09
3 9.107216e-10
4 6.261327e-10
5 4.258556e-10
6 2.856544e-10
7 1.921133e-10
8 1.300303e-10
9 8.919927e-11
10 6.204337e-11
11 4.381253e-11
12 3.119084e-11
13 2.220629e-11
14 1.566166e-11
15 1.085093e-11
16 7.341357e-12
17 4.836451e-12
18 3.101989e-12
19 1.939762e-12
20 1.184538e-12
21 7.070891e-13
22 0.000000e+00
23 0.000000e+00
24 0.000000e+00
25 3.913014e-09
26 2.954685e-09
27 2.165967e-09
28 1.526991e-09
29 1.036867e-09
30 6.945162e-10
31 4.655888e-10
32 3.075366e-10
33 2.054610e-10
34 1.393224e-10
35 9.649235e-11
36 6.811567e-11
37 4.892943e-11
38 3.538065e-11
39 2.544387e-11
40 1.797835e-11
41 1.235493e-11
42 8.203028e-12
43 5.250551e-12
44 3.246780e-12
45 1.949635e-12
46 1.143287e-12
47 0.000000e+00
48 0.000000e+00
49 0.000000e+00
50 4.153038e-09
51 3.130469e-09
52 2.293729e-09
53 1.612213e-09
54 1.083719e-09
55 7.171308e-10
56 4.795187e-10
57 3.144699e-10
58 2.091559e-10
59 1.415556e-10
60 9.835240e-11
61 6.968462e-11
62 5.037528e-11
63 3.666918e-11
64 2.652151e-11
65 1.880375e-11
66 1.292214e-11
67 8.542083e-12
68 5.416454e-12
69 3.302883e-12
70 1.949615e-12
71 1.122622e-12
72 0.000000e+00
73 0.000000e+00
74 0.000000e+00
75 4.290661e-09
76 3.231927e-09
77 2.367991e-09
78 1.662179e-09
79 1.111867e-09
80 7.314181e-10
81 4.885155e-10
82 3.191927e-10
83 2.118256e-10
84 1.432127e-10
85 9.965797e-11
86 7.073783e-11
87 5.129678e-11
88 3.746454e-11
89 2.717267e-11
90 1.929890e-11
91 1.326416e-11
92 8.750064e-12
93 5.523631e-12
94 3.345113e-12
95 1.957447e-12
96 1.116539e-12
97 0.000000e+00
98 0.000000e+00
99 0.000000e+00
100 4.383656e-09
101 3.300558e-09
102 2.418011e-09
103 1.695805e-09
104 1.130773e-09
105 7.410615e-10
106 4.946073e-10
107 3.223808e-10
108 2.136417e-10
109 1.443289e-10
110 1.005398e-10
111 7.144363e-11
112 5.191280e-11
113 3.799731e-11
114 2.760947e-11
115 1.963392e-11
116 1.349563e-11
117 8.890797e-12
118 5.595589e-12
119 3.373334e-12
120 1.962646e-12
121 1.112364e-12
122 0.000000e+00
123 0.000000e+00
124 0.000000e+00
125 4.454341e-09
126 3.352613e-09
127 2.456195e-09
128 1.721535e-09
129 1.145289e-09
130 7.483860e-10
131 4.992035e-10
132 3.247951e-10
133 2.149884e-10
134 1.451776e-10
135 1.012036e-10
136 7.198398e-11
137 5.238924e-11
138 3.840697e-11
139 2.794701e-11
140 1.988724e-11
141 1.367025e-11
142 8.997196e-12
143 5.650403e-12
144 3.394906e-12
145 1.966637e-12
146 1.109176e-12
147 0.000000e+00
148 0.000000e+00
149 0.000000e+00
150 4.511570e-09
151 3.394967e-09
152 2.487162e-09
153 1.742341e-09
154 1.157017e-09
155 7.543479e-10
156 5.029568e-10
157 3.267719e-10
158 2.161093e-10
159 1.458731e-10
160 1.017532e-10
161 7.242541e-11
162 5.277558e-11
163 3.873931e-11
164 2.821901e-11
165 2.009410e-11
166 1.381291e-11
167 9.084129e-12
168 5.695052e-12
169 3.412541e-12
170 1.969936e-12
171 1.106744e-12
172 0.000000e+00
173 0.000000e+00
174 0.000000e+00
175 4.558843e-09
176 3.429740e-09
177 2.512434e-09
178 1.759431e-09
179 1.166665e-09
180 7.592373e-10
181 5.060536e-10
182 3.283744e-10
183 2.170250e-10
184 1.464341e-10
185 1.022012e-10
186 7.278592e-11
187 5.308875e-11
188 3.901008e-11
189 2.844042e-11
190 2.026335e-11
191 1.392999e-11
192 9.155223e-12
193 5.731824e-12
194 3.427030e-12
195 1.972622e-12
196 1.104723e-12
197 0.000000e+00
198 0.000000e+00
199 0.000000e+00
200 4.600402e-09
201 3.460327e-09
202 2.534804e-09
203 1.774472e-09
204 1.175134e-09
205 7.635463e-10
206 5.087496e-10
207 3.297840e-10
208 2.178157e-10
209 1.469333e-10
210 1.025919e-10
211 7.310106e-11
212 5.336631e-11
213 3.924961e-11
214 2.863781e-11
215 2.041259e-11
216 1.403265e-11
217 9.217664e-12
218 5.763725e-12
219 3.439671e-12
220 1.974896e-12
221 1.102760e-12
222 0.000000e+00
223 0.000000e+00
224 0.000000e+00
225 4.653066e-09
226 3.499123e-09
227 2.563198e-09
228 1.793538e-09
229 1.185879e-09
230 7.689631e-10
231 5.121841e-10
232 3.315862e-10
233 2.188430e-10
234 1.475697e-10
235 1.030920e-10
236 7.350396e-11
237 5.371995e-11
238 3.955343e-11
239 2.888580e-11
240 2.060242e-11
241 1.416368e-11
242 9.297394e-12
243 5.804887e-12
244 3.455858e-12
245 1.977964e-12
246 1.100493e-12
247 0.000000e+00
248 0.000000e+00
249 0.000000e+00
250 1.076069e-08
251 8.554922e-09
252 6.636946e-09
253 5.019461e-09
254 3.671748e-09
255 2.585830e-09
256 1.776620e-09
257 1.207541e-09
258 8.065241e-10
259 5.377849e-10
260 3.603052e-10
261 2.443884e-10
262 1.686944e-10
263 1.187366e-10
264 8.491583e-11
265 6.117734e-11
266 4.392860e-11
267 3.108552e-11
268 2.147799e-11
269 1.440292e-11
270 9.353153e-12
271 5.887183e-12
272 0.000000e+00
273 0.000000e+00
274 0.000000e+00
275 1.294433e-08
276 1.034639e-08
277 8.067344e-09
278 6.148082e-09
279 4.543935e-09
280 3.221082e-09
281 2.207401e-09
282 1.502017e-09
283 1.005496e-09
284 6.676181e-10
285 4.452093e-10
286 3.010499e-10
287 2.067703e-10
288 1.451087e-10
289 1.037339e-10
290 7.495679e-11
291 5.413565e-11
292 3.860270e-11
293 2.689409e-11
294 1.816653e-11
295 1.185657e-11
296 7.482561e-12
297 0.000000e+00
298 0.000000e+00
299 0.000000e+00
300 1.409774e-08
301 1.128492e-08
302 8.811348e-09
303 6.732815e-09
304 4.993756e-09
305 3.545308e-09
306 2.424035e-09
307 1.648643e-09
308 1.104250e-09
309 7.312171e-10
310 4.867394e-10
311 3.287549e-10
312 2.254808e-10
313 1.581658e-10
314 1.131478e-10
315 8.191240e-11
316 5.931835e-11
317 4.243145e-11
318 2.964193e-11
319 2.005889e-11
320 1.309909e-11
321 8.261770e-12
322 0.000000e+00
323 0.000000e+00
324 0.000000e+00
325 1.488445e-08
326 1.192658e-08
327 9.320497e-09
328 7.133110e-09
329 5.302092e-09
330 3.768013e-09
331 2.572960e-09
332 1.749796e-09
333 1.172391e-09
334 7.752195e-10
335 5.154468e-10
336 3.479342e-10
337 2.384108e-10
338 1.671801e-10
339 1.196377e-10
340 8.669857e-11
341 6.288003e-11
342 4.506029e-11
343 3.153009e-11
344 2.136107e-11
345 1.395614e-11
346 8.800277e-12
347 0.000000e+00
348 0.000000e+00
349 0.000000e+00
350 1.548205e-08
351 1.241242e-08
352 9.706698e-09
353 7.436660e-09
354 5.535678e-09
355 3.936880e-09
356 2.685987e-09
357 1.826322e-09
358 1.224038e-09
359 8.085366e-10
360 5.372452e-10
361 3.624634e-10
362 2.482015e-10
363 1.740016e-10
364 1.245515e-10
365 9.032599e-11
366 6.557970e-11
367 4.705165e-11
368 3.296044e-11
369 2.234839e-11
370 1.460672e-11
371 9.208263e-12
372 0.000000e+00
373 0.000000e+00
374 0.000000e+00
375 1.596499e-08
376 1.280570e-08
377 1.001817e-08
378 7.681711e-09
379 5.724329e-09
380 4.073154e-09
381 2.777334e-09
382 1.888283e-09
383 1.265803e-09
384 8.355079e-10
385 5.548747e-10
386 3.742319e-10
387 2.561218e-10
388 1.795119e-10
389 1.285134e-10
390 9.324666e-11
391 6.775687e-11
392 4.865654e-11
393 3.411568e-11
394 2.314470e-11
395 1.513066e-11
396 9.538184e-12
397 0.000000e+00
398 0.000000e+00
399 0.000000e+00
400 1.636341e-08
401 1.312947e-08
402 1.027604e-08
403 7.884091e-09
404 5.880479e-09
405 4.185888e-09
406 2.852638e-09
407 1.939472e-09
408 1.300330e-09
409 8.578054e-10
410 5.694157e-10
411 3.839421e-10
412 2.626884e-10
413 1.840774e-10
414 1.318089e-10
415 9.567834e-11
416 6.956665e-11
417 4.999144e-11
418 3.506967e-11
419 2.380368e-11
420 1.556541e-11
421 9.811682e-12
422 0.000000e+00
423 0.000000e+00
424 0.000000e+00
425 1.671435e-08
426 1.341641e-08
427 1.050360e-08
428 8.062940e-09
429 6.017974e-09
430 4.285132e-09
431 2.919165e-09
432 1.984523e-09
433 1.330696e-09
434 8.773872e-10
435 5.822183e-10
436 3.924934e-10
437 2.684391e-10
438 1.881009e-10
439 1.346972e-10
440 9.780679e-11
441 7.115015e-11
442 5.116023e-11
443 3.591317e-11
444 2.438585e-11
445 1.594679e-11
446 1.005119e-11
447 0.000000e+00
448 0.000000e+00
449 0.000000e+00
450 1.715787e-08
451 1.377753e-08
452 1.079015e-08
453 8.288640e-09
454 6.191606e-09
455 4.410504e-09
456 3.003254e-09
457 2.041526e-09
458 1.369134e-09
459 9.021998e-10
460 5.984525e-10
461 4.033245e-10
462 2.757402e-10
463 1.931762e-10
464 1.383491e-10
465 1.005017e-10
466 7.315970e-11
467 5.264306e-11
468 3.697769e-11
469 2.512002e-11
470 1.643051e-11
471 1.035539e-11
472 0.000000e+00
473 0.000000e+00
474 0.000000e+00
475 1.808543e-08
476 1.484189e-08
477 1.182515e-08
478 9.191661e-09
479 6.968384e-09
480 5.118325e-09
481 3.620305e-09
482 2.490742e-09
483 1.692752e-09
484 1.132712e-09
485 7.544765e-10
486 5.043405e-10
487 3.412873e-10
488 2.348449e-10
489 1.648723e-10
490 1.177669e-10
491 8.494826e-11
492 6.121772e-11
493 4.358545e-11
494 3.035712e-11
495 2.053700e-11
496 1.345287e-11
497 0.000000e+00
498 0.000000e+00
499 0.000000e+00
500 2.069203e-08
501 1.709873e-08
502 1.369352e-08
503 1.069327e-08
504 8.157318e-09
505 6.041345e-09
506 4.301539e-09
507 2.960051e-09
508 2.014609e-09
509 1.351704e-09
510 8.984103e-10
511 5.984383e-10
512 4.038833e-10
513 2.767365e-10
514 1.935963e-10
515 1.380666e-10
516 9.967731e-11
517 7.211132e-11
518 5.163997e-11
519 3.622009e-11
520 2.468081e-11
521 1.626699e-11
522 0.000000e+00
523 0.000000e+00
524 0.000000e+00
525 2.243500e-08
526 1.860345e-08
527 1.493591e-08
528 1.168874e-08
529 8.945307e-09
530 6.653209e-09
531 4.751971e-09
532 3.268501e-09
533 2.225687e-09
534 1.495065e-09
535 9.923361e-10
536 6.599294e-10
537 4.447602e-10
538 3.040329e-10
539 2.123933e-10
540 1.513841e-10
541 1.093933e-10
542 7.928712e-11
543 5.695926e-11
544 4.009119e-11
545 2.740864e-11
546 1.811541e-11
547 0.000000e+00
548 0.000000e+00
549 0.000000e+00
550 2.375930e-08
551 1.974765e-08
552 1.588152e-08
553 1.244759e-08
554 9.545398e-09
555 7.118873e-09
556 5.095306e-09
557 3.504318e-09
558 2.386927e-09
559 1.604809e-09
560 1.064245e-09
561 7.068936e-10
562 4.760122e-10
563 3.249633e-10
564 2.267586e-10
565 1.615748e-10
566 1.167993e-10
567 8.476937e-11
568 6.100824e-11
569 4.303872e-11
570 2.948996e-11
571 1.952361e-11
572 0.000000e+00
573 0.000000e+00
574 0.000000e+00
575 2.483367e-08
576 2.067672e-08
577 1.664858e-08
578 1.306243e-08
579 1.003210e-08
580 7.496959e-09
581 5.373474e-09
582 3.695057e-09
583 2.517657e-09
584 1.693598e-09
585 1.122525e-09
586 7.450698e-10
587 5.013591e-10
588 3.419088e-10
589 2.384209e-10
590 1.698317e-10
591 1.228069e-10
592 8.921141e-11
593 6.429881e-11
594 4.543310e-11
595 3.117789e-11
596 2.066639e-11
597 0.000000e+00
598 0.000000e+00
599 0.000000e+00
600 2.571748e-08
601 2.144175e-08
602 1.728033e-08
603 1.356896e-08
604 1.043304e-08
605 7.808089e-09
606 5.602541e-09
607 3.852637e-09
608 2.625378e-09
609 1.766902e-09
610 1.170487e-09
611 7.764910e-10
612 5.222664e-10
613 3.558972e-10
614 2.480024e-10
615 1.766329e-10
616 1.277592e-10
617 9.287484e-11
618 6.700997e-11
619 4.740779e-11
620 3.257097e-11
621 2.160964e-11
622 0.000000e+00
623 0.000000e+00
624 0.000000e+00
625 2.649485e-08
626 2.211366e-08
627 1.783670e-08
628 1.401549e-08
629 1.078632e-08
630 8.082671e-09
631 5.804973e-09
632 3.991434e-09
633 2.720479e-09
634 1.831549e-09
635 1.212853e-09
636 8.041026e-10
637 5.406666e-10
638 3.682115e-10
639 2.565157e-10
640 1.826338e-10
641 1.321190e-10
642 9.610419e-11
643 6.939462e-11
644 4.914542e-11
645 3.379506e-11
646 2.244044e-11
647 0.000000e+00
648 0.000000e+00
649 0.000000e+00
650 2.748223e-08
651 2.296417e-08
652 1.853896e-08
653 1.457854e-08
654 1.123259e-08
655 8.428574e-09
656 6.059817e-09
657 4.166745e-09
658 2.840447e-09
659 1.913159e-09
660 1.266339e-09
661 8.390701e-10
662 5.639603e-10
663 3.837887e-10
664 2.671925e-10
665 1.901876e-10
666 1.376271e-10
667 1.001773e-10
668 7.241366e-11
669 5.133872e-11
670 3.534573e-11
671 2.349024e-11
672 0.000000e+00
673 0.000000e+00
674 0.000000e+00
675 2.529501e-08
676 2.129282e-08
677 1.733553e-08
678 1.372167e-08
679 1.060137e-08
680 7.980884e-09
681 5.808274e-09
682 4.073773e-09
683 2.790732e-09
684 1.889718e-09
685 1.260708e-09
686 8.390083e-10
687 5.617842e-10
688 3.811949e-10
689 2.632936e-10
690 1.855892e-10
691 1.330077e-10
692 9.613659e-11
693 6.928978e-11
694 4.927078e-11
695 3.422856e-11
696 2.308256e-11
697 0.000000e+00
698 0.000000e+00
699 0.000000e+00
700 2.817765e-08
701 2.389211e-08
702 1.956579e-08
703 1.555749e-08
704 1.207488e-08
705 9.145083e-09
706 6.706386e-09
707 4.728143e-09
708 3.240541e-09
709 2.200172e-09
710 1.468828e-09
711 9.765525e-10
712 6.517866e-10
713 4.408902e-10
714 3.033208e-10
715 2.131308e-10
716 1.525131e-10
717 1.102988e-10
718 7.976418e-11
719 5.702161e-11
720 3.987488e-11
721 2.707660e-11
722 0.000000e+00
723 0.000000e+00
724 0.000000e+00
725 3.034748e-08
726 2.584562e-08
727 2.124238e-08
728 1.693656e-08
729 1.317818e-08
730 1.001769e-08
731 7.379343e-09
732 5.218082e-09
733 3.576222e-09
734 2.431625e-09
735 1.623848e-09
736 1.078953e-09
737 7.187758e-10
738 4.854278e-10
739 3.331404e-10
740 2.336446e-10
741 1.670594e-10
742 1.208855e-10
743 8.761319e-11
744 6.282159e-11
745 4.410150e-11
746 3.006434e-11
747 0.000000e+00
748 0.000000e+00
749 0.000000e+00
750 3.211111e-08
751 2.743667e-08
752 2.260677e-08
753 1.805870e-08
754 1.407829e-08
755 1.072886e-08
756 7.927812e-09
757 5.617182e-09
758 3.849980e-09
759 2.620676e-09
760 1.750490e-09
761 1.162646e-09
762 7.735126e-10
763 5.217740e-10
764 3.575290e-10
765 2.504035e-10
766 1.789227e-10
767 1.295367e-10
768 9.400627e-11
769 6.755379e-11
770 4.754557e-11
771 3.249775e-11
772 0.000000e+00
773 0.000000e+00
774 0.000000e+00
775 3.356669e-08
776 2.874658e-08
777 2.373260e-08
778 1.898428e-08
779 1.481941e-08
780 1.131480e-08
781 8.379332e-09
782 5.946422e-09
783 4.076001e-09
784 2.776603e-09
785 1.854884e-09
786 1.231699e-09
787 8.186043e-10
788 5.517511e-10
789 3.775697e-10
790 2.642411e-10
791 1.887197e-10
792 1.366533e-10
793 9.926264e-11
794 7.145152e-11
795 5.037564e-11
796 3.450670e-11
797 0.000000e+00
798 0.000000e+00
799 0.000000e+00
800 3.484507e-08
801 2.989960e-08
802 2.472093e-08
803 1.979824e-08
804 1.547248e-08
805 1.183068e-08
806 8.777469e-09
807 6.236142e-09
808 4.275038e-09
809 2.914004e-09
810 1.946963e-09
811 1.292430e-09
812 8.583590e-10
813 5.781317e-10
814 3.953614e-10
815 2.763838e-10
816 1.973380e-10
817 1.429414e-10
818 1.039013e-10
819 7.488306e-11
820 5.289644e-11
821 3.627359e-11
822 0.000000e+00
823 0.000000e+00
824 0.000000e+00
825 3.646225e-08
826 3.135685e-08
827 2.597226e-08
828 2.082749e-08
829 1.629705e-08
830 1.248181e-08
831 9.279651e-09
832 6.602070e-09
833 4.526150e-09
834 3.087132e-09
835 2.062944e-09
836 1.369089e-09
837 9.085822e-10
838 6.115235e-10
839 4.175965e-10
840 2.917360e-10
841 2.082250e-10
842 1.508575e-10
843 1.097465e-10
844 7.921663e-11
845 5.604323e-11
846 3.850568e-11
847 0.000000e+00
848 0.000000e+00
849 0.000000e+00
850 3.258526e-08
851 2.802260e-08
852 2.326219e-08
853 1.871076e-08
854 1.466330e-08
855 1.121809e-08
856 8.340101e-09
857 5.977331e-09
858 4.141771e-09
859 2.822421e-09
860 1.898664e-09
861 1.263006e-09
862 8.406813e-10
863 5.651265e-10
864 3.854744e-10
865 2.682000e-10
866 1.903219e-10
867 1.370241e-10
868 9.915193e-11
869 7.132102e-11
870 5.044352e-11
871 3.478498e-11
872 0.000000e+00
873 0.000000e+00
874 0.000000e+00
875 3.572464e-08
876 3.094481e-08
877 2.585063e-08
878 2.090034e-08
879 1.644514e-08
880 1.264035e-08
881 9.457485e-09
882 6.824579e-09
883 4.744495e-09
884 3.235622e-09
885 2.183712e-09
886 1.451267e-09
887 9.647133e-10
888 6.467633e-10
889 4.395455e-10
890 3.046270e-10
891 2.155493e-10
892 1.550007e-10
893 1.123053e-10
894 8.105328e-11
895 5.763866e-11
896 4.001173e-11
897 0.000000e+00
898 0.000000e+00
899 0.000000e+00
900 3.826643e-08
901 3.330910e-08
902 2.794396e-08
903 2.266840e-08
904 1.788714e-08
905 1.378944e-08
906 1.035901e-08
907 7.508146e-09
908 5.230192e-09
909 3.568531e-09
910 2.413241e-09
911 1.602789e-09
912 1.064560e-09
913 7.124157e-10
914 4.830945e-10
915 3.339737e-10
916 2.358544e-10
917 1.695082e-10
918 1.229138e-10
919 8.891691e-11
920 6.344492e-11
921 4.422348e-11
922 0.000000e+00
923 0.000000e+00
924 0.000000e+00
925 4.036665e-08
926 3.526032e-08
927 2.967427e-08
928 2.413075e-08
929 1.907597e-08
930 1.473831e-08
931 1.110522e-08
932 8.073800e-09
933 5.632564e-09
934 3.844074e-09
935 2.603517e-09
936 1.728610e-09
937 1.147201e-09
938 7.667958e-10
939 5.192263e-10
940 3.582392e-10
941 2.527062e-10
942 1.814884e-10
943 1.316638e-10
944 9.541118e-11
945 6.825846e-11
946 4.770918e-11
947 0.000000e+00
948 0.000000e+00
949 0.000000e+00
950 4.221192e-08
951 3.697592e-08
952 3.119472e-08
953 2.541662e-08
954 2.012422e-08
955 1.557399e-08
956 1.176145e-08
957 8.571799e-09
958 5.987124e-09
959 4.086961e-09
960 2.771182e-09
961 1.838937e-09
962 1.220086e-09
963 8.147360e-10
964 5.508841e-10
965 3.796748e-10
966 2.675061e-10
967 1.920651e-10
968 1.393889e-10
969 1.011277e-10
970 7.248478e-11
971 5.078030e-11
972 0.000000e+00
973 0.000000e+00
974 0.000000e+00
975 4.455195e-08
976 3.915096e-08
977 3.311946e-08
978 2.704241e-08
979 2.144843e-08
980 1.662957e-08
981 1.259050e-08
982 9.200610e-09
983 6.434513e-09
984 4.393206e-09
985 2.982268e-09
986 1.978531e-09
987 1.312012e-09
988 8.752640e-10
989 5.911748e-10
990 4.066745e-10
991 2.862285e-10
992 2.053976e-10
993 1.491442e-10
994 1.083505e-10
995 7.784739e-11
996 5.465489e-11
997 0.000000e+00
998 0.000000e+00
999 0.000000e+00
1000 4.015062e-08
1001 3.519046e-08
1002 2.974342e-08
1003 2.429991e-08
1004 1.928993e-08
1005 1.494299e-08
1006 1.128649e-08
1007 8.249075e-09
1008 5.806127e-09
1009 3.981268e-09
1010 2.697330e-09
1011 1.800042e-09
1012 1.196046e-09
1013 7.982866e-10
1014 5.393308e-10
1015 3.707493e-10
1016 2.602217e-10
1017 1.859850e-10
1018 1.344184e-10
1019 9.722140e-11
1020 6.959886e-11
1021 4.883264e-11
1022 0.000000e+00
1023 0.000000e+00
1024 0.000000e+00
1025 4.359083e-08
1026 3.847230e-08
1027 3.273088e-08
1028 2.689220e-08
1029 2.144205e-08
1030 1.667764e-08
1031 1.266178e-08
1032 9.315783e-09
1033 6.594018e-09
1034 4.528620e-09
1035 3.074246e-09
1036 2.055044e-09
1037 1.364433e-09
1038 9.082922e-10
1039 6.120596e-10
1040 4.190369e-10
1041 2.929829e-10
1042 2.088998e-10
1043 1.508997e-10
1044 1.093268e-10
1045 7.857516e-11
1046 5.544442e-11
1047 0.000000e+00
1048 0.000000e+00
1049 0.000000e+00
1050 4.642487e-08
1051 4.117253e-08
1052 3.518870e-08
1053 2.902194e-08
1054 2.320910e-08
1055 1.810165e-08
1056 1.379141e-08
1057 1.019196e-08
1058 7.240819e-09
1059 4.977627e-09
1060 3.383443e-09
1061 2.264201e-09
1062 1.502434e-09
1063 9.985032e-10
1064 6.717471e-10
1065 4.586435e-10
1066 3.198907e-10
1067 2.276789e-10
1068 1.643987e-10
1069 1.192667e-10
1070 8.596155e-11
1071 6.087485e-11
1072 0.000000e+00
1073 0.000000e+00
1074 0.000000e+00
1075 4.891930e-08
1076 4.355221e-08
1077 3.735704e-08
1078 3.089996e-08
1079 2.476981e-08
1080 1.935911e-08
1081 1.478761e-08
1082 1.096593e-08
1083 7.811974e-09
1084 5.373930e-09
1085 3.656408e-09
1086 2.448674e-09
1087 1.624555e-09
1088 1.078194e-09
1089 7.244432e-10
1090 4.935727e-10
1091 3.436232e-10
1092 2.443207e-10
1093 1.763431e-10
1094 1.280428e-10
1095 9.246878e-11
1096 6.567229e-11
1097 0.000000e+00
1098 0.000000e+00
1099 0.000000e+00
1100 5.207156e-08
1101 4.656031e-08
1102 4.009204e-08
1103 3.327475e-08
1104 2.673905e-08
1105 2.094585e-08
1106 1.604566e-08
1107 1.194157e-08
1108 8.532650e-09
1109 5.874578e-09
1110 4.000910e-09
1111 2.681691e-09
1112 1.778344e-09
1113 1.178827e-09
1114 7.906870e-10
1115 5.377056e-10
1116 3.735920e-10
1117 2.652283e-10
1118 1.913759e-10
1119 1.391050e-10
1120 1.006930e-10
1121 7.171890e-11
1122 0.000000e+00
1123 0.000000e+00
1124 0.000000e+00
1125 4.819287e-08
1126 4.297367e-08
1127 3.694828e-08
1128 3.065896e-08
1129 2.465405e-08
1130 1.931201e-08
1131 1.477036e-08
1132 1.097614e-08
1133 7.860811e-09
1134 5.441604e-09
1135 3.704280e-09
1136 2.488788e-09
1137 1.652979e-09
1138 1.098194e-09
1139 7.364726e-10
1140 5.009610e-10
1141 3.475403e-10
1142 2.461168e-10
1143 1.770135e-10
1144 1.281662e-10
1145 9.242664e-11
1146 6.569268e-11
1147 0.000000e+00
1148 0.000000e+00
1149 0.000000e+00
1150 5.187865e-08
1151 4.656411e-08
1152 4.029572e-08
1153 3.363478e-08
1154 2.717634e-08
1155 2.137036e-08
1156 1.641627e-08
1157 1.226874e-08
1158 8.843137e-09
1159 6.143672e-09
1160 4.186756e-09
1161 2.821176e-09
1162 1.872828e-09
1163 1.242846e-09
1164 8.312903e-10
1165 5.633850e-10
1166 3.893241e-10
1167 2.747012e-10
1168 1.971753e-10
1169 1.427965e-10
1170 1.032174e-10
1171 7.370187e-11
1172 0.000000e+00
1173 0.000000e+00
1174 0.000000e+00
1175 5.511946e-08
1176 4.972075e-08
1177 4.323800e-08
1178 3.624633e-08
1179 2.938873e-08
1180 2.318074e-08
1181 1.786028e-08
1182 1.340478e-08
1183 9.705271e-09
1184 6.758972e-09
1185 4.609935e-09
1186 3.112024e-09
1187 2.065471e-09
1188 1.369423e-09
1189 9.143626e-10
1190 6.181102e-10
1191 4.258836e-10
1192 2.997912e-10
1193 2.148908e-10
1194 1.556360e-10
1195 1.127168e-10
1196 8.073399e-11
1197 0.000000e+00
1198 0.000000e+00
1199 0.000000e+00
1200 5.920960e-08
1201 5.370876e-08
1202 4.695351e-08
1203 3.955021e-08
1204 3.219028e-08
1205 2.546516e-08
1206 1.968547e-08
1207 1.483838e-08
1208 1.079440e-08
1209 7.537105e-09
1210 5.144226e-09
1211 3.479661e-09
1212 2.308809e-09
1213 1.529444e-09
1214 1.019062e-09
1215 6.872445e-10
1216 4.720868e-10
1217 3.314813e-10
1218 2.372312e-10
1219 1.718556e-10
1220 1.246760e-10
1221 8.961504e-11
1222 0.000000e+00
1223 0.000000e+00
1224 0.000000e+00
1225 5.661704e-08
1226 5.127581e-08
1227 4.479958e-08
1228 3.773973e-08
1229 3.074545e-08
1230 2.434077e-08
1231 1.881567e-08
1232 1.417178e-08
1233 1.031891e-08
1234 7.236192e-09
1235 4.950225e-09
1236 3.346275e-09
1237 2.227377e-09
1238 1.476980e-09
1239 9.840555e-10
1240 6.636141e-10
1241 4.553874e-10
1242 3.190747e-10
1243 2.277692e-10
1244 1.645046e-10
1245 1.190091e-10
1246 8.536667e-11
1247 0.000000e+00
1248 0.000000e+00
1249 0.000000e+00
1250 6.070226e-08
1251 5.533322e-08
1252 4.865678e-08
1253 4.124650e-08
1254 3.377687e-08
1255 2.686095e-08
1256 2.084351e-08
1257 1.577837e-08
1258 1.156195e-08
1259 8.150428e-09
1260 5.585394e-09
1261 3.783002e-09
1262 2.521489e-09
1263 1.670978e-09
1264 1.110717e-09
1265 7.467975e-10
1266 5.102761e-10
1267 3.560770e-10
1268 2.534058e-10
1269 1.827715e-10
1270 1.323772e-10
1271 9.523869e-11
1272 0.000000e+00
1273 0.000000e+00
1274 0.000000e+00
1275 6.585348e-08
1276 6.044486e-08
1277 5.351873e-08
1278 4.566246e-08
1279 3.760160e-08
1280 3.002907e-08
1281 2.339542e-08
1282 1.779934e-08
1283 1.312594e-08
1284 9.300729e-09
1285 6.383958e-09
1286 4.332512e-09
1287 2.891334e-09
1288 1.914871e-09
1289 1.269700e-09
1290 8.512452e-10
1291 5.792539e-10
1292 4.025750e-10
1293 2.855869e-10
1294 2.057942e-10
1295 1.491877e-10
1296 1.076605e-10
1297 0.000000e+00
1298 0.000000e+00
1299 0.000000e+00
1300 6.584850e-08
1301 6.053309e-08
1302 5.370978e-08
1303 4.594442e-08
1304 3.794303e-08
1305 3.038646e-08
1306 2.371949e-08
1307 1.807493e-08
1308 1.336297e-08
1309 9.512971e-09
1310 6.556966e-09
1311 4.451429e-09
1312 2.979334e-09
1313 1.973848e-09
1314 1.308891e-09
1315 8.761790e-10
1316 5.949855e-10
1317 4.121948e-10
1318 2.914245e-10
1319 2.092691e-10
1320 1.513827e-10
1321 1.091541e-10
1322 0.000000e+00
1323 0.000000e+00
1324 0.000000e+00
1325 7.225921e-08
1326 6.700008e-08
1327 5.998798e-08
1328 5.176815e-08
1329 4.309381e-08
1330 3.473322e-08
1331 2.726151e-08
1332 2.089912e-08
1333 1.557521e-08
1334 1.118322e-08
1335 7.743159e-09
1336 5.266695e-09
1337 3.537151e-09
1338 2.342314e-09
1339 1.550039e-09
1340 1.033599e-09
1341 6.981279e-10
1342 4.806234e-10
1343 3.379130e-10
1344 2.417746e-10
1345 1.747151e-10
1346 1.262922e-10
1347 0.000000e+00
1348 0.000000e+00
1349 0.000000e+00
1350 8.085076e-08
1351 7.586065e-08
1352 6.878671e-08
1353 6.016218e-08
1354 5.073621e-08
1355 4.136290e-08
1356 3.277022e-08
1357 2.534120e-08
1358 1.909546e-08
1359 1.391001e-08
1360 9.753392e-09
1361 6.665410e-09
1362 4.498500e-09
1363 2.988224e-09
1364 1.974708e-09
1365 1.309155e-09
1366 8.776162e-10
1367 5.977080e-10
1368 4.155321e-10
1369 2.945053e-10
1370 2.116440e-10
1371 1.527578e-10
1372 0.000000e+00
1373 0.000000e+00
1374 0.000000e+00
1375 5.384753e-07
1376 4.703042e-07
1377 3.905638e-07
1378 3.197015e-07
1379 2.626697e-07
1380 2.060777e-07
1381 1.500516e-07
1382 1.049887e-07
1383 7.331782e-08
1384 4.895318e-08
1385 3.230150e-08
1386 0.000000e+00
1387 0.000000e+00
1388 0.000000e+00
1389 0.000000e+00
1390 0.000000e+00
1391 0.000000e+00
1392 0.000000e+00
1393 0.000000e+00
1394 0.000000e+00
1395 0.000000e+00
1396 0.000000e+00
1397 0.000000e+00
1398 0.000000e+00
1399 0.000000e+00
1400 6.846310e-07
1401 6.004276e-07
1402 4.998833e-07
1403 4.090072e-07
1404 3.358357e-07
1405 2.648837e-07
1406 1.939667e-07
1407 1.355881e-07
1408 9.494693e-08
1409 6.348425e-08
1410 4.193979e-08
1411 0.000000e+00
1412 0.000000e+00
1413 0.000000e+00
1414 0.000000e+00
1415 0.000000e+00
1416 0.000000e+00
1417 0.000000e+00
1418 0.000000e+00
1419 0.000000e+00
1420 0.000000e+00
1421 0.000000e+00
1422 0.000000e+00
1423 0.000000e+00
1424 0.000000e+00
1425 7.836920e-07
1426 6.886216e-07
1427 5.739772e-07
1428 4.695360e-07
1429 3.854258e-07
1430 3.047407e-07
1431 2.237296e-07
1432 1.563264e-07
1433 1.096055e-07
1434 7.333180e-08
1435 4.847223e-08
1436 0.000000e+00
1437 0.000000e+00
1438 0.000000e+00
1439 0.000000e+00
1440 0.000000e+00
1441 0.000000e+00
1442 0.000000e+00
1443 0.000000e+00
1444 0.000000e+00
1445 0.000000e+00
1446 0.000000e+00
1447 0.000000e+00
1448 0.000000e+00
1449 0.000000e+00
1450 8.586714e-07
1451 7.553757e-07
1452 6.300589e-07
1453 5.153504e-07
1454 4.229595e-07
1455 3.349083e-07
1456 2.462616e-07
1457 1.720240e-07
1458 1.207004e-07
1459 8.078572e-08
1460 5.341614e-08
1461 0.000000e+00
1462 0.000000e+00
1463 0.000000e+00
1464 0.000000e+00
1465 0.000000e+00
1466 0.000000e+00
1467 0.000000e+00
1468 0.000000e+00
1469 0.000000e+00
1470 0.000000e+00
1471 0.000000e+00
1472 0.000000e+00
1473 0.000000e+00
1474 0.000000e+00
1475 9.194715e-07
1476 8.095042e-07
1477 6.755335e-07
1478 5.524996e-07
1479 4.533950e-07
1480 3.593702e-07
1481 2.645295e-07
1482 1.847524e-07
1483 1.296967e-07
1484 8.683015e-08
1485 5.742543e-08
1486 0.000000e+00
1487 0.000000e+00
1488 0.000000e+00
1489 0.000000e+00
1490 0.000000e+00
1491 0.000000e+00
1492 0.000000e+00
1493 0.000000e+00
1494 0.000000e+00
1495 0.000000e+00
1496 0.000000e+00
1497 0.000000e+00
1498 0.000000e+00
1499 0.000000e+00
1500 9.696132e-07
1501 8.541452e-07
1502 7.130375e-07
1503 5.831340e-07
1504 4.784960e-07
1505 3.795446e-07
1506 2.795916e-07
1507 1.952499e-07
1508 1.371168e-07
1509 9.181512e-08
1510 6.073197e-08
1511 0.000000e+00
1512 0.000000e+00
1513 0.000000e+00
1514 0.000000e+00
1515 0.000000e+00
1516 0.000000e+00
1517 0.000000e+00
1518 0.000000e+00
1519 0.000000e+00
1520 0.000000e+00
1521 0.000000e+00
1522 0.000000e+00
1523 0.000000e+00
1524 0.000000e+00
1525 1.013792e-06
1526 8.934778e-07
1527 7.460758e-07
1528 6.101283e-07
1529 5.006120e-07
1530 3.973175e-07
1531 2.928658e-07
1532 2.044968e-07
1533 1.436545e-07
1534 9.620732e-08
1535 6.364533e-08
1536 0.000000e+00
1537 0.000000e+00
1538 0.000000e+00
1539 0.000000e+00
1540 0.000000e+00
1541 0.000000e+00
1542 0.000000e+00
1543 0.000000e+00
1544 0.000000e+00
1545 0.000000e+00
1546 0.000000e+00
1547 0.000000e+00
1548 0.000000e+00
1549 0.000000e+00
1550 1.069565e-06
1551 9.431278e-07
1552 7.877835e-07
1553 6.442000e-07
1554 5.285265e-07
1555 4.197548e-07
1556 3.096241e-07
1557 2.161708e-07
1558 1.519059e-07
1559 1.017508e-07
1560 6.732221e-08
1561 0.000000e+00
1562 0.000000e+00
1563 0.000000e+00
1564 0.000000e+00
1565 0.000000e+00
1566 0.000000e+00
1567 0.000000e+00
1568 0.000000e+00
1569 0.000000e+00
1570 0.000000e+00
1571 0.000000e+00
1572 0.000000e+00
1573 0.000000e+00
1574 0.000000e+00
1575 2.372631e-07
1576 2.338469e-07
1577 2.156486e-07
1578 1.850971e-07
1579 1.510806e-07
1580 1.230727e-07
1581 1.024146e-07
1582 7.946681e-08
1583 5.458256e-08
1584 3.937016e-08
1585 2.667326e-08
1586 1.773848e-08
1587 1.158088e-08
1588 0.000000e+00
1589 0.000000e+00
1590 0.000000e+00
1591 0.000000e+00
1592 0.000000e+00
1593 0.000000e+00
1594 0.000000e+00
1595 0.000000e+00
1596 0.000000e+00
1597 0.000000e+00
1598 0.000000e+00
1599 0.000000e+00
1600 3.430594e-07
1601 3.385991e-07
1602 3.129606e-07
1603 2.692681e-07
1604 2.200237e-07
1605 1.790552e-07
1606 1.489220e-07
1607 1.161915e-07
1608 8.002073e-08
1609 5.758733e-08
1610 3.909451e-08
1611 2.605831e-08
1612 1.699100e-08
1613 0.000000e+00
1614 0.000000e+00
1615 0.000000e+00
1616 0.000000e+00
1617 0.000000e+00
1618 0.000000e+00
1619 0.000000e+00
1620 0.000000e+00
1621 0.000000e+00
1622 0.000000e+00
1623 0.000000e+00
1624 0.000000e+00
1625 4.230467e-07
1626 4.177992e-07
1627 3.865263e-07
1628 3.329062e-07
1629 2.721434e-07
1630 2.213850e-07
1631 1.840882e-07
1632 1.439529e-07
1633 9.924843e-08
1634 7.135810e-08
1635 4.848364e-08
1636 3.234702e-08
1637 2.108049e-08
1638 0.000000e+00
1639 0.000000e+00
1640 0.000000e+00
1641 0.000000e+00
1642 0.000000e+00
1643 0.000000e+00
1644 0.000000e+00
1645 0.000000e+00
1646 0.000000e+00
1647 0.000000e+00
1648 0.000000e+00
1649 0.000000e+00
1650 4.879244e-07
1651 4.820254e-07
1652 4.461956e-07
1653 3.845278e-07
1654 3.144149e-07
1655 2.557129e-07
1656 2.126067e-07
1657 1.664698e-07
1658 1.148454e-07
1659 8.252740e-08
1660 5.609853e-08
1661 3.744749e-08
1662 2.439721e-08
1663 0.000000e+00
1664 0.000000e+00
1665 0.000000e+00
1666 0.000000e+00
1667 0.000000e+00
1668 0.000000e+00
1669 0.000000e+00
1670 0.000000e+00
1671 0.000000e+00
1672 0.000000e+00
1673 0.000000e+00
1674 0.000000e+00
1675 5.414388e-07
1676 5.350083e-07
1677 4.954267e-07
1678 4.270972e-07
1679 3.492824e-07
1680 2.840282e-07
1681 2.361300e-07
1682 1.850427e-07
1683 1.277092e-07
1684 9.174027e-08
1685 6.237959e-08
1686 4.165514e-08
1687 2.713298e-08
1688 0.000000e+00
1689 0.000000e+00
1690 0.000000e+00
1691 0.000000e+00
1692 0.000000e+00
1693 0.000000e+00
1694 0.000000e+00
1695 0.000000e+00
1696 0.000000e+00
1697 0.000000e+00
1698 0.000000e+00
1699 0.000000e+00
1700 5.885694e-07
1701 5.816708e-07
1702 5.387744e-07
1703 4.645917e-07
1704 3.799865e-07
1705 3.089674e-07
1706 2.568443e-07
1707 2.013999e-07
1708 1.390384e-07
1709 9.985548e-08
1710 6.791133e-08
1711 4.536035e-08
1712 2.954237e-08
1713 0.000000e+00
1714 0.000000e+00
1715 0.000000e+00
1716 0.000000e+00
1717 0.000000e+00
1718 0.000000e+00
1719 0.000000e+00
1720 0.000000e+00
1721 0.000000e+00
1722 0.000000e+00
1723 0.000000e+00
1724 0.000000e+00
1725 6.480265e-07
1726 6.405377e-07
1727 5.934579e-07
1728 5.118942e-07
1729 4.187269e-07
1730 3.404280e-07
1731 2.829845e-07
1732 2.220364e-07
1733 1.533316e-07
1734 1.100922e-07
1735 7.489031e-08
1736 5.003501e-08
1737 3.258214e-08
1738 0.000000e+00
1739 0.000000e+00
1740 0.000000e+00
1741 0.000000e+00
1742 0.000000e+00
1743 0.000000e+00
1744 0.000000e+00
1745 0.000000e+00
1746 0.000000e+00
1747 0.000000e+00
1748 0.000000e+00
1749 0.000000e+00
1750 1.245908e-07
1751 1.297760e-07
1752 1.280611e-07
1753 1.180750e-07
1754 1.012098e-07
1755 8.242969e-08
1756 6.705277e-08
1757 5.589649e-08
1758 4.336913e-08
1759 2.939050e-08
1760 2.150472e-08
1761 1.439826e-08
1762 9.560532e-09
1763 6.237714e-09
1764 0.000000e+00
1765 0.000000e+00
1766 0.000000e+00
1767 0.000000e+00
1768 0.000000e+00
1769 0.000000e+00
1770 0.000000e+00
1771 0.000000e+00
1772 0.000000e+00
1773 0.000000e+00
1774 0.000000e+00
1775 2.021304e-07
1776 2.105239e-07
1777 2.079678e-07
1778 1.921460e-07
1779 1.650418e-07
1780 1.345367e-07
1781 1.093263e-07
1782 9.108993e-08
1783 7.105832e-08
1784 4.828207e-08
1785 3.523911e-08
1786 2.362753e-08
1787 1.573254e-08
1788 1.024869e-08
1789 0.000000e+00
1790 0.000000e+00
1791 0.000000e+00
1792 0.000000e+00
1793 0.000000e+00
1794 0.000000e+00
1795 0.000000e+00
1796 0.000000e+00
1797 0.000000e+00
1798 0.000000e+00
1799 0.000000e+00
1800 2.644110e-07
1801 2.753687e-07
1802 2.721454e-07
1803 2.516286e-07
1804 2.162876e-07
1805 1.763491e-07
1806 1.432628e-07
1807 1.193444e-07
1808 9.327162e-08
1809 6.342972e-08
1810 4.625788e-08
1811 3.102766e-08
1812 2.068044e-08
1813 1.346423e-08
1814 0.000000e+00
1815 0.000000e+00
1816 0.000000e+00
1817 0.000000e+00
1818 0.000000e+00
1819 0.000000e+00
1820 0.000000e+00
1821 0.000000e+00
1822 0.000000e+00
1823 0.000000e+00
1824 0.000000e+00
1825 3.157677e-07
1826 3.288383e-07
1827 3.250571e-07
1828 3.006654e-07
1829 2.585351e-07
1830 2.108291e-07
1831 1.712411e-07
1832 1.426403e-07
1833 1.115879e-07
1834 7.591861e-08
1835 5.534670e-08
1836 3.713041e-08
1837 2.476085e-08
1838 1.611602e-08
1839 0.000000e+00
1840 0.000000e+00
1841 0.000000e+00
1842 0.000000e+00
1843 0.000000e+00
1844 0.000000e+00
1845 0.000000e+00
1846 0.000000e+00
1847 0.000000e+00
1848 0.000000e+00
1849 0.000000e+00
1850 3.610176e-07
1851 3.759500e-07
1852 3.716742e-07
1853 3.438744e-07
1854 2.957609e-07
1855 2.412091e-07
1856 1.958935e-07
1857 1.631661e-07
1858 1.277223e-07
1859 8.692393e-08
1860 6.335119e-08
1861 4.250316e-08
1862 2.835608e-08
1863 1.845060e-08
1864 0.000000e+00
1865 0.000000e+00
1866 0.000000e+00
1867 0.000000e+00
1868 0.000000e+00
1869 0.000000e+00
1870 0.000000e+00
1871 0.000000e+00
1872 0.000000e+00
1873 0.000000e+00
1874 0.000000e+00
1875 4.181382e-07
1876 4.353773e-07
1877 4.305140e-07
1878 3.984091e-07
1879 3.427231e-07
1880 2.795522e-07
1881 2.270077e-07
1882 1.890719e-07
1883 1.480903e-07
1884 1.008063e-07
1885 7.345567e-08
1886 4.928897e-08
1887 3.289370e-08
1888 2.139921e-08
1889 0.000000e+00
1890 0.000000e+00
1891 0.000000e+00
1892 0.000000e+00
1893 0.000000e+00
1894 0.000000e+00
1895 0.000000e+00
1896 0.000000e+00
1897 0.000000e+00
1898 0.000000e+00
1899 0.000000e+00
1900 1.332216e-07
1901 1.431013e-07
1902 1.471078e-07
1903 1.428403e-07
1904 1.293232e-07
1905 1.090895e-07
1906 8.829215e-08
1907 7.226675e-08
1908 6.019238e-08
1909 4.488642e-08
1910 3.029926e-08
1911 2.198498e-08
1912 1.474248e-08
1913 9.580058e-09
1914 6.275757e-09
1915 0.000000e+00
1916 0.000000e+00
1917 0.000000e+00
1918 0.000000e+00
1919 0.000000e+00
1920 0.000000e+00
1921 0.000000e+00
1922 0.000000e+00
1923 0.000000e+00
1924 0.000000e+00
1925 1.814527e-07
1926 1.948234e-07
1927 2.002926e-07
1928 1.945612e-07
1929 1.762308e-07
1930 1.487413e-07
1931 1.203995e-07
1932 9.849903e-08
1933 8.205303e-08
1934 6.129677e-08
1935 4.135722e-08
1936 3.004473e-08
1937 2.013320e-08
1938 1.309332e-08
1939 8.575472e-09
1940 0.000000e+00
1941 0.000000e+00
1942 0.000000e+00
1943 0.000000e+00
1944 0.000000e+00
1945 0.000000e+00
1946 0.000000e+00
1947 0.000000e+00
1948 0.000000e+00
1949 0.000000e+00
1950 2.239456e-07
1951 2.403854e-07
1952 2.471352e-07
1953 2.401116e-07
1954 2.175487e-07
1955 1.836623e-07
1956 1.486762e-07
1957 1.216120e-07
1958 1.013055e-07
1959 7.575467e-08
1960 5.109664e-08
1961 3.714558e-08
1962 2.488241e-08
1963 1.618882e-08
1964 1.060158e-08
1965 0.000000e+00
1966 0.000000e+00
1967 0.000000e+00
1968 0.000000e+00
1969 0.000000e+00
1970 0.000000e+00
1971 0.000000e+00
1972 0.000000e+00
1973 0.000000e+00
1974 0.000000e+00
1975 2.775562e-07
1976 2.978693e-07
1977 3.062410e-07
1978 2.975879e-07
1979 2.696808e-07
1980 2.277270e-07
1981 1.843623e-07
1982 1.507634e-07
1983 1.256028e-07
1984 9.399413e-08
1985 6.338807e-08
1986 4.610267e-08
1987 3.087379e-08
1988 2.009350e-08
1989 1.315734e-08
1990 0.000000e+00
1991 0.000000e+00
1992 0.000000e+00
1993 0.000000e+00
1994 0.000000e+00
1995 0.000000e+00
1996 0.000000e+00
1997 0.000000e+00
1998 0.000000e+00
1999 0.000000e+00
2000 9.441217e-08
2001 1.035076e-07
2002 1.092401e-07
2003 1.099506e-07
2004 1.040325e-07
2005 9.127975e-08
2006 7.515106e-08
2007 6.070793e-08
2008 5.035375e-08
2009 4.091849e-08
2010 2.848443e-08
2011 2.022552e-08
2012 1.374476e-08
2013 9.302010e-09
2014 5.963067e-09
2015 0.000000e+00
2016 0.000000e+00
2017 0.000000e+00
2018 0.000000e+00
2019 0.000000e+00
2020 0.000000e+00
2021 0.000000e+00
2022 0.000000e+00
2023 0.000000e+00
2024 0.000000e+00
2025 1.339183e-07
2026 1.467222e-07
2027 1.548071e-07
2028 1.558151e-07
2029 1.474811e-07
2030 1.294886e-07
2031 1.066459e-07
2032 8.613803e-08
2033 7.142253e-08
2034 5.810048e-08
2035 4.049814e-08
2036 2.870763e-08
2037 1.953761e-08
2038 1.322508e-08
2039 8.475372e-09
2040 0.000000e+00
2041 0.000000e+00
2042 0.000000e+00
2043 0.000000e+00
2044 0.000000e+00
2045 0.000000e+00
2046 0.000000e+00
2047 0.000000e+00
2048 0.000000e+00
2049 0.000000e+00
2050 1.837671e-07
2051 2.012421e-07
2052 2.122958e-07
2053 2.136742e-07
2054 2.022978e-07
2055 1.776959e-07
2056 1.463814e-07
2057 1.182220e-07
2058 9.800403e-08
2059 7.977851e-08
2060 5.565399e-08
2061 3.940981e-08
2062 2.684589e-08
2063 1.817444e-08
2064 1.164491e-08
2065 0.000000e+00
2066 0.000000e+00
2067 0.000000e+00
2068 0.000000e+00
2069 0.000000e+00
2070 0.000000e+00
2071 0.000000e+00
2072 0.000000e+00
2073 0.000000e+00
2074 0.000000e+00
2075 7.273183e-08
2076 8.098216e-08
2077 8.729396e-08
2078 9.017238e-08
2079 8.797344e-08
2080 8.001708e-08
2081 6.783262e-08
2082 5.492873e-08
2083 4.482922e-08
2084 3.736973e-08
2085 2.822779e-08
2086 1.887100e-08
2087 1.381666e-08
2088 9.187610e-09
2089 5.968239e-09
2090 3.887660e-09
2091 0.000000e+00
2092 0.000000e+00
2093 0.000000e+00
2094 0.000000e+00
2095 0.000000e+00
2096 0.000000e+00
2097 0.000000e+00
2098 0.000000e+00
2099 0.000000e+00
2100 1.187570e-07
2101 1.320555e-07
2102 1.422544e-07
2103 1.469378e-07
2104 1.434072e-07
2105 1.304936e-07
2106 1.106666e-07
2107 8.962989e-08
2108 7.312012e-08
2109 6.095541e-08
2110 4.611203e-08
2111 3.082606e-08
2112 2.259057e-08
2113 1.501164e-08
2114 9.759675e-09
2115 6.355366e-09
2116 0.000000e+00
2117 0.000000e+00
2118 0.000000e+00
2119 0.000000e+00
2120 0.000000e+00
2121 0.000000e+00
2122 0.000000e+00
2123 0.000000e+00
2124 0.000000e+00
2125 7.300792e-08
2126 8.229530e-08
2127 8.988728e-08
2128 9.451037e-08
2129 9.477201e-08
2130 8.919949e-08
2131 7.771632e-08
2132 6.372388e-08
2133 5.149090e-08
2134 4.280125e-08
2135 3.444662e-08
2136 2.368824e-08
2137 1.702684e-08
2138 1.138512e-08
2139 7.656485e-09
2140 4.891817e-09
2141 0.000000e+00
2142 0.000000e+00
2143 0.000000e+00
2144 0.000000e+00
2145 0.000000e+00
2146 0.000000e+00
2147 0.000000e+00
2148 0.000000e+00
2149 0.000000e+00
2150 3.894475e-08
2151 4.437355e-08
2152 4.917483e-08
2153 5.263002e-08
2154 5.376886e-08
2155 5.180663e-08
2156 4.655978e-08
2157 3.898383e-08
2158 3.145773e-08
2159 2.584077e-08
2160 2.149031e-08
2161 1.568279e-08
2162 1.060886e-08
2163 7.542674e-09
2164 5.062648e-09
2165 3.223014e-09
2166 2.088947e-09
2167 0.000000e+00
2168 0.000000e+00
2169 0.000000e+00
2170 0.000000e+00
2171 0.000000e+00
2172 0.000000e+00
2173 0.000000e+00
2174 0.000000e+00
2175 4.252390e-05
2176 3.740731e-05
2177 3.117985e-05
2178 2.547727e-05
2179 2.093037e-05
2180 1.662199e-05
2181 1.219476e-05
2182 8.513629e-06
2183 5.986449e-06
2184 4.002784e-06
2185 2.644476e-06
2186 0.000000e+00
2187 0.000000e+00
2188 0.000000e+00
2189 0.000000e+00
2190 0.000000e+00
2191 0.000000e+00
2192 0.000000e+00
2193 0.000000e+00
2194 0.000000e+00
2195 0.000000e+00
2196 0.000000e+00
2197 0.000000e+00
2198 0.000000e+00
2199 0.000000e+00
2200 2.506960e-05
2201 2.476610e-05
2202 2.293935e-05
2203 1.978040e-05
2204 1.616814e-05
2205 1.313895e-05
2206 1.093038e-05
2207 8.588301e-06
2208 5.907352e-06
2209 4.260876e-06
2210 2.888963e-06
2211 1.931780e-06
2212 1.257930e-06
2213 0.000000e+00
2214 0.000000e+00
2215 0.000000e+00
2216 0.000000e+00
2217 0.000000e+00
2218 0.000000e+00
2219 0.000000e+00
2220 0.000000e+00
2221 0.000000e+00
2222 0.000000e+00
2223 0.000000e+00
2224 0.000000e+00
2225 1.649885e-05
2226 1.716330e-05
2227 1.696495e-05
2228 1.569524e-05
2229 1.349654e-05
2230 1.100589e-05
2231 8.933793e-06
2232 7.444009e-06
2233 5.833045e-06
2234 3.963667e-06
2235 2.897989e-06
2236 1.939881e-06
2237 1.295243e-06
2238 8.428245e-07
2239 0.000000e+00
2240 0.000000e+00
2241 0.000000e+00
2242 0.000000e+00
2243 0.000000e+00
2244 0.000000e+00
2245 0.000000e+00
2246 0.000000e+00
2247 0.000000e+00
2248 0.000000e+00
2249 0.000000e+00
2250 1.127157e-05
2251 1.208050e-05
2252 1.241157e-05
2253 1.205430e-05
2254 1.092246e-05
2255 9.225598e-06
2256 7.466245e-06
2257 6.104640e-06
2258 5.087086e-06
2259 3.811170e-06
2260 2.563994e-06
2261 1.868729e-06
2262 1.251038e-06
2263 8.139032e-07
2264 5.332365e-07
2265 0.000000e+00
2266 0.000000e+00
2267 0.000000e+00
2268 0.000000e+00
2269 0.000000e+00
2270 0.000000e+00
2271 0.000000e+00
2272 0.000000e+00
2273 0.000000e+00
2274 0.000000e+00
2275 7.992707e-06
2276 8.735459e-06
2277 9.203712e-06
2278 9.258717e-06
2279 8.768760e-06
2280 7.704059e-06
2281 6.344766e-06
2282 5.123551e-06
2283 4.246788e-06
2284 3.462239e-06
2285 2.414499e-06
2286 1.708396e-06
2287 1.163961e-06
2288 7.889018e-07
2289 5.051149e-07
2290 0.000000e+00
2291 0.000000e+00
2292 0.000000e+00
2293 0.000000e+00
2294 0.000000e+00
2295 0.000000e+00
2296 0.000000e+00
2297 0.000000e+00
2298 0.000000e+00
2299 0.000000e+00
2300 5.836648e-06
2301 6.473076e-06
2302 6.963082e-06
2303 7.189582e-06
2304 7.014952e-06
2305 6.383518e-06
2306 5.415129e-06
2307 4.385706e-06
2308 3.576677e-06
2309 2.981868e-06
2310 2.258712e-06
2311 1.507765e-06
2312 1.107097e-06
2313 7.352268e-07
2314 4.781970e-07
2315 3.114316e-07
2316 0.000000e+00
2317 0.000000e+00
2318 0.000000e+00
2319 0.000000e+00
2320 0.000000e+00
2321 0.000000e+00
2322 0.000000e+00
2323 0.000000e+00
2324 0.000000e+00
2325 4.347612e-06
2326 4.884121e-06
2327 5.323833e-06
2328 5.591402e-06
2329 5.604648e-06
2330 5.278190e-06
2331 4.599961e-06
2332 3.771968e-06
2333 3.047291e-06
2334 2.532404e-06
2335 2.040950e-06
2336 1.404536e-06
2337 1.008202e-06
2338 6.745528e-07
2339 4.540556e-07
2340 2.899611e-07
2341 0.000000e+00
2342 0.000000e+00
2343 0.000000e+00
2344 0.000000e+00
2345 0.000000e+00
2346 0.000000e+00
2347 0.000000e+00
2348 0.000000e+00
2349 0.000000e+00
2350 2.957559e-06
2351 3.351604e-06
2352 3.702458e-06
2353 3.956998e-06
2354 4.040058e-06
2355 3.892308e-06
2356 3.499396e-06
2357 2.932266e-06
2358 2.365678e-06
2359 1.942221e-06
2360 1.615536e-06
2361 1.182450e-06
2362 7.981501e-07
2363 5.687633e-07
2364 3.814644e-07
2365 2.429445e-07
2366 1.574992e-07
2367 0.000000e+00
2368 0.000000e+00
2369 0.000000e+00
2370 0.000000e+00
2371 0.000000e+00
2372 0.000000e+00
2373 0.000000e+00
2374 0.000000e+00
2375 1.656545e-06
2376 1.897138e-06
2377 2.118456e-06
2378 2.294109e-06
2379 2.392679e-06
2380 2.371763e-06
2381 2.193505e-06
2382 1.882987e-06
2383 1.533969e-06
2384 1.242828e-06
2385 1.036496e-06
2386 8.095950e-07
2387 5.454843e-07
2388 4.012124e-07
2389 2.636588e-07
2390 1.736895e-07
2391 1.112994e-07
2392 0.000000e+00
2393 0.000000e+00
2394 0.000000e+00
2395 0.000000e+00
2396 0.000000e+00
2397 0.000000e+00
2398 0.000000e+00
2399 0.000000e+00
2400 7.061771e-07
2401 8.153944e-07
2402 9.215162e-07
2403 1.013307e-06
2404 1.074060e-06
2405 1.087021e-06
2406 1.037562e-06
2407 9.210085e-07
2408 7.624683e-07
2409 6.150401e-07
2410 5.079072e-07
2411 4.188342e-07
2412 2.963354e-07
2413 2.054439e-07
2414 1.417007e-07
2415 9.534614e-08
2416 6.014920e-08
2417 3.853579e-08
2418 0.000000e+00
2419 0.000000e+00
2420 0.000000e+00
2421 0.000000e+00
2422 0.000000e+00
2423 0.000000e+00
2424 0.000000e+00
2425 0.000000e+00
2426 0.000000e+00
2427 0.000000e+00
2428 0.000000e+00
2429 0.000000e+00
2430 0.000000e+00
2431 0.000000e+00
2432 2.583524e-07
2433 1.817309e-07
2434 1.217903e-07
2435 8.061595e-08
2436 0.000000e+00
2437 0.000000e+00
2438 0.000000e+00
2439 0.000000e+00
2440 0.000000e+00
2441 0.000000e+00
2442 0.000000e+00
2443 0.000000e+00
2444 0.000000e+00
2445 0.000000e+00
2446 0.000000e+00
2447 0.000000e+00
2448 0.000000e+00
2449 0.000000e+00
2450 0.000000e+00
2451 0.000000e+00
2452 0.000000e+00
2453 0.000000e+00
2454 0.000000e+00
2455 0.000000e+00
2456 0.000000e+00
2457 2.966848e-07
2458 2.050347e-07
2459 1.471284e-07
2460 1.001409e-07
2461 6.694863e-08
2462 4.358018e-08
2463 0.000000e+00
2464 0.000000e+00
2465 0.000000e+00
2466 0.000000e+00
2467 0.000000e+00
2468 0.000000e+00
2469 0.000000e+00
2470 0.000000e+00
2471 0.000000e+00
2472 0.000000e+00
2473 0.000000e+00
2474 0.000000e+00
2475 0.000000e+00
2476 0.000000e+00
2477 0.000000e+00
2478 0.000000e+00
2479 0.000000e+00
2480 0.000000e+00
2481 0.000000e+00
2482 2.826984e-07
2483 2.217204e-07
2484 1.510163e-07
2485 1.099778e-07
2486 7.382184e-08
2487 4.929874e-08
2488 3.205957e-08
2489 0.000000e+00
2490 0.000000e+00
2491 0.000000e+00
2492 0.000000e+00
2493 0.000000e+00
2494 0.000000e+00
2495 0.000000e+00
2496 0.000000e+00
2497 0.000000e+00
2498 0.000000e+00
2499 0.000000e+00
2500 0.000000e+00
2501 0.000000e+00
2502 0.000000e+00
2503 0.000000e+00
2504 0.000000e+00
2505 0.000000e+00
2506 0.000000e+00
2507 2.562292e-07
2508 2.134752e-07
2509 1.599663e-07
2510 1.078417e-07
2511 7.850612e-08
2512 5.254486e-08
2513 3.421948e-08
2514 2.240332e-08
2515 0.000000e+00
2516 0.000000e+00
2517 0.000000e+00
2518 0.000000e+00
2519 0.000000e+00
2520 0.000000e+00
2521 0.000000e+00
2522 0.000000e+00
2523 0.000000e+00
2524 0.000000e+00
2525 0.000000e+00
2526 0.000000e+00
2527 0.000000e+00
2528 0.000000e+00
2529 0.000000e+00
2530 0.000000e+00
2531 0.000000e+00
2532 2.342483e-07
2533 1.941311e-07
2534 1.581810e-07
2535 1.104748e-07
2536 7.811287e-08
2537 5.328093e-08
2538 3.607698e-08
2539 2.310962e-08
2540 0.000000e+00
2541 0.000000e+00
2542 0.000000e+00
2543 0.000000e+00
2544 0.000000e+00
2545 0.000000e+00
2546 0.000000e+00
2547 0.000000e+00
2548 0.000000e+00
2549 0.000000e+00
2550 0.000000e+00
2551 0.000000e+00
2552 0.000000e+00
2553 0.000000e+00
2554 0.000000e+00
2555 0.000000e+00
2556 0.000000e+00
2557 2.152012e-07
2558 1.754945e-07
2559 1.463051e-07
2560 1.108254e-07
2561 7.408501e-08
2562 5.433856e-08
2563 3.608572e-08
2564 2.347886e-08
2565 1.528468e-08
2566 0.000000e+00
2567 0.000000e+00
2568 0.000000e+00
2569 0.000000e+00
2570 0.000000e+00
2571 0.000000e+00
2572 0.000000e+00
2573 0.000000e+00
2574 0.000000e+00
2575 0.000000e+00
2576 0.000000e+00
2577 0.000000e+00
2578 0.000000e+00
2579 0.000000e+00
2580 0.000000e+00
2581 0.000000e+00
2582 1.971757e-07
2583 1.592954e-07
2584 1.323644e-07
2585 1.066978e-07
2586 7.345198e-08
2587 5.269930e-08
2588 3.528892e-08
2589 2.374657e-08
2590 1.516328e-08
2591 0.000000e+00
2592 0.000000e+00
2593 0.000000e+00
2594 0.000000e+00
2595 0.000000e+00
2596 0.000000e+00
2597 0.000000e+00
2598 0.000000e+00
2599 0.000000e+00
2600 0.000000e+00
2601 0.000000e+00
2602 0.000000e+00
2603 0.000000e+00
2604 0.000000e+00
2605 0.000000e+00
2606 0.000000e+00
2607 1.781836e-07
2608 1.437871e-07
2609 1.180282e-07
2610 9.817360e-08
2611 7.190322e-08
2612 4.852811e-08
2613 3.461530e-08
2614 2.320383e-08
2615 1.478850e-08
2616 9.585309e-09
2617 0.000000e+00
2618 0.000000e+00
2619 0.000000e+00
2620 0.000000e+00
2621 0.000000e+00
2622 0.000000e+00
2623 0.000000e+00
2624 0.000000e+00
2625 0.000000e+00
2626 0.000000e+00
2627 0.000000e+00
2628 0.000000e+00
2629 0.000000e+00
2630 0.000000e+00
2631 0.000000e+00
2632 1.532866e-07
2633 1.249007e-07
2634 1.011971e-07
2635 8.437760e-08
2636 6.596615e-08
2637 4.448232e-08
2638 3.267239e-08
2639 2.148957e-08
2640 1.416522e-08
2641 9.073287e-09
2642 0.000000e+00
2643 0.000000e+00
2644 0.000000e+00
2645 0.000000e+00
2646 0.000000e+00
2647 0.000000e+00
2648 0.000000e+00
2649 0.000000e+00
2650 0.000000e+00
2651 0.000000e+00
2652 0.000000e+00
2653 0.000000e+00
2654 0.000000e+00
2655 0.000000e+00
2656 0.000000e+00
2657 1.209279e-07
2658 1.005239e-07
2659 8.115076e-08
2660 6.685763e-08
2661 5.523919e-08
2662 3.956325e-08
2663 2.721321e-08
2664 1.897539e-08
2665 1.272497e-08
2666 8.052847e-09
2667 5.162219e-09
2668 0.000000e+00
2669 0.000000e+00
2670 0.000000e+00
2671 0.000000e+00
2672 0.000000e+00
2673 0.000000e+00
2674 0.000000e+00
2675 0.000000e+00
2676 0.000000e+00
2677 0.000000e+00
2678 0.000000e+00
2679 0.000000e+00
2680 0.000000e+00
2681 0.000000e+00
2682 3.381339e-10
2683 2.225351e-10
2684 1.498530e-10
2685 1.048909e-10
2686 7.495186e-11
2687 5.498957e-11
2688 4.064991e-11
2689 2.978451e-11
2690 2.128469e-11
2691 1.463441e-11
2692 9.584284e-12
2693 5.952070e-12
2694 3.513604e-12
2695 1.988746e-12
2696 0.000000e+00
2697 0.000000e+00
2698 0.000000e+00
2699 0.000000e+00
2700 0.000000e+00
2701 0.000000e+00
2702 0.000000e+00
2703 0.000000e+00
2704 0.000000e+00
2705 0.000000e+00
2706 0.000000e+00
2707 2.247582e-09
2708 1.507878e-09
2709 9.917489e-10
2710 6.569233e-10
2711 4.423458e-10
2712 3.020344e-10
2713 2.115083e-10
2714 1.515438e-10
2715 1.102346e-10
2716 8.040575e-11
2717 5.798776e-11
2718 4.081717e-11
2719 2.776795e-11
2720 1.817359e-11
2721 0.000000e+00
2722 0.000000e+00
2723 0.000000e+00
2724 0.000000e+00
2725 0.000000e+00
2726 0.000000e+00
2727 0.000000e+00
2728 0.000000e+00
2729 0.000000e+00
2730 0.000000e+00
2731 0.000000e+00
2732 4.800749e-09
2733 3.274279e-09
2734 2.208073e-09
2735 1.459639e-09
2736 9.655132e-10
2737 6.479889e-10
2738 4.400135e-10
2739 3.058365e-10
2740 2.175742e-10
2741 1.575490e-10
2742 1.149006e-10
2743 8.330805e-11
2744 5.927581e-11
2745 4.093980e-11
2746 0.000000e+00
2747 0.000000e+00
2748 0.000000e+00
2749 0.000000e+00
2750 0.000000e+00
2751 0.000000e+00
2752 0.000000e+00
2753 0.000000e+00
2754 0.000000e+00
2755 0.000000e+00
2756 0.000000e+00
2757 7.927126e-09
2758 5.434850e-09
2759 3.714285e-09
2760 2.483046e-09
2761 1.646565e-09
2762 1.090082e-09
2763 7.320984e-10
2764 4.983998e-10
2765 3.473113e-10
2766 2.475840e-10
2767 1.795116e-10
2768 1.309541e-10
2769 9.489720e-11
2770 6.746633e-11
2771 0.000000e+00
2772 0.000000e+00
2773 0.000000e+00
2774 0.000000e+00
2775 0.000000e+00
2776 0.000000e+00
2777 0.000000e+00
2778 0.000000e+00
2779 0.000000e+00
2780 0.000000e+00
2781 0.000000e+00
2782 1.147616e-08
2783 8.051344e-09
2784 5.501865e-09
2785 3.747136e-09
2786 2.483453e-09
2787 1.644665e-09
2788 1.093966e-09
2789 7.359673e-10
2790 5.043976e-10
2791 3.538753e-10
2792 2.536513e-10
2793 1.844056e-10
2794 1.344792e-10
2795 9.712451e-11
2796 0.000000e+00
2797 0.000000e+00
2798 0.000000e+00
2799 0.000000e+00
2800 0.000000e+00
2801 0.000000e+00
2802 0.000000e+00
2803 0.000000e+00
2804 0.000000e+00
2805 0.000000e+00
2806 0.000000e+00
2807 1.547488e-08
2808 1.113938e-08
2809 7.684841e-09
2810 5.247416e-09
2811 3.524545e-09
2812 2.335077e-09
2813 1.542840e-09
2814 1.031113e-09
2815 6.973687e-10
2816 4.820342e-10
2817 3.409583e-10
2818 2.458838e-10
2819 1.791466e-10
2820 1.303624e-10
2821 0.000000e+00
2822 0.000000e+00
2823 0.000000e+00
2824 0.000000e+00
2825 0.000000e+00
2826 0.000000e+00
2827 0.000000e+00
2828 0.000000e+00
2829 0.000000e+00
2830 0.000000e+00
2831 0.000000e+00
2832 2.002724e-08
2833 1.473428e-08
2834 1.035139e-08
2835 7.078041e-09
2836 4.810247e-09
2837 3.189476e-09
2838 2.108600e-09
2839 1.398710e-09
2840 9.374831e-10
2841 6.393105e-10
2842 4.461268e-10
2843 3.181843e-10
2844 2.305496e-10
2845 1.680077e-10
2846 0.000000e+00
2847 0.000000e+00
2848 0.000000e+00
2849 0.000000e+00
2850 0.000000e+00
2851 0.000000e+00
2852 0.000000e+00
2853 0.000000e+00
2854 0.000000e+00
2855 0.000000e+00
2856 0.000000e+00
2857 2.511625e-08
2858 1.878621e-08
2859 1.346451e-08
2860 9.274931e-09
2861 6.321632e-09
2862 4.229748e-09
2863 2.797619e-09
2864 1.845197e-09
2865 1.229287e-09
2866 8.290237e-10
2867 5.708263e-10
2868 4.021279e-10
2869 2.888681e-10
2870 2.098749e-10
2871 0.000000e+00
2872 0.000000e+00
2873 0.000000e+00
2874 0.000000e+00
2875 0.000000e+00
2876 0.000000e+00
2877 0.000000e+00
2878 0.000000e+00
2879 0.000000e+00
2880 0.000000e+00
2881 0.000000e+00
2882 3.108709e-08
2883 2.355683e-08
2884 1.720542e-08
2885 1.201775e-08
2886 8.203193e-09
2887 5.546646e-09
2888 3.669469e-09
2889 2.417545e-09
2890 1.600591e-09
2891 1.069491e-09
2892 7.271301e-10
2893 5.054608e-10
2894 3.589545e-10
2895 2.590088e-10
2896 0.000000e+00
2897 0.000000e+00
2898 0.000000e+00
2899 0.000000e+00
2900 0.000000e+00
2901 0.000000e+00
2902 0.000000e+00
2903 0.000000e+00
2904 0.000000e+00
2905 0.000000e+00
2906 0.000000e+00
2907 4.179557e-08
2908 3.214204e-08
2909 2.402274e-08
2910 1.723431e-08
2911 1.189429e-08
2912 8.088876e-09
2913 5.407998e-09
2914 3.565320e-09
2915 2.342579e-09
2916 1.550014e-09
2917 1.036166e-09
2918 7.055900e-10
2919 4.910421e-10
2920 3.484509e-10
2921 0.000000e+00
2922 0.000000e+00
2923 0.000000e+00
2924 0.000000e+00
2925 0.000000e+00
2926 0.000000e+00
2927 0.000000e+00
2928 0.000000e+00
2929 0.000000e+00
2930 0.000000e+00
2931 0.000000e+00
2932 1.343403e-07
2933 1.096466e-07
2934 8.688683e-08
2935 6.727837e-08
2936 5.084167e-08
2937 3.704322e-08
2938 2.575302e-08
2939 1.747063e-08
2940 1.171597e-08
2941 7.653636e-09
2942 4.946869e-09
2943 3.194126e-09
2944 2.060950e-09
2945 1.339618e-09
2946 0.000000e+00
2947 0.000000e+00
2948 0.000000e+00
2949 0.000000e+00
2950 0.000000e+00
2951 0.000000e+00
2952 0.000000e+00
2953 0.000000e+00
2954 0.000000e+00
2955 0.000000e+00
2956 2.291284e-12
2957 1.677241e-12
2958 1.251017e-12
2959 9.138400e-13
2960 6.782645e-13
2961 0.000000e+00
2962 0.000000e+00
2963 0.000000e+00
2964 0.000000e+00
2965 0.000000e+00
2966 0.000000e+00
2967 0.000000e+00
2968 0.000000e+00
2969 0.000000e+00
2970 0.000000e+00
2971 0.000000e+00
2972 0.000000e+00
2973 0.000000e+00
2974 0.000000e+00
2975 0.000000e+00
2976 0.000000e+00
2977 0.000000e+00
2978 0.000000e+00
2979 0.000000e+00
2980 0.000000e+00
2981 1.836704e-12
2982 1.459896e-12
2983 1.035923e-12
2984 7.729830e-13
2985 5.590287e-13
2986 4.051858e-13
2987 2.946691e-13
2988 0.000000e+00
2989 0.000000e+00
2990 0.000000e+00
2991 0.000000e+00
2992 0.000000e+00
2993 0.000000e+00
2994 0.000000e+00
2995 0.000000e+00
2996 0.000000e+00
2997 0.000000e+00
2998 0.000000e+00
2999 0.000000e+00
3000 0.000000e+00
3001 0.000000e+00
3002 0.000000e+00
3003 0.000000e+00
3004 0.000000e+00
3005 0.000000e+00
3006 1.489927e-12
3007 1.243182e-12
3008 9.836337e-13
3009 6.830540e-13
3010 5.111978e-13
3011 3.611831e-13
3012 2.591796e-13
3013 1.852371e-13
3014 0.000000e+00
3015 0.000000e+00
3016 0.000000e+00
3017 0.000000e+00
3018 0.000000e+00
3019 0.000000e+00
3020 0.000000e+00
3021 0.000000e+00
3022 0.000000e+00
3023 0.000000e+00
3024 0.000000e+00
3025 0.000000e+00
3026 0.000000e+00
3027 0.000000e+00
3028 0.000000e+00
3029 0.000000e+00
3030 0.000000e+00
3031 1.287539e-12
3032 1.052845e-12
3033 8.787066e-13
3034 6.637104e-13
3035 4.528596e-13
3036 3.394553e-13
3037 2.368497e-13
3038 1.647561e-13
3039 1.172990e-13
3040 0.000000e+00
3041 0.000000e+00
3042 0.000000e+00
3043 0.000000e+00
3044 0.000000e+00
3045 0.000000e+00
3046 0.000000e+00
3047 0.000000e+00
3048 0.000000e+00
3049 0.000000e+00
3050 0.000000e+00
3051 0.000000e+00
3052 0.000000e+00
3053 0.000000e+00
3054 0.000000e+00
3055 0.000000e+00
3056 1.139802e-12
3057 9.205108e-13
3058 7.621690e-13
3059 6.232061e-13
3060 4.400426e-13
3061 3.123496e-13
3062 2.186959e-13
3063 1.538159e-13
3064 1.046424e-13
3065 0.000000e+00
3066 0.000000e+00
3067 0.000000e+00
3068 0.000000e+00
3069 0.000000e+00
3070 0.000000e+00
3071 0.000000e+00
3072 0.000000e+00
3073 0.000000e+00
3074 0.000000e+00
3075 0.000000e+00
3076 0.000000e+00
3077 0.000000e+00
3078 0.000000e+00
3079 0.000000e+00
3080 0.000000e+00
3081 1.016562e-12
3082 8.232929e-13
3083 6.714273e-13
3084 5.603877e-13
3085 4.263606e-13
3086 2.857160e-13
3087 2.125460e-13
3088 1.439135e-13
3089 9.699390e-14
3090 6.610801e-14
3091 0.000000e+00
3092 0.000000e+00
3093 0.000000e+00
3094 0.000000e+00
3095 0.000000e+00
3096 0.000000e+00
3097 0.000000e+00
3098 0.000000e+00
3099 0.000000e+00
3100 0.000000e+00
3101 0.000000e+00
3102 0.000000e+00
3103 0.000000e+00
3104 0.000000e+00
3105 0.000000e+00
3106 9.166937e-13
3107 7.530980e-13
3108 6.079103e-13
3109 5.044613e-13
3110 4.085353e-13
3111 2.837869e-13
3112 2.022712e-13
3113 1.368282e-13
3114 9.414617e-14
3115 6.194811e-14
3116 0.000000e+00
3117 0.000000e+00
3118 0.000000e+00
3119 0.000000e+00
3120 0.000000e+00
3121 0.000000e+00
3122 0.000000e+00
3123 0.000000e+00
3124 0.000000e+00
3125 0.000000e+00
3126 0.000000e+00
3127 0.000000e+00
3128 0.000000e+00
3129 0.000000e+00
3130 0.000000e+00
3131 8.300982e-13
3132 6.960193e-13
3133 5.621791e-13
3134 4.614751e-13
3135 3.837376e-13
3136 2.820198e-13
3137 1.902779e-13
3138 1.375059e-13
3139 9.214145e-14
3140 5.950205e-14
3141 3.959459e-14
3142 0.000000e+00
3143 0.000000e+00
3144 0.000000e+00
3145 0.000000e+00
3146 0.000000e+00
3147 0.000000e+00
3148 0.000000e+00
3149 0.000000e+00
3150 0.000000e+00
3151 0.000000e+00
3152 0.000000e+00
3153 0.000000e+00
3154 0.000000e+00
3155 0.000000e+00
3156 7.451582e-13
3157 6.411402e-13
3158 5.225815e-13
3159 4.228299e-13
3160 3.526679e-13
3161 2.775835e-13
3162 1.877122e-13
3163 1.371274e-13
3164 9.059119e-14
3165 6.046846e-14
3166 3.876564e-14
3167 0.000000e+00
3168 0.000000e+00
3169 0.000000e+00
3170 0.000000e+00
3171 0.000000e+00
3172 0.000000e+00
3173 0.000000e+00
3174 0.000000e+00
3175 0.000000e+00
3176 0.000000e+00
3177 0.000000e+00
3178 0.000000e+00
3179 0.000000e+00
3180 0.000000e+00
3181 6.588585e-13
3182 5.880810e-13
3183 4.899763e-13
3184 3.958177e-13
3185 3.256870e-13
3186 2.693364e-13
3187 1.945699e-13
3188 1.331534e-13
3189 9.361850e-14
3190 6.254231e-14
3191 3.975981e-14
3192 2.562637e-14
3193 0.000000e+00
3194 0.000000e+00
3195 0.000000e+00
3196 0.000000e+00
3197 0.000000e+00
3198 0.000000e+00
3199 0.000000e+00
3200 0.000000e+00
3201 0.000000e+00
3202 0.000000e+00
3203 0.000000e+00
3204 0.000000e+00
3205 0.000000e+00
3206 2.009174e-14
3207 1.590095e-14
3208 1.264521e-14
3209 1.003552e-14
3210 7.894933e-15
3211 6.098728e-15
3212 4.593153e-15
3213 3.341374e-15
3214 2.326457e-15
3215 1.535866e-15
3216 9.534065e-16
3217 5.536210e-16
3218 3.010266e-16
3219 1.544981e-16
3220 7.547481e-17
3221 3.491195e-17
3222 0.000000e+00
3223 0.000000e+00
3224 0.000000e+00
3225 0.000000e+00
3226 0.000000e+00
3227 0.000000e+00
3228 0.000000e+00
3229 0.000000e+00
3230 0.000000e+00
3231 4.690715e-14
3232 3.615404e-14
3233 2.809068e-14
3234 2.195293e-14
3235 1.733454e-14
3236 1.376278e-14
3237 1.089061e-14
3238 8.529460e-15
3239 6.550785e-15
3240 4.884263e-15
3241 3.500803e-15
3242 2.388560e-15
3243 1.538665e-15
3244 9.319577e-16
3245 5.317656e-16
3246 2.879137e-16
3247 0.000000e+00
3248 0.000000e+00
3249 0.000000e+00
3250 0.000000e+00
3251 0.000000e+00
3252 0.000000e+00
3253 0.000000e+00
3254 0.000000e+00
3255 0.000000e+00
3256 7.032824e-14
3257 5.328491e-14
3258 4.078432e-14
3259 3.150446e-14
3260 2.447123e-14
3261 1.920602e-14
3262 1.518618e-14
3263 1.199675e-14
3264 9.404661e-15
3265 7.250039e-15
3266 5.443935e-15
3267 3.943094e-15
3268 2.729552e-15
3269 1.790630e-15
3270 1.106866e-15
3271 6.438277e-16
3272 0.000000e+00
3273 0.000000e+00
3274 0.000000e+00
3275 0.000000e+00
3276 0.000000e+00
3277 0.000000e+00
3278 0.000000e+00
3279 0.000000e+00
3280 0.000000e+00
3281 9.307017e-14
3282 7.089350e-14
3283 5.355173e-14
3284 4.095110e-14
3285 3.149003e-14
3286 2.444409e-14
3287 1.914175e-14
3288 1.509657e-14
3289 1.188413e-14
3290 9.276347e-15
3291 7.113179e-15
3292 5.309465e-15
3293 3.821182e-15
3294 2.628678e-15
3295 1.714123e-15
3296 1.053656e-15
3297 0.000000e+00
3298 0.000000e+00
3299 0.000000e+00
3300 0.000000e+00
3301 0.000000e+00
3302 0.000000e+00
3303 0.000000e+00
3304 0.000000e+00
3305 0.000000e+00
3306 1.158578e-13
3307 8.902656e-14
3308 6.723986e-14
3309 5.077447e-14
3310 3.883640e-14
3311 2.978730e-14
3312 2.312677e-14
3313 1.811332e-14
3314 1.423787e-14
3315 1.115601e-14
3316 8.643293e-15
3317 6.562336e-15
3318 4.837754e-15
3319 3.431756e-15
3320 2.322857e-15
3321 1.489107e-15
3322 0.000000e+00
3323 0.000000e+00
3324 0.000000e+00
3325 0.000000e+00
3326 0.000000e+00
3327 0.000000e+00
3328 0.000000e+00
3329 0.000000e+00
3330 0.000000e+00
3331 1.396850e-13
3332 1.081105e-13
3333 8.213727e-14
3334 6.163845e-14
3335 4.665985e-14
3336 3.558602e-14
3337 2.735172e-14
3338 2.123428e-14
3339 1.661496e-14
3340 1.300996e-14
3341 1.012264e-14
3342 7.760490e-15
3343 5.810105e-15
3344 4.211186e-15
3345 2.928642e-15
3346 1.939069e-15
3347 0.000000e+00
3348 0.000000e+00
3349 0.000000e+00
3350 0.000000e+00
3351 0.000000e+00
3352 0.000000e+00
3353 0.000000e+00
3354 0.000000e+00
3355 0.000000e+00
3356 1.653964e-13
3357 1.287248e-13
3358 9.849059e-14
3359 7.398407e-14
3360 5.545612e-14
3361 4.204772e-14
3362 3.198979e-14
3363 2.462489e-14
3364 1.912892e-14
3365 1.492405e-14
3366 1.161414e-14
3367 8.947789e-15
3368 6.765749e-15
3369 4.977094e-15
3370 3.531646e-15
3371 2.397779e-15
3372 0.000000e+00
3373 0.000000e+00
3374 0.000000e+00
3375 0.000000e+00
3376 0.000000e+00
3377 0.000000e+00
3378 0.000000e+00
3379 0.000000e+00
3380 0.000000e+00
3381 1.928863e-13
3382 1.508229e-13
3383 1.161257e-13
3384 8.764450e-14
3385 6.534587e-14
3386 4.909932e-14
3387 3.712252e-14
3388 2.830949e-14
3389 2.178865e-14
3390 1.690712e-14
3391 1.312241e-14
3392 1.012261e-14
3393 7.695925e-15
3394 5.717410e-15
3395 4.115633e-15
3396 2.847284e-15
3397 0.000000e+00
3398 0.000000e+00
3399 0.000000e+00
3400 0.000000e+00
3401 0.000000e+00
3402 0.000000e+00
3403 0.000000e+00
3404 0.000000e+00
3405 0.000000e+00
3406 2.240123e-13
3407 1.759235e-13
3408 1.361997e-13
3409 1.034550e-13
3410 7.712895e-14
3411 5.743328e-14
3412 4.316786e-14
3413 3.256534e-14
3414 2.483992e-14
3415 1.911363e-14
3416 1.475979e-14
3417 1.136468e-14
3418 8.657674e-15
3419 6.471158e-15
3420 4.705557e-15
3421 3.302333e-15
3422 0.000000e+00
3423 0.000000e+00
3424 0.000000e+00
3425 0.000000e+00
3426 0.000000e+00
3427 0.000000e+00
3428 0.000000e+00
3429 0.000000e+00
3430 0.000000e+00
3431 2.782242e-13
3432 2.202540e-13
3433 1.717853e-13
3434 1.317742e-13
3435 9.898455e-14
3436 7.321675e-14
3437 5.432191e-14
3438 4.051546e-14
3439 3.040133e-14
3440 2.301826e-14
3441 1.756320e-14
3442 1.340602e-14
3443 1.017755e-14
3444 7.622864e-15
3445 5.585803e-15
3446 3.972182e-15
3447 0.000000e+00
3448 0.000000e+00
3449 0.000000e+00
3450 0.000000e+00
3451 0.000000e+00
3452 0.000000e+00
3453 0.000000e+00
3454 0.000000e+00
3455 0.000000e+00
3456 0.000000e+00
3457 5.249467e-13
3458 4.212175e-13
3459 3.318504e-13
3460 2.581896e-13
3461 1.963401e-13
3462 1.429511e-13
3463 1.023594e-13
3464 7.397266e-14
3465 5.271840e-14
3466 3.768109e-14
3467 2.719192e-14
3468 1.969309e-14
3469 1.427850e-14
3470 1.029980e-14
3471 0.000000e+00
3472 0.000000e+00
3473 0.000000e+00
3474 0.000000e+00
3475 0.000000e+00
3476 0.000000e+00
3477 0.000000e+00
3478 0.000000e+00
3479 0.000000e+00
3480 0.000000e+00
3481 1.260638e-17
3482 1.023864e-17
3483 8.284875e-18
3484 6.694001e-18
3485 5.407976e-18
3486 4.355733e-18
3487 3.474815e-18
3488 2.756984e-18
3489 2.182472e-18
3490 1.710677e-18
3491 1.327099e-18
3492 1.016137e-18
3493 7.637435e-19
3494 5.606473e-19
3495 3.992836e-19
3496 2.737440e-19
3497 1.789099e-19
3498 1.103562e-19
3499 6.365976e-20
