0 2.627168e-09
1 1.955135e-09
2 1.408217e-09
3 9.816680e-10
4 6.677601e-10
5 4.472526e-10
6 2.953597e-10
7 1.936736e-10
8 1.272763e-10
9 8.434374e-11
10 5.663628e-11
11 3.866941e-11
12 2.679254e-11
13 1.872299e-11
14 1.307728e-11
15 9.041438e-12
16 6.137164e-12
17 4.067071e-12
18 2.625609e-12
19 1.651750e-12
20 1.014279e-12
21 6.090580e-13
22 0.000000e+00
23 0.000000e+00
24 0.000000e+00
25 4.429217e-09
26 3.372136e-09
27 2.493298e-09
28 1.778185e-09
29 1.223461e-09
30 8.235541e-10
31 5.479467e-10
32 3.590348e-10
33 2.343215e-10
34 1.537501e-10
35 1.020604e-10
36 6.882664e-11
37 4.731859e-11
38 3.304514e-11
39 2.325615e-11
40 1.631751e-11
41 1.129173e-11
42 7.638386e-12
43 5.024059e-12
44 3.207955e-12
45 1.991963e-12
46 1.206687e-12
47 0.000000e+00
48 0.000000e+00
49 0.000000e+00
50 4.815339e-09
51 3.668151e-09
52 2.717052e-09
53 1.940441e-09
54 1.331918e-09
55 8.911834e-10
56 5.909627e-10
57 3.863820e-10
58 2.509078e-10
59 1.641360e-10
60 1.087986e-10
61 7.333694e-11
62 5.048120e-11
63 3.535851e-11
64 2.498288e-11
65 1.760315e-11
66 1.222347e-11
67 8.282611e-12
68 5.443153e-12
69 3.462867e-12
70 2.136984e-12
71 1.284600e-12
72 0.000000e+00
73 0.000000e+00
74 0.000000e+00
75 5.031476e-09
76 3.833983e-09
77 2.841966e-09
78 2.030939e-09
79 1.392351e-09
80 9.288773e-10
81 6.147214e-10
82 4.014111e-10
83 2.600495e-10
84 1.698171e-10
85 1.124761e-10
86 7.580011e-11
87 5.220738e-11
88 3.662473e-11
89 2.593213e-11
90 1.831175e-11
91 1.273806e-11
92 8.639225e-12
93 5.675256e-12
94 3.603662e-12
95 2.216673e-12
96 1.327010e-12
97 0.000000e+00
98 0.000000e+00
99 0.000000e+00
100 5.178964e-09
101 3.947267e-09
102 2.927570e-09
103 2.093050e-09
104 1.433978e-09
105 9.548604e-10
106 6.312185e-10
107 4.118588e-10
108 2.664033e-10
109 1.737807e-10
110 1.150428e-10
111 7.751911e-11
112 5.340883e-11
113 3.750415e-11
114 2.658961e-11
115 1.880281e-11
116 1.309420e-11
117 8.885318e-12
118 5.835615e-12
119 3.701457e-12
120 2.272249e-12
121 1.356866e-12
122 0.000000e+00
123 0.000000e+00
124 0.000000e+00
125 5.291490e-09
126 4.033526e-09
127 2.992873e-09
128 2.140258e-09
129 1.465597e-09
130 9.746752e-10
131 6.437143e-10
132 4.198019e-10
133 2.712054e-10
134 1.767868e-10
135 1.169920e-10
136 7.882037e-11
137 5.432332e-11
138 3.817344e-11
139 2.709027e-11
140 1.917435e-11
141 1.336416e-11
142 9.072959e-12
143 5.957637e-12
144 3.775650e-12
145 2.314441e-12
146 1.379547e-12
147 0.000000e+00
148 0.000000e+00
149 0.000000e+00
150 5.383215e-09
151 4.103736e-09
152 3.045905e-09
153 2.178800e-09
154 1.491363e-09
155 9.907829e-10
156 6.539618e-10
157 4.262750e-10
158 2.751574e-10
159 1.792657e-10
160 1.185889e-10
161 7.989274e-11
162 5.507052e-11
163 3.872183e-11
164 2.749918e-11
165 1.947986e-11
166 1.358541e-11
167 9.225506e-12
168 6.057336e-12
169 3.836129e-12
170 2.349040e-12
171 1.398031e-12
172 0.000000e+00
173 0.000000e+00
174 0.000000e+00
175 5.458119e-09
176 4.161387e-09
177 3.089381e-09
178 2.210291e-09
179 1.512538e-09
180 1.003939e-09
181 6.623320e-10
182 4.315838e-10
183 2.783842e-10
184 1.812764e-10
185 1.198945e-10
186 8.076379e-11
187 5.568198e-11
188 3.916777e-11
189 2.783187e-11
190 1.972705e-11
191 1.376505e-11
192 9.350724e-12
193 6.138543e-12
194 3.885789e-12
195 2.377143e-12
196 1.413182e-12
197 0.000000e+00
198 0.000000e+00
199 0.000000e+00
200 5.522746e-09
201 4.210805e-09
202 3.126679e-09
203 2.237309e-09
204 1.530585e-09
205 1.015253e-09
206 6.694935e-10
207 4.361321e-10
208 2.811455e-10
209 1.829970e-10
210 1.210051e-10
211 8.150818e-11
212 5.620602e-11
213 3.955096e-11
214 2.811771e-11
215 1.994212e-11
216 1.392056e-11
217 9.457600e-12
218 6.208789e-12
219 3.928217e-12
220 2.401471e-12
221 1.426063e-12
222 0.000000e+00
223 0.000000e+00
224 0.000000e+00
225 5.606597e-09
226 4.274892e-09
227 3.175193e-09
228 2.272462e-09
229 1.554079e-09
230 1.029947e-09
231 6.788275e-10
232 4.420279e-10
233 2.847294e-10
234 1.852464e-10
235 1.224542e-10
236 8.248338e-11
237 5.688622e-11
238 4.004737e-11
239 2.848898e-11
240 2.021771e-11
241 1.412093e-11
242 9.596928e-12
243 6.299205e-12
244 3.983612e-12
245 2.432909e-12
246 1.443031e-12
247 0.000000e+00
248 0.000000e+00
249 0.000000e+00
250 1.069541e-08
251 8.489274e-09
252 6.573777e-09
253 4.956747e-09
254 3.610334e-09
255 2.528914e-09
256 1.725051e-09
257 1.159227e-09
258 7.646188e-10
259 5.000474e-10
260 3.270112e-10
261 2.154381e-10
262 1.438385e-10
263 9.788190e-11
264 6.789595e-11
265 4.775880e-11
266 3.374664e-11
267 2.368366e-11
268 1.633463e-11
269 1.098527e-11
270 7.174461e-12
271 4.548401e-12
272 0.000000e+00
273 0.000000e+00
274 0.000000e+00
275 1.315943e-08
276 1.054615e-08
277 8.237478e-09
278 6.277984e-09
279 4.638401e-09
280 3.292258e-09
281 2.258739e-09
282 1.525322e-09
283 1.012127e-09
284 6.623644e-10
285 4.324630e-10
286 2.838473e-10
287 1.883912e-10
288 1.273236e-10
289 8.783442e-11
290 6.161169e-11
291 4.360181e-11
292 3.078747e-11
293 2.143389e-11
294 1.458146e-11
295 9.633958e-12
296 6.174011e-12
297 0.000000e+00
298 0.000000e+00
299 0.000000e+00
300 1.444339e-08
301 1.160818e-08
302 9.091716e-09
303 6.952973e-09
304 5.160711e-09
305 3.676675e-09
306 2.523775e-09
307 1.704319e-09
308 1.133018e-09
309 7.407174e-10
310 4.830135e-10
311 3.165890e-10
312 2.097545e-10
313 1.414891e-10
314 9.748241e-11
315 6.838509e-11
316 4.846958e-11
317 3.430826e-11
318 2.396288e-11
319 1.635746e-11
320 1.083684e-11
321 6.956341e-12
322 0.000000e+00
323 0.000000e+00
324 0.000000e+00
325 1.531353e-08
326 1.232980e-08
327 9.667731e-09
328 7.407745e-09
329 5.511838e-09
330 3.935982e-09
331 2.701571e-09
332 1.824795e-09
333 1.214079e-09
334 7.932657e-10
335 5.168221e-10
336 3.384753e-10
337 2.240011e-10
338 1.509241e-10
339 1.039211e-10
340 7.290971e-11
341 5.171573e-11
342 3.666445e-11
343 2.565816e-11
344 1.754534e-11
345 1.164183e-11
346 7.480386e-12
347 0.000000e+00
348 0.000000e+00
349 0.000000e+00
350 1.598055e-08
351 1.288080e-08
352 1.010976e-08
353 7.756118e-09
354 5.781767e-09
355 4.133726e-09
356 2.838668e-09
357 1.916921e-09
358 1.276142e-09
359 8.334884e-10
360 5.428333e-10
361 3.553379e-10
362 2.350007e-10
363 1.582207e-10
364 1.088945e-10
365 7.640237e-11
366 5.422688e-11
367 3.847658e-11
368 2.696392e-11
369 1.846095e-11
370 1.226408e-11
371 7.884655e-12
372 0.000000e+00
373 0.000000e+00
374 0.000000e+00
375 1.652474e-08
376 1.332905e-08
377 1.046849e-08
378 8.040843e-09
379 6.001281e-09
380 4.295006e-09
381 2.949947e-09
382 1.992143e-09
383 1.326806e-09
384 8.664052e-10
385 5.640269e-10
386 3.690862e-10
387 2.439621e-10
388 1.641620e-10
389 1.129252e-10
390 7.924274e-11
391 5.626059e-11
392 3.995506e-11
393 2.802770e-11
394 1.920506e-11
395 1.276903e-11
396 8.212758e-12
397 0.000000e+00
398 0.000000e+00
399 0.000000e+00
400 1.696738e-08
401 1.369526e-08
402 1.076352e-08
403 8.272761e-09
404 6.180325e-09
405 4.426936e-09
406 3.040939e-09
407 2.053546e-09
408 1.368096e-09
409 8.931634e-10
410 5.812709e-10
411 3.802448e-10
412 2.512447e-10
413 1.690038e-10
414 1.162433e-10
415 8.156395e-11
416 5.793005e-11
417 4.116393e-11
418 2.889529e-11
419 1.981619e-11
420 1.318124e-11
421 8.482130e-12
422 0.000000e+00
423 0.000000e+00
424 0.000000e+00
425 1.734903e-08
426 1.401183e-08
427 1.101713e-08
428 8.473013e-09
429 6.335368e-09
430 4.540855e-09
431 3.119559e-09
432 2.106691e-09
433 1.403929e-09
434 9.164370e-10
435 5.963122e-10
436 3.899549e-10
437 2.575772e-10
438 1.731916e-10
439 1.190956e-10
440 8.356778e-11
441 5.936961e-11
442 4.220790e-11
443 2.964457e-11
444 2.034234e-11
445 1.353765e-11
446 8.714339e-12
447 0.000000e+00
448 0.000000e+00
449 0.000000e+00
450 1.784175e-08
451 1.441848e-08
452 1.134341e-08
453 8.730474e-09
454 6.534793e-09
455 4.687717e-09
456 3.220721e-09
457 2.174936e-09
458 1.449940e-09
459 9.462626e-10
460 6.155481e-10
461 4.024190e-10
462 2.657054e-10
463 1.785704e-10
464 1.227769e-10
465 8.614767e-11
466 6.122059e-11
467 4.354930e-11
468 3.060842e-11
469 2.101958e-11
470 1.399621e-11
471 9.012945e-12
472 0.000000e+00
473 0.000000e+00
474 0.000000e+00
475 1.792405e-08
476 1.468454e-08
477 1.167809e-08
478 9.057952e-09
479 6.848186e-09
480 5.008813e-09
481 3.522062e-09
482 2.405251e-09
483 1.619061e-09
484 1.069430e-09
485 6.996058e-10
486 4.572537e-10
487 3.009697e-10
488 2.006482e-10
489 1.363541e-10
490 9.451716e-11
491 6.654355e-11
492 4.717435e-11
493 3.328567e-11
494 2.311900e-11
495 1.567391e-11
496 1.031756e-11
497 0.000000e+00
498 0.000000e+00
499 0.000000e+00
500 2.070835e-08
501 1.712142e-08
502 1.371872e-08
503 1.071158e-08
504 8.164066e-09
505 6.034318e-09
506 4.287513e-09
507 2.942785e-09
508 1.988283e-09
509 1.319886e-09
510 8.642227e-10
511 5.641044e-10
512 3.704225e-10
513 2.457906e-10
514 1.661141e-10
515 1.146262e-10
516 8.050349e-11
517 5.708707e-11
518 4.044251e-11
519 2.828437e-11
520 1.935011e-11
521 1.286052e-11
522 0.000000e+00
523 0.000000e+00
524 0.000000e+00
525 2.253623e-08
526 1.871366e-08
527 1.504480e-08
528 1.178239e-08
529 9.012231e-09
530 6.694003e-09
531 4.777299e-09
532 3.284003e-09
533 2.221096e-09
534 1.477625e-09
535 9.672718e-10
536 6.308642e-10
537 4.137534e-10
538 2.740073e-10
539 1.847578e-10
540 1.272458e-10
541 8.930161e-11
542 6.338694e-11
543 4.500441e-11
544 3.158298e-11
545 2.168658e-11
546 1.446760e-11
547 0.000000e+00
548 0.000000e+00
549 0.000000e+00
550 2.392258e-08
551 1.992256e-08
552 1.604963e-08
553 1.259326e-08
554 9.655501e-09
555 7.193766e-09
556 5.147586e-09
557 3.541720e-09
558 2.396852e-09
559 1.596686e-09
560 1.044837e-09
561 6.812229e-10
562 4.463865e-10
563 2.952539e-10
564 1.988190e-10
565 1.367719e-10
566 9.594582e-11
567 6.812845e-11
568 4.845539e-11
569 3.407266e-11
570 2.345140e-11
571 1.568194e-11
572 0.000000e+00
573 0.000000e+00
574 0.000000e+00
575 2.505336e-08
576 2.090645e-08
577 1.687081e-08
578 1.325416e-08
579 1.017907e-08
580 7.600654e-09
581 5.450537e-09
582 3.752555e-09
583 2.540769e-09
584 1.693824e-09
585 1.108502e-09
586 7.223081e-10
587 4.730513e-10
588 3.126204e-10
589 2.102410e-10
590 1.445586e-10
591 1.013770e-10
592 7.200869e-11
593 5.125797e-11
594 3.610499e-11
595 2.488900e-11
596 1.666783e-11
597 0.000000e+00
598 0.000000e+00
599 0.000000e+00
600 2.597953e-08
601 2.171187e-08
602 1.754154e-08
603 1.379528e-08
604 1.060877e-08
605 7.935241e-09
606 5.697659e-09
607 3.924151e-09
608 2.657660e-09
609 1.773334e-09
610 1.160437e-09
611 7.560765e-10
612 4.949344e-10
613 3.268579e-10
614 2.196918e-10
615 1.509055e-10
616 1.058384e-10
617 7.519718e-11
618 5.355987e-11
619 3.776842e-11
620 2.607347e-11
621 1.748081e-11
622 0.000000e+00
623 0.000000e+00
624 0.000000e+00
625 2.677506e-08
626 2.240490e-08
627 1.811838e-08
628 1.426077e-08
629 1.097810e-08
630 8.221317e-09
631 5.909907e-09
632 4.072907e-09
633 2.758897e-09
634 1.841903e-09
635 1.205027e-09
636 7.849122e-10
637 5.136425e-10
638 3.390360e-10
639 2.277459e-10
640 1.563814e-10
641 1.096334e-10
642 7.791669e-11
643 5.553807e-11
644 3.919299e-11
645 2.708521e-11
646 1.818045e-11
647 0.000000e+00
648 0.000000e+00
649 0.000000e+00
650 2.780441e-08
651 2.330178e-08
652 1.886553e-08
653 1.486371e-08
654 1.145536e-08
655 8.593019e-09
656 6.186748e-09
657 4.265381e-09
658 2.890548e-09
659 1.930735e-09
660 1.262931e-09
661 8.225944e-10
662 5.381171e-10
663 3.549625e-10
664 2.382604e-10
665 1.635083e-10
666 1.145850e-10
667 8.146882e-11
668 5.809304e-11
669 4.104680e-11
670 2.839916e-11
671 1.908483e-11
672 0.000000e+00
673 0.000000e+00
674 0.000000e+00
675 2.506250e-08
676 2.106292e-08
677 1.711866e-08
678 1.352433e-08
679 1.042624e-08
680 7.826549e-09
681 5.671857e-09
682 3.953816e-09
683 2.688196e-09
684 1.802662e-09
685 1.186298e-09
686 7.751513e-10
687 5.072087e-10
688 3.345523e-10
689 2.239935e-10
690 1.530036e-10
691 1.066174e-10
692 7.536073e-11
693 5.353994e-11
694 3.778310e-11
695 2.621675e-11
696 1.773088e-11
697 0.000000e+00
698 0.000000e+00
699 0.000000e+00
700 2.805875e-08
701 2.378454e-08
702 1.947410e-08
703 1.547877e-08
704 1.200206e-08
705 9.074776e-09
706 6.636613e-09
707 4.663477e-09
708 3.181449e-09
709 2.141413e-09
710 1.413714e-09
711 9.243265e-10
712 6.038250e-10
713 3.973765e-10
714 2.648769e-10
715 1.800644e-10
716 1.249726e-10
717 8.819334e-11
718 6.271810e-11
719 4.443790e-11
720 3.102697e-11
721 2.115300e-11
722 0.000000e+00
723 0.000000e+00
724 0.000000e+00
725 3.028915e-08
726 2.580439e-08
727 2.121458e-08
728 1.691822e-08
729 1.315945e-08
730 9.989392e-09
731 7.342938e-09
732 5.180351e-09
733 3.538835e-09
734 2.386252e-09
735 1.577688e-09
736 1.031651e-09
737 6.732550e-10
738 4.424811e-10
739 2.942858e-10
740 1.995747e-10
741 1.382441e-10
742 9.748018e-11
743 6.939592e-11
744 4.928245e-11
745 3.452879e-11
746 2.363689e-11
747 0.000000e+00
748 0.000000e+00
749 0.000000e+00
750 3.210365e-08
751 2.744587e-08
752 2.263116e-08
753 1.808684e-08
754 1.409839e-08
755 1.073251e-08
756 7.915788e-09
757 5.599604e-09
758 3.828387e-09
759 2.584682e-09
760 1.710665e-09
761 1.118478e-09
762 7.294187e-10
763 4.789817e-10
764 3.180039e-10
765 2.153651e-10
766 1.490047e-10
767 1.050126e-10
768 7.478830e-11
769 5.321339e-11
770 3.737230e-11
771 2.564709e-11
772 0.000000e+00
773 0.000000e+00
774 0.000000e+00
775 3.358781e-08
776 2.878665e-08
777 2.378856e-08
778 1.904390e-08
779 1.486736e-08
780 1.134054e-08
781 8.385508e-09
782 5.942388e-09
783 4.065071e-09
784 2.746910e-09
785 1.819842e-09
786 1.189783e-09
787 7.754871e-10
788 5.089900e-10
789 3.375452e-10
790 2.283277e-10
791 1.578235e-10
792 1.112099e-10
793 7.922009e-11
794 5.642523e-11
795 3.969927e-11
796 2.730445e-11
797 0.000000e+00
798 0.000000e+00
799 0.000000e+00
800 3.486753e-08
801 2.994702e-08
802 2.478497e-08
803 1.987019e-08
804 1.553217e-08
805 1.186518e-08
806 8.790414e-09
807 6.239197e-09
808 4.270107e-09
809 2.887204e-09
810 1.913494e-09
811 1.251240e-09
812 8.152501e-10
813 5.347140e-10
814 3.544429e-10
815 2.394909e-10
816 1.654170e-10
817 1.165260e-10
818 8.305418e-11
819 5.920116e-11
820 4.170450e-11
821 2.872749e-11
822 0.000000e+00
823 0.000000e+00
824 0.000000e+00
825 3.651895e-08
826 3.143952e-08
827 2.607391e-08
828 2.093256e-08
829 1.638535e-08
830 1.254048e-08
831 9.310950e-09
832 6.621251e-09
833 4.534275e-09
834 3.068263e-09
835 2.034506e-09
836 1.330114e-09
837 8.663046e-10
838 5.679314e-10
839 3.760094e-10
840 2.537893e-10
841 1.751849e-10
842 1.233670e-10
843 8.795278e-11
844 6.276930e-11
845 4.428801e-11
846 3.055944e-11
847 0.000000e+00
848 0.000000e+00
849 0.000000e+00
850 3.228633e-08
851 2.772849e-08
852 2.298202e-08
853 1.845500e-08
854 1.443508e-08
855 1.101938e-08
856 8.165504e-09
857 5.824888e-09
858 4.010592e-09
859 2.711803e-09
860 1.804320e-09
861 1.182438e-09
862 7.718982e-10
863 5.064507e-10
864 3.355615e-10
865 2.263334e-10
866 1.558624e-10
867 1.094008e-10
868 7.768350e-11
869 5.523293e-11
870 3.888004e-11
871 2.682499e-11
872 0.000000e+00
873 0.000000e+00
874 0.000000e+00
875 3.551472e-08
876 3.074544e-08
877 2.566910e-08
878 2.073766e-08
879 1.630522e-08
880 1.251440e-08
881 9.341350e-09
882 6.718303e-09
883 4.651646e-09
884 3.153088e-09
885 2.106478e-09
886 1.382219e-09
887 9.023183e-10
888 5.908583e-10
889 3.903827e-10
890 2.621880e-10
891 1.797659e-10
892 1.257618e-10
893 8.923245e-11
894 6.355116e-11
895 4.492117e-11
896 3.119479e-11
897 0.000000e+00
898 0.000000e+00
899 0.000000e+00
900 3.810874e-08
901 3.316267e-08
902 2.781660e-08
903 2.255935e-08
904 1.779046e-08
905 1.370183e-08
906 1.027340e-08
907 7.426426e-09
908 5.156910e-09
909 3.499605e-09
910 2.343772e-09
911 1.538732e-09
912 1.004307e-09
913 6.569133e-10
914 4.331870e-10
915 2.901947e-10
916 1.985330e-10
917 1.386474e-10
918 9.832587e-11
919 7.012951e-11
920 4.971364e-11
921 3.464361e-11
922 0.000000e+00
923 0.000000e+00
924 0.000000e+00
925 4.022320e-08
926 3.513259e-08
927 2.956710e-08
928 2.404320e-08
929 1.900308e-08
930 1.466902e-08
931 1.103348e-08
932 8.002578e-09
933 5.568363e-09
934 3.781624e-09
935 2.537062e-09
936 1.666125e-09
937 1.087341e-09
938 7.107875e-10
939 4.681102e-10
940 3.130885e-10
941 2.137990e-10
942 1.491419e-10
943 1.057477e-10
944 7.548092e-11
945 5.361148e-11
946 3.746602e-11
947 0.000000e+00
948 0.000000e+00
949 0.000000e+00
950 4.204800e-08
951 3.683548e-08
952 3.107738e-08
953 2.532396e-08
954 2.004953e-08
955 1.550370e-08
956 1.168881e-08
957 8.500244e-09
958 5.923385e-09
959 4.025120e-09
960 2.703265e-09
961 1.776027e-09
962 1.158940e-09
963 7.571096e-10
964 4.982666e-10
965 3.328154e-10
966 2.269486e-10
967 1.581825e-10
968 1.121331e-10
969 8.009838e-11
970 5.697278e-11
971 3.989400e-11
972 0.000000e+00
973 0.000000e+00
974 0.000000e+00
975 4.440653e-08
976 3.903109e-08
977 3.302540e-08
978 2.697905e-08
979 2.139856e-08
980 1.658226e-08
981 1.253634e-08
982 9.142321e-09
983 6.382117e-09
984 4.339449e-09
985 2.918688e-09
986 1.917891e-09
987 1.251582e-09
988 8.169839e-10
989 5.371232e-10
990 3.582245e-10
991 2.439872e-10
992 1.698866e-10
993 1.204021e-10
994 8.606286e-11
995 6.133662e-11
996 4.303247e-11
997 0.000000e+00
998 0.000000e+00
999 0.000000e+00
1000 3.981893e-08
1001 3.485809e-08
1002 2.942386e-08
1003 2.400423e-08
1004 1.902484e-08
1005 1.471005e-08
1006 1.108307e-08
1007 8.070105e-09
1008 5.651935e-09
1009 3.849578e-09
1010 2.585841e-09
1011 1.704413e-09
1012 1.113906e-09
1013 7.279327e-10
1014 4.791679e-10
1015 3.198185e-10
1016 2.177245e-10
1017 1.513722e-10
1018 1.070046e-10
1019 7.622690e-11
1020 5.411440e-11
1021 3.789194e-11
1022 0.000000e+00
1023 0.000000e+00
1024 0.000000e+00
1025 4.333550e-08
1026 3.822135e-08
1027 3.249616e-08
1028 2.667705e-08
1029 2.125179e-08
1030 1.651149e-08
1031 1.251280e-08
1032 9.180177e-09
1033 6.473816e-09
1034 4.424117e-09
1035 2.980117e-09
1036 1.970232e-09
1037 1.288463e-09
1038 8.408445e-10
1039 5.524208e-10
1040 3.673391e-10
1041 2.490463e-10
1042 1.724591e-10
1043 1.216220e-10
1044 8.664088e-11
1045 6.167173e-11
1046 4.338030e-11
1047 0.000000e+00
1048 0.000000e+00
1049 0.000000e+00
1050 4.617494e-08
1051 4.093259e-08
1052 3.496856e-08
1053 2.882830e-08
1054 2.304115e-08
1055 1.795392e-08
1056 1.365641e-08
1057 1.006789e-08
1058 7.129615e-09
1059 4.880492e-09
1060 3.293339e-09
1061 2.181158e-09
1062 1.426679e-09
1063 9.303495e-10
1064 6.105290e-10
1065 4.050394e-10
1066 2.738598e-10
1067 1.892370e-10
1068 1.332526e-10
1069 9.493734e-11
1070 6.770437e-11
1071 4.778256e-11
1072 0.000000e+00
1073 0.000000e+00
1074 0.000000e+00
1075 4.862576e-08
1076 4.327576e-08
1077 3.710208e-08
1078 3.068178e-08
1079 2.458307e-08
1080 1.919699e-08
1081 1.464196e-08
1082 1.083216e-08
1083 7.694242e-09
1084 5.273725e-09
1085 3.562558e-09
1086 2.362880e-09
1087 1.545722e-09
1088 1.007275e-09
1089 6.604362e-10
1090 4.374431e-10
1091 2.952073e-10
1092 2.036342e-10
1093 1.432737e-10
1094 1.020887e-10
1095 7.289649e-11
1096 5.156283e-11
1097 0.000000e+00
1098 0.000000e+00
1099 0.000000e+00
1100 5.179036e-08
1101 4.629450e-08
1102 3.985132e-08
1103 3.307578e-08
1104 2.657209e-08
1105 2.080363e-08
1106 1.591565e-08
1107 1.182054e-08
1108 8.424014e-09
1109 5.781515e-09
1110 3.910970e-09
1111 2.597402e-09
1112 1.699407e-09
1113 1.106837e-09
1114 7.251624e-10
1115 4.793595e-10
1116 3.228373e-10
1117 2.222773e-10
1118 1.562018e-10
1119 1.113363e-10
1120 7.963612e-11
1121 5.646128e-11
1122 0.000000e+00
1123 0.000000e+00
1124 0.000000e+00
1125 4.786715e-08
1126 4.264348e-08
1127 3.662518e-08
1128 3.035242e-08
1129 2.437482e-08
1130 1.906480e-08
1131 1.455303e-08
1132 1.078409e-08
1133 7.692774e-09
1134 5.296499e-09
1135 3.579447e-09
1136 2.380793e-09
1137 1.559418e-09
1138 1.017270e-09
1139 6.667045e-10
1140 4.411411e-10
1141 2.971658e-10
1142 2.044203e-10
1143 1.434274e-10
1144 1.019596e-10
1145 7.268979e-11
1146 5.140870e-11
1147 0.000000e+00
1148 0.000000e+00
1149 0.000000e+00
1150 5.157561e-08
1151 4.625371e-08
1152 4.000659e-08
1153 3.336655e-08
1154 2.693667e-08
1155 2.116192e-08
1156 1.622983e-08
1157 1.210264e-08
1158 8.694742e-09
1159 6.014550e-09
1160 4.074023e-09
1161 2.719016e-09
1162 1.782967e-09
1163 1.162800e-09
1164 7.610154e-10
1165 5.021948e-10
1166 3.368477e-10
1167 2.308220e-10
1168 1.613838e-10
1169 1.145618e-10
1170 8.174584e-11
1171 5.801463e-11
1172 0.000000e+00
1173 0.000000e+00
1174 0.000000e+00
1175 5.475035e-08
1176 4.936030e-08
1177 4.289281e-08
1178 3.593655e-08
1179 2.911597e-08
1180 2.294478e-08
1181 1.765375e-08
1182 1.322056e-08
1183 9.544184e-09
1184 6.621841e-09
1185 4.490605e-09
1186 3.004481e-09
1187 1.971244e-09
1188 1.285427e-09
1189 8.401167e-10
1190 5.534726e-10
1191 3.702396e-10
1192 2.529920e-10
1193 1.765712e-10
1194 1.252171e-10
1195 8.943562e-11
1196 6.360732e-11
1197 0.000000e+00
1198 0.000000e+00
1199 0.000000e+00
1200 5.884778e-08
1201 5.335234e-08
1202 4.662061e-08
1203 3.925226e-08
1204 3.193146e-08
1205 2.524399e-08
1206 1.949173e-08
1207 1.466491e-08
1208 1.063985e-08
1209 7.405246e-09
1210 5.029027e-09
1211 3.372544e-09
1212 2.214094e-09
1213 1.443802e-09
1214 9.425827e-10
1215 6.196621e-10
1216 4.134258e-10
1217 2.816776e-10
1218 1.961001e-10
1219 1.389729e-10
1220 9.935733e-11
1221 7.083977e-11
1222 0.000000e+00
1223 0.000000e+00
1224 0.000000e+00
1225 5.621117e-08
1226 5.085596e-08
1227 4.438995e-08
1228 3.735234e-08
1229 3.039112e-08
1230 2.402923e-08
1231 1.854135e-08
1232 1.393376e-08
1233 1.011109e-08
1234 7.057134e-09
1235 4.797801e-09
1236 3.216452e-09
1237 2.116066e-09
1238 1.381133e-09
1239 9.019945e-10
1240 5.934265e-10
1241 3.957949e-10
1242 2.694867e-10
1243 1.873357e-10
1244 1.324877e-10
1245 9.447713e-11
1246 6.723819e-11
1247 0.000000e+00
1248 0.000000e+00
1249 0.000000e+00
1250 6.022813e-08
1251 5.484372e-08
1252 4.817784e-08
1253 4.080110e-08
1254 3.337890e-08
1255 2.651256e-08
1256 2.054368e-08
1257 1.551857e-08
1258 1.133884e-08
1259 7.961078e-09
1260 5.427013e-09
1261 3.647956e-09
1262 2.405613e-09
1263 1.570894e-09
1264 1.024373e-09
1265 6.725228e-10
1266 4.470093e-10
1267 3.030196e-10
1268 2.098806e-10
1269 1.480050e-10
1270 1.055281e-10
1271 7.523038e-11
1272 0.000000e+00
1273 0.000000e+00
1274 0.000000e+00
1275 6.535260e-08
1276 5.993976e-08
1277 5.303290e-08
1278 4.520815e-08
1279 3.719560e-08
1280 2.967716e-08
1281 2.309451e-08
1282 1.753861e-08
1283 1.289955e-08
1284 9.109189e-09
1285 6.224165e-09
1286 4.194458e-09
1287 2.771870e-09
1288 1.810887e-09
1289 1.179321e-09
1290 7.726415e-10
1291 5.117790e-10
1292 3.455159e-10
1293 2.383764e-10
1294 1.677828e-10
1295 1.195721e-10
1296 8.541126e-11
1297 0.000000e+00
1298 0.000000e+00
1299 0.000000e+00
1300 6.515787e-08
1301 5.981516e-08
1302 5.299850e-08
1303 4.527364e-08
1304 3.733155e-08
1305 2.984920e-08
1306 2.326100e-08
1307 1.768463e-08
1308 1.303469e-08
1309 9.239788e-09
1310 6.333686e-09
1311 4.270179e-09
1312 2.829529e-09
1313 1.849622e-09
1314 1.205025e-09
1315 7.891619e-10
1316 5.221298e-10
1317 3.517789e-10
1318 2.421216e-10
1319 1.698907e-10
1320 1.208263e-10
1321 8.619685e-11
1322 0.000000e+00
1323 0.000000e+00
1324 0.000000e+00
1325 7.150108e-08
1326 6.622684e-08
1327 5.921057e-08
1328 5.103759e-08
1329 4.242935e-08
1330 3.415395e-08
1331 2.676740e-08
1332 2.048080e-08
1333 1.522252e-08
1334 1.088921e-08
1335 7.505059e-09
1336 5.073660e-09
1337 3.376714e-09
1338 2.209692e-09
1339 1.438374e-09
1340 9.397687e-10
1341 6.191966e-10
1342 4.147628e-10
1343 2.837047e-10
1344 1.981827e-10
1345 1.405859e-10
1346 1.003536e-10
1347 0.000000e+00
1348 0.000000e+00
1349 0.000000e+00
1350 7.992978e-08
1351 7.490304e-08
1352 6.782120e-08
1353 5.923490e-08
1354 4.987602e-08
1355 4.060031e-08
1356 3.211532e-08
1357 2.478815e-08
1358 1.863255e-08
1359 1.352490e-08
1360 9.441198e-09
1361 6.416684e-09
1362 4.297918e-09
1363 2.824774e-09
1364 1.840346e-09
1365 1.198387e-09
1366 7.855337e-10
1367 5.215367e-10
1368 3.530495e-10
1369 2.441571e-10
1370 1.719041e-10
1371 1.223098e-10
1372 0.000000e+00
1373 0.000000e+00
1374 0.000000e+00
1375 5.238189e-07
1376 4.580751e-07
1377 3.806281e-07
1378 3.114274e-07
1379 2.559306e-07
1380 2.011099e-07
1381 1.461353e-07
1382 1.021614e-07
1383 7.104320e-08
1384 4.724030e-08
1385 3.090470e-08
1386 0.000000e+00
1387 0.000000e+00
1388 0.000000e+00
1389 0.000000e+00
1390 0.000000e+00
1391 0.000000e+00
1392 0.000000e+00
1393 0.000000e+00
1394 0.000000e+00
1395 0.000000e+00
1396 0.000000e+00
1397 0.000000e+00
1398 0.000000e+00
1399 0.000000e+00
1400 6.715861e-07
1401 5.900435e-07
1402 4.917879e-07
1403 4.022933e-07
1404 3.303385e-07
1405 2.610087e-07
1406 1.909838e-07
1407 1.334482e-07
1408 9.304232e-08
1409 6.200899e-08
1410 4.063675e-08
1411 0.000000e+00
1412 0.000000e+00
1413 0.000000e+00
1414 0.000000e+00
1415 0.000000e+00
1416 0.000000e+00
1417 0.000000e+00
1418 0.000000e+00
1419 0.000000e+00
1420 0.000000e+00
1421 0.000000e+00
1422 0.000000e+00
1423 0.000000e+00
1424 0.000000e+00
1425 7.706128e-07
1426 6.784036e-07
1427 5.661674e-07
1428 4.630863e-07
1429 3.801375e-07
1430 3.010753e-07
1431 2.209352e-07
1432 1.543383e-07
1433 1.077305e-07
1434 7.186431e-08
1435 4.712809e-08
1436 0.000000e+00
1437 0.000000e+00
1438 0.000000e+00
1439 0.000000e+00
1440 0.000000e+00
1441 0.000000e+00
1442 0.000000e+00
1443 0.000000e+00
1444 0.000000e+00
1445 0.000000e+00
1446 0.000000e+00
1447 0.000000e+00
1448 0.000000e+00
1449 0.000000e+00
1450 8.459345e-07
1451 7.456207e-07
1452 6.227398e-07
1453 5.093258e-07
1454 4.180124e-07
1455 3.315483e-07
1456 2.437159e-07
1457 1.702271e-07
1458 1.189023e-07
1459 7.936010e-08
1460 5.206531e-08
1461 0.000000e+00
1462 0.000000e+00
1463 0.000000e+00
1464 0.000000e+00
1465 0.000000e+00
1466 0.000000e+00
1467 0.000000e+00
1468 0.000000e+00
1469 0.000000e+00
1470 0.000000e+00
1471 0.000000e+00
1472 0.000000e+00
1473 0.000000e+00
1474 0.000000e+00
1475 9.073586e-07
1476 8.004306e-07
1477 6.688748e-07
1478 5.470337e-07
1479 4.488990e-07
1480 3.563987e-07
1481 2.622931e-07
1482 1.831841e-07
1483 1.280125e-07
1484 8.547276e-08
1485 5.609154e-08
1486 0.000000e+00
1487 0.000000e+00
1488 0.000000e+00
1489 0.000000e+00
1490 0.000000e+00
1491 0.000000e+00
1492 0.000000e+00
1493 0.000000e+00
1494 0.000000e+00
1495 0.000000e+00
1496 0.000000e+00
1497 0.000000e+00
1498 0.000000e+00
1499 0.000000e+00
1500 9.575045e-07
1501 8.451770e-07
1502 7.065393e-07
1503 5.778183e-07
1504 4.741146e-07
1505 3.766865e-07
1506 2.774599e-07
1507 1.937622e-07
1508 1.354503e-07
1509 9.046311e-08
1510 5.937853e-08
1511 0.000000e+00
1512 0.000000e+00
1513 0.000000e+00
1514 0.000000e+00
1515 0.000000e+00
1516 0.000000e+00
1517 0.000000e+00
1518 0.000000e+00
1519 0.000000e+00
1520 0.000000e+00
1521 0.000000e+00
1522 0.000000e+00
1523 0.000000e+00
1524 0.000000e+00
1525 1.000832e-06
1526 8.838304e-07
1527 7.390744e-07
1528 6.044106e-07
1529 4.958966e-07
1530 3.942114e-07
1531 2.905603e-07
1532 2.028993e-07
1533 1.418747e-07
1534 9.477359e-08
1535 6.221767e-08
1536 0.000000e+00
1537 0.000000e+00
1538 0.000000e+00
1539 0.000000e+00
1540 0.000000e+00
1541 0.000000e+00
1542 0.000000e+00
1543 0.000000e+00
1544 0.000000e+00
1545 0.000000e+00
1546 0.000000e+00
1547 0.000000e+00
1548 0.000000e+00
1549 0.000000e+00
1550 1.056642e-06
1551 9.336298e-07
1552 7.809919e-07
1553 6.386712e-07
1554 5.239596e-07
1555 4.167903e-07
1556 3.074394e-07
1557 2.146717e-07
1558 1.501521e-07
1559 1.003275e-07
1560 6.587575e-08
1561 0.000000e+00
1562 0.000000e+00
1563 0.000000e+00
1564 0.000000e+00
1565 0.000000e+00
1566 0.000000e+00
1567 0.000000e+00
1568 0.000000e+00
1569 0.000000e+00
1570 0.000000e+00
1571 0.000000e+00
1572 0.000000e+00
1573 0.000000e+00
1574 0.000000e+00
1575 2.311368e-07
1576 2.273572e-07
1577 2.091139e-07
1578 1.791323e-07
1579 1.461839e-07
1580 1.191948e-07
1581 9.902847e-08
1582 7.641331e-08
1583 5.253099e-08
1584 3.771782e-08
1585 2.546074e-08
1586 1.682327e-08
1587 1.090104e-08
1588 0.000000e+00
1589 0.000000e+00
1590 0.000000e+00
1591 0.000000e+00
1592 0.000000e+00
1593 0.000000e+00
1594 0.000000e+00
1595 0.000000e+00
1596 0.000000e+00
1597 0.000000e+00
1598 0.000000e+00
1599 0.000000e+00
1600 3.403658e-07
1601 3.355726e-07
1602 3.097160e-07
1603 2.662546e-07
1604 2.176366e-07
1605 1.772230e-07
1606 1.471621e-07
1607 1.144279e-07
1608 7.897391e-08
1609 5.653142e-08
1610 3.829159e-08
1611 2.537544e-08
1612 1.642266e-08
1613 0.000000e+00
1614 0.000000e+00
1615 0.000000e+00
1616 0.000000e+00
1617 0.000000e+00
1618 0.000000e+00
1619 0.000000e+00
1620 0.000000e+00
1621 0.000000e+00
1622 0.000000e+00
1623 0.000000e+00
1624 0.000000e+00
1625 4.206009e-07
1626 4.150250e-07
1627 3.835195e-07
1628 3.301375e-07
1629 2.700082e-07
1630 2.197653e-07
1631 1.824527e-07
1632 1.422584e-07
1633 9.830267e-08
1634 7.030383e-08
1635 4.767538e-08
1636 3.162647e-08
1637 2.045953e-08
1638 0.000000e+00
1639 0.000000e+00
1640 0.000000e+00
1641 0.000000e+00
1642 0.000000e+00
1643 0.000000e+00
1644 0.000000e+00
1645 0.000000e+00
1646 0.000000e+00
1647 0.000000e+00
1648 0.000000e+00
1649 0.000000e+00
1650 4.859589e-07
1651 4.797260e-07
1652 4.436504e-07
1653 3.821358e-07
1654 3.126457e-07
1655 2.544008e-07
1656 2.111809e-07
1657 1.649188e-07
1658 1.140432e-07
1659 8.151739e-08
1660 5.531585e-08
1661 3.671679e-08
1662 2.374657e-08
1663 0.000000e+00
1664 0.000000e+00
1665 0.000000e+00
1666 0.000000e+00
1667 0.000000e+00
1668 0.000000e+00
1669 0.000000e+00
1670 0.000000e+00
1671 0.000000e+00
1672 0.000000e+00
1673 0.000000e+00
1674 0.000000e+00
1675 5.393315e-07
1676 5.325732e-07
1677 4.927118e-07
1678 4.245968e-07
1679 3.474560e-07
1680 2.826652e-07
1681 2.346397e-07
1682 1.834222e-07
1683 1.268944e-07
1684 9.067245e-08
1685 6.155244e-08
1686 4.087255e-08
1687 2.643040e-08
1688 0.000000e+00
1689 0.000000e+00
1690 0.000000e+00
1691 0.000000e+00
1692 0.000000e+00
1693 0.000000e+00
1694 0.000000e+00
1695 0.000000e+00
1696 0.000000e+00
1697 0.000000e+00
1698 0.000000e+00
1699 0.000000e+00
1700 5.854012e-07
1701 5.781828e-07
1702 5.350846e-07
1703 4.612586e-07
1704 3.774945e-07
1705 3.070922e-07
1706 2.548910e-07
1707 1.993979e-07
1708 1.379915e-07
1709 9.857796e-08
1710 6.693843e-08
1711 4.446148e-08
1712 2.874801e-08
1713 0.000000e+00
1714 0.000000e+00
1715 0.000000e+00
1716 0.000000e+00
1717 0.000000e+00
1718 0.000000e+00
1719 0.000000e+00
1720 0.000000e+00
1721 0.000000e+00
1722 0.000000e+00
1723 0.000000e+00
1724 0.000000e+00
1725 6.447292e-07
1726 6.369587e-07
1727 5.896517e-07
1728 5.084910e-07
1729 4.162201e-07
1730 3.385416e-07
1731 2.809894e-07
1732 2.199843e-07
1733 1.522913e-07
1734 1.087633e-07
1735 7.387739e-08
1736 4.908391e-08
1737 3.173356e-08
1738 0.000000e+00
1739 0.000000e+00
1740 0.000000e+00
1741 0.000000e+00
1742 0.000000e+00
1743 0.000000e+00
1744 0.000000e+00
1745 0.000000e+00
1746 0.000000e+00
1747 0.000000e+00
1748 0.000000e+00
1749 0.000000e+00
1750 1.189142e-07
1751 1.236679e-07
1752 1.218013e-07
1753 1.120317e-07
1754 9.583061e-08
1755 7.800926e-08
1756 6.352294e-08
1757 5.292829e-08
1758 4.082229e-08
1759 2.767717e-08
1760 2.016410e-08
1761 1.347346e-08
1762 8.884677e-09
1763 5.761595e-09
1764 0.000000e+00
1765 0.000000e+00
1766 0.000000e+00
1767 0.000000e+00
1768 0.000000e+00
1769 0.000000e+00
1770 0.000000e+00
1771 0.000000e+00
1772 0.000000e+00
1773 0.000000e+00
1774 0.000000e+00
1775 2.000488e-07
1776 2.081437e-07
1777 2.054028e-07
1778 1.895748e-07
1779 1.626874e-07
1780 1.326130e-07
1781 1.078289e-07
1782 8.979161e-08
1783 6.982229e-08
1784 4.751009e-08
1785 3.450640e-08
1786 2.310493e-08
1787 1.530088e-08
1788 9.901784e-09
1789 0.000000e+00
1790 0.000000e+00
1791 0.000000e+00
1792 0.000000e+00
1793 0.000000e+00
1794 0.000000e+00
1795 0.000000e+00
1796 0.000000e+00
1797 0.000000e+00
1798 0.000000e+00
1799 0.000000e+00
1800 2.629784e-07
1801 2.736351e-07
1802 2.702258e-07
1803 2.496484e-07
1804 2.144552e-07
1805 1.748988e-07
1806 1.421487e-07
1807 1.183472e-07
1808 9.225102e-08
1809 6.284505e-08
1810 4.560183e-08
1811 3.055681e-08
1812 2.026011e-08
1813 1.310316e-08
1814 0.000000e+00
1815 0.000000e+00
1816 0.000000e+00
1817 0.000000e+00
1818 0.000000e+00
1819 0.000000e+00
1820 0.000000e+00
1821 0.000000e+00
1822 0.000000e+00
1823 0.000000e+00
1824 0.000000e+00
1825 3.142253e-07
1826 3.269969e-07
1827 3.229805e-07
1828 2.985427e-07
1829 2.565977e-07
1830 2.093060e-07
1831 1.700747e-07
1832 1.415836e-07
1833 1.105038e-07
1834 7.532110e-08
1835 5.462998e-08
1836 3.661848e-08
1837 2.429446e-08
1838 1.570749e-08
1839 0.000000e+00
1840 0.000000e+00
1841 0.000000e+00
1842 0.000000e+00
1843 0.000000e+00
1844 0.000000e+00
1845 0.000000e+00
1846 0.000000e+00
1847 0.000000e+00
1848 0.000000e+00
1849 0.000000e+00
1850 3.584720e-07
1851 3.730537e-07
1852 3.685586e-07
1853 3.407746e-07
1854 2.929920e-07
1855 2.390250e-07
1856 1.941955e-07
1857 1.616538e-07
1858 1.262696e-07
1859 8.609721e-08
1860 6.243462e-08
1861 4.185422e-08
1862 2.778093e-08
1863 1.795697e-08
1864 0.000000e+00
1865 0.000000e+00
1866 0.000000e+00
1867 0.000000e+00
1868 0.000000e+00
1869 0.000000e+00
1870 0.000000e+00
1871 0.000000e+00
1872 0.000000e+00
1873 0.000000e+00
1874 0.000000e+00
1875 4.155238e-07
1876 4.324409e-07
1877 4.273313e-07
1878 3.952448e-07
1879 3.399329e-07
1880 2.773560e-07
1881 2.253062e-07
1882 1.875400e-07
1883 1.466119e-07
1884 1.000054e-07
1885 7.248439e-08
1886 4.860718e-08
1887 3.227564e-08
1888 2.085726e-08
1889 0.000000e+00
1890 0.000000e+00
1891 0.000000e+00
1892 0.000000e+00
1893 0.000000e+00
1894 0.000000e+00
1895 0.000000e+00
1896 0.000000e+00
1897 0.000000e+00
1898 0.000000e+00
1899 0.000000e+00
1900 1.317193e-07
1901 1.413794e-07
1902 1.452218e-07
1903 1.408869e-07
1904 1.274186e-07
1905 1.073959e-07
1906 8.693365e-08
1907 7.118853e-08
1908 5.921911e-08
1909 4.405155e-08
1910 2.979844e-08
1911 2.151903e-08
1912 1.439901e-08
1913 9.318854e-09
1914 6.064409e-09
1915 0.000000e+00
1916 0.000000e+00
1917 0.000000e+00
1918 0.000000e+00
1919 0.000000e+00
1920 0.000000e+00
1921 0.000000e+00
1922 0.000000e+00
1923 0.000000e+00
1924 0.000000e+00
1925 1.800412e-07
1926 1.931818e-07
1927 1.984831e-07
1928 1.926804e-07
1929 1.744040e-07
1930 1.471102e-07
1931 1.191044e-07
1932 9.747852e-08
1933 8.110386e-08
1934 6.048236e-08
1935 4.088812e-08
1936 2.957191e-08
1937 1.977291e-08
1938 1.281071e-08
1939 8.334685e-09
1940 0.000000e+00
1941 0.000000e+00
1942 0.000000e+00
1943 0.000000e+00
1944 0.000000e+00
1945 0.000000e+00
1946 0.000000e+00
1947 0.000000e+00
1948 0.000000e+00
1949 0.000000e+00
1950 2.215966e-07
1951 2.377307e-07
1952 2.442817e-07
1953 2.372146e-07
1954 2.148028e-07
1955 1.812572e-07
1956 1.467639e-07
1957 1.200825e-07
1958 9.992106e-08
1959 7.460723e-08
1960 5.042044e-08
1961 3.649410e-08
1962 2.439206e-08
1963 1.581210e-08
1964 1.028614e-08
1965 0.000000e+00
1966 0.000000e+00
1967 0.000000e+00
1968 0.000000e+00
1969 0.000000e+00
1970 0.000000e+00
1971 0.000000e+00
1972 0.000000e+00
1973 0.000000e+00
1974 0.000000e+00
1975 2.751594e-07
1976 2.951512e-07
1977 3.033164e-07
1978 2.946196e-07
1979 2.668724e-07
1980 2.252691e-07
1981 1.824141e-07
1982 1.492167e-07
1983 1.241742e-07
1984 9.281249e-08
1985 6.270683e-08
1986 4.541404e-08
1987 3.034578e-08
1988 1.967968e-08
1989 1.280133e-08
1990 0.000000e+00
1991 0.000000e+00
1992 0.000000e+00
1993 0.000000e+00
1994 0.000000e+00
1995 0.000000e+00
1996 0.000000e+00
1997 0.000000e+00
1998 0.000000e+00
1999 0.000000e+00
2000 9.284731e-08
2001 1.017533e-07
2002 1.073451e-07
2003 1.079636e-07
2004 1.020223e-07
2005 8.944684e-08
2006 7.361789e-08
2007 5.949052e-08
2008 4.935001e-08
2009 4.001112e-08
2010 2.782512e-08
2011 1.976668e-08
2012 1.341069e-08
2013 9.038097e-09
2014 5.774945e-09
2015 0.000000e+00
2016 0.000000e+00
2017 0.000000e+00
2018 0.000000e+00
2019 0.000000e+00
2020 0.000000e+00
2021 0.000000e+00
2022 0.000000e+00
2023 0.000000e+00
2024 0.000000e+00
2025 1.316387e-07
2026 1.441750e-07
2027 1.520770e-07
2028 1.529959e-07
2029 1.446526e-07
2030 1.269477e-07
2031 1.045355e-07
2032 8.446196e-08
2033 7.003454e-08
2034 5.685789e-08
2035 3.961948e-08
2036 2.808273e-08
2037 1.909047e-08
2038 1.286993e-08
2039 8.220593e-09
2040 0.000000e+00
2041 0.000000e+00
2042 0.000000e+00
2043 0.000000e+00
2044 0.000000e+00
2045 0.000000e+00
2046 0.000000e+00
2047 0.000000e+00
2048 0.000000e+00
2049 0.000000e+00
2050 1.814298e-07
2051 1.986303e-07
2052 2.094947e-07
2053 2.107858e-07
2054 1.993743e-07
2055 1.750746e-07
2056 1.442297e-07
2057 1.165078e-07
2058 9.657995e-08
2059 7.848189e-08
2060 5.474978e-08
2061 3.875392e-08
2062 2.637672e-08
2063 1.778553e-08
2064 1.135686e-08
2065 0.000000e+00
2066 0.000000e+00
2067 0.000000e+00
2068 0.000000e+00
2069 0.000000e+00
2070 0.000000e+00
2071 0.000000e+00
2072 0.000000e+00
2073 0.000000e+00
2074 0.000000e+00
2075 7.048456e-08
2076 7.846671e-08
2077 8.453751e-08
2078 8.726605e-08
2079 8.508273e-08
2080 7.734884e-08
2081 6.551833e-08
2082 5.305528e-08
2083 4.331796e-08
2084 3.610066e-08
2085 2.720817e-08
2086 1.821874e-08
2087 1.329782e-08
2088 8.837267e-09
2089 5.722605e-09
2090 3.711571e-09
2091 0.000000e+00
2092 0.000000e+00
2093 0.000000e+00
2094 0.000000e+00
2095 0.000000e+00
2096 0.000000e+00
2097 0.000000e+00
2098 0.000000e+00
2099 0.000000e+00
2100 1.165487e-07
2101 1.295892e-07
2102 1.395375e-07
2103 1.440574e-07
2104 1.405414e-07
2105 1.278541e-07
2106 1.083706e-07
2107 8.777748e-08
2108 7.162855e-08
2109 5.969973e-08
2110 4.509253e-08
2111 3.019088e-08
2112 2.206346e-08
2113 1.465021e-08
2114 9.498178e-09
2115 6.158008e-09
2116 0.000000e+00
2117 0.000000e+00
2118 0.000000e+00
2119 0.000000e+00
2120 0.000000e+00
2121 0.000000e+00
2122 0.000000e+00
2123 0.000000e+00
2124 0.000000e+00
2125 7.098499e-08
2126 7.999448e-08
2127 8.735821e-08
2128 9.183218e-08
2129 9.204289e-08
2130 8.655374e-08
2131 7.537955e-08
2132 6.180258e-08
2133 4.994642e-08
2134 4.151874e-08
2135 3.336997e-08
2136 2.293737e-08
2137 1.648946e-08
2138 1.101994e-08
2139 7.392528e-09
2140 4.712197e-09
2141 0.000000e+00
2142 0.000000e+00
2143 0.000000e+00
2144 0.000000e+00
2145 0.000000e+00
2146 0.000000e+00
2147 0.000000e+00
2148 0.000000e+00
2149 0.000000e+00
2150 3.674496e-08
2151 4.187276e-08
2152 4.639682e-08
2153 4.963140e-08
2154 5.067747e-08
2155 4.879973e-08
2156 4.381868e-08
2157 3.665788e-08
2158 2.958308e-08
2159 2.431101e-08
2160 2.020374e-08
2161 1.471008e-08
2162 9.970273e-09
2163 7.071073e-09
2164 4.743911e-09
2165 3.014917e-09
2166 1.948211e-09
2167 0.000000e+00
2168 0.000000e+00
2169 0.000000e+00
2170 0.000000e+00
2171 0.000000e+00
2172 0.000000e+00
2173 0.000000e+00
2174 0.000000e+00
2175 4.054828e-05
2176 3.569469e-05
2177 2.974501e-05
2178 2.428254e-05
2179 1.996364e-05
2180 1.589134e-05
2181 1.160939e-05
2182 8.098794e-06
2183 5.672238e-06
2184 3.776951e-06
2185 2.472877e-06
2186 0.000000e+00
2187 0.000000e+00
2188 0.000000e+00
2189 0.000000e+00
2190 0.000000e+00
2191 0.000000e+00
2192 0.000000e+00
2193 0.000000e+00
2194 0.000000e+00
2195 0.000000e+00
2196 0.000000e+00
2197 0.000000e+00
2198 0.000000e+00
2199 0.000000e+00
2200 2.255928e-05
2201 2.229117e-05
2202 2.064603e-05
2203 1.779965e-05
2204 1.455079e-05
2205 1.182281e-05
2206 9.833392e-06
2207 7.721058e-06
2208 5.305234e-06
2209 3.821641e-06
2210 2.579926e-06
2211 1.716973e-06
2212 1.109733e-06
2213 0.000000e+00
2214 0.000000e+00
2215 0.000000e+00
2216 0.000000e+00
2217 0.000000e+00
2218 0.000000e+00
2219 0.000000e+00
2220 0.000000e+00
2221 0.000000e+00
2222 0.000000e+00
2223 0.000000e+00
2224 0.000000e+00
2225 1.455672e-05
2226 1.514320e-05
2227 1.497065e-05
2228 1.384821e-05
2229 1.190785e-05
2230 9.711504e-06
2231 7.882485e-06
2232 6.567097e-06
2233 5.143241e-06
2234 3.494182e-06
2235 2.549923e-06
2236 1.701707e-06
2237 1.131220e-06
2238 7.312961e-07
2239 0.000000e+00
2240 0.000000e+00
2241 0.000000e+00
2242 0.000000e+00
2243 0.000000e+00
2244 0.000000e+00
2245 0.000000e+00
2246 0.000000e+00
2247 0.000000e+00
2248 0.000000e+00
2249 0.000000e+00
2250 9.856166e-06
2251 1.056303e-05
2252 1.085275e-05
2253 1.053888e-05
2254 9.549017e-06
2255 8.065452e-06
2256 6.527603e-06
2257 5.337344e-06
2258 4.446353e-06
2259 3.330265e-06
2260 2.239145e-06
2261 1.629061e-06
2262 1.087789e-06
2263 7.048179e-07
2264 4.589634e-07
2265 0.000000e+00
2266 0.000000e+00
2267 0.000000e+00
2268 0.000000e+00
2269 0.000000e+00
2270 0.000000e+00
2271 0.000000e+00
2272 0.000000e+00
2273 0.000000e+00
2274 0.000000e+00
2275 6.957487e-06
2276 7.603923e-06
2277 8.011236e-06
2278 8.058742e-06
2279 7.631238e-06
2280 6.704923e-06
2281 5.521815e-06
2282 4.459136e-06
2283 3.695938e-06
2284 3.012639e-06
2285 2.100381e-06
2286 1.485156e-06
2287 1.010482e-06
2288 6.830012e-07
2289 4.355164e-07
2290 0.000000e+00
2291 0.000000e+00
2292 0.000000e+00
2293 0.000000e+00
2294 0.000000e+00
2295 0.000000e+00
2296 0.000000e+00
2297 0.000000e+00
2298 0.000000e+00
2299 0.000000e+00
2300 5.069989e-06
2301 5.622801e-06
2302 6.047832e-06
2303 6.244605e-06
2304 6.092293e-06
2305 5.544113e-06
2306 4.702705e-06
2307 3.808848e-06
2308 3.106378e-06
2309 2.589628e-06
2310 1.961006e-06
2311 1.308947e-06
2312 9.603049e-07
2313 6.368811e-07
2314 4.131544e-07
2315 2.679738e-07
2316 0.000000e+00
2317 0.000000e+00
2318 0.000000e+00
2319 0.000000e+00
2320 0.000000e+00
2321 0.000000e+00
2322 0.000000e+00
2323 0.000000e+00
2324 0.000000e+00
2325 3.787893e-06
2326 4.255276e-06
2327 4.638078e-06
2328 4.871166e-06
2329 4.882433e-06
2330 4.597802e-06
2331 4.006607e-06
2332 3.285511e-06
2333 2.654370e-06
2334 2.205856e-06
2335 1.777401e-06
2336 1.223138e-06
2337 8.776922e-07
2338 5.868671e-07
2339 3.943949e-07
2340 2.511861e-07
2341 0.000000e+00
2342 0.000000e+00
2343 0.000000e+00
2344 0.000000e+00
2345 0.000000e+00
2346 0.000000e+00
2347 0.000000e+00
2348 0.000000e+00
2349 0.000000e+00
2350 2.626000e-06
2351 2.975836e-06
2352 3.287302e-06
2353 3.513296e-06
2354 3.586874e-06
2355 3.455700e-06
2356 3.106726e-06
2357 2.603242e-06
2358 2.100203e-06
2359 1.724294e-06
2360 1.434113e-06
2361 1.049742e-06
2362 7.085067e-07
2363 5.046906e-07
2364 3.382071e-07
2365 2.150577e-07
2366 1.390485e-07
2367 0.000000e+00
2368 0.000000e+00
2369 0.000000e+00
2370 0.000000e+00
2371 0.000000e+00
2372 0.000000e+00
2373 0.000000e+00
2374 0.000000e+00
2375 1.505011e-06
2376 1.723776e-06
2377 1.924799e-06
2378 2.084417e-06
2379 2.173954e-06
2380 2.155203e-06
2381 1.993184e-06
2382 1.710987e-06
2383 1.393901e-06
2384 1.129319e-06
2385 9.418148e-07
2386 7.356753e-07
2387 4.957722e-07
2388 3.646683e-07
2389 2.395036e-07
2390 1.576668e-07
2391 1.008830e-07
2392 0.000000e+00
2393 0.000000e+00
2394 0.000000e+00
2395 0.000000e+00
2396 0.000000e+00
2397 0.000000e+00
2398 0.000000e+00
2399 0.000000e+00
2400 6.649050e-07
2401 7.677916e-07
2402 8.679278e-07
2403 9.545121e-07
2404 1.011926e-06
2405 1.024574e-06
2406 9.781231e-07
2407 8.686792e-07
2408 7.196547e-07
2409 5.805985e-07
2410 4.790872e-07
2411 3.954184e-07
2412 2.800538e-07
2413 1.939515e-07
2414 1.339392e-07
2415 9.007197e-08
2416 5.678992e-08
2417 3.635796e-08
2418 0.000000e+00
2419 0.000000e+00
2420 0.000000e+00
2421 0.000000e+00
2422 0.000000e+00
2423 0.000000e+00
2424 0.000000e+00
2425 0.000000e+00
2426 0.000000e+00
2427 0.000000e+00
2428 0.000000e+00
2429 0.000000e+00
2430 0.000000e+00
2431 0.000000e+00
2432 2.578799e-07
2433 1.805387e-07
2434 1.207177e-07
2435 7.930756e-08
2436 0.000000e+00
2437 0.000000e+00
2438 0.000000e+00
2439 0.000000e+00
2440 0.000000e+00
2441 0.000000e+00
2442 0.000000e+00
2443 0.000000e+00
2444 0.000000e+00
2445 0.000000e+00
2446 0.000000e+00
2447 0.000000e+00
2448 0.000000e+00
2449 0.000000e+00
2450 0.000000e+00
2451 0.000000e+00
2452 0.000000e+00
2453 0.000000e+00
2454 0.000000e+00
2455 0.000000e+00
2456 0.000000e+00
2457 2.955888e-07
2458 2.048209e-07
2459 1.461861e-07
2460 9.937297e-08
2461 6.606788e-08
2462 4.270180e-08
2463 0.000000e+00
2464 0.000000e+00
2465 0.000000e+00
2466 0.000000e+00
2467 0.000000e+00
2468 0.000000e+00
2469 0.000000e+00
2470 0.000000e+00
2471 0.000000e+00
2472 0.000000e+00
2473 0.000000e+00
2474 0.000000e+00
2475 0.000000e+00
2476 0.000000e+00
2477 0.000000e+00
2478 0.000000e+00
2479 0.000000e+00
2480 0.000000e+00
2481 0.000000e+00
2482 2.824848e-07
2483 2.211847e-07
2484 1.509869e-07
2485 1.093739e-07
2486 7.338016e-08
2487 4.876480e-08
2488 3.150036e-08
2489 0.000000e+00
2490 0.000000e+00
2491 0.000000e+00
2492 0.000000e+00
2493 0.000000e+00
2494 0.000000e+00
2495 0.000000e+00
2496 0.000000e+00
2497 0.000000e+00
2498 0.000000e+00
2499 0.000000e+00
2500 0.000000e+00
2501 0.000000e+00
2502 0.000000e+00
2503 0.000000e+00
2504 0.000000e+00
2505 0.000000e+00
2506 0.000000e+00
2507 2.561589e-07
2508 2.132003e-07
2509 1.596358e-07
2510 1.078056e-07
2511 7.816496e-08
2512 5.220007e-08
2513 3.387991e-08
2514 2.203389e-08
2515 0.000000e+00
2516 0.000000e+00
2517 0.000000e+00
2518 0.000000e+00
2519 0.000000e+00
2520 0.000000e+00
2521 0.000000e+00
2522 0.000000e+00
2523 0.000000e+00
2524 0.000000e+00
2525 0.000000e+00
2526 0.000000e+00
2527 0.000000e+00
2528 0.000000e+00
2529 0.000000e+00
2530 0.000000e+00
2531 0.000000e+00
2532 2.341189e-07
2533 1.940042e-07
2534 1.578623e-07
2535 1.102951e-07
2536 7.792851e-08
2537 5.312983e-08
2538 3.583172e-08
2539 2.287397e-08
2540 0.000000e+00
2541 0.000000e+00
2542 0.000000e+00
2543 0.000000e+00
2544 0.000000e+00
2545 0.000000e+00
2546 0.000000e+00
2547 0.000000e+00
2548 0.000000e+00
2549 0.000000e+00
2550 0.000000e+00
2551 0.000000e+00
2552 0.000000e+00
2553 0.000000e+00
2554 0.000000e+00
2555 0.000000e+00
2556 0.000000e+00
2557 2.150038e-07
2558 1.753625e-07
2559 1.461668e-07
2560 1.106182e-07
2561 7.405475e-08
2562 5.417902e-08
2563 3.594796e-08
2564 2.333071e-08
2565 1.512126e-08
2566 0.000000e+00
2567 0.000000e+00
2568 0.000000e+00
2569 0.000000e+00
2570 0.000000e+00
2571 0.000000e+00
2572 0.000000e+00
2573 0.000000e+00
2574 0.000000e+00
2575 0.000000e+00
2576 0.000000e+00
2577 0.000000e+00
2578 0.000000e+00
2579 0.000000e+00
2580 0.000000e+00
2581 0.000000e+00
2582 1.969640e-07
2583 1.591420e-07
2584 1.322284e-07
2585 1.065035e-07
2586 7.332399e-08
2587 5.258367e-08
2588 3.520957e-08
2589 2.364023e-08
2590 1.505829e-08
2591 0.000000e+00
2592 0.000000e+00
2593 0.000000e+00
2594 0.000000e+00
2595 0.000000e+00
2596 0.000000e+00
2597 0.000000e+00
2598 0.000000e+00
2599 0.000000e+00
2600 0.000000e+00
2601 0.000000e+00
2602 0.000000e+00
2603 0.000000e+00
2604 0.000000e+00
2605 0.000000e+00
2606 0.000000e+00
2607 1.780704e-07
2608 1.437127e-07
2609 1.179828e-07
2610 9.809086e-08
2611 7.178028e-08
2612 4.849522e-08
2613 3.455130e-08
2614 2.314167e-08
2615 1.472957e-08
2616 9.519511e-09
2617 0.000000e+00
2618 0.000000e+00
2619 0.000000e+00
2620 0.000000e+00
2621 0.000000e+00
2622 0.000000e+00
2623 0.000000e+00
2624 0.000000e+00
2625 0.000000e+00
2626 0.000000e+00
2627 0.000000e+00
2628 0.000000e+00
2629 0.000000e+00
2630 0.000000e+00
2631 0.000000e+00
2632 1.531765e-07
2633 1.247940e-07
2634 1.011292e-07
2635 8.431540e-08
2636 6.587982e-08
2637 4.442688e-08
2638 3.260509e-08
2639 2.145187e-08
2640 1.412480e-08
2641 9.035220e-09
2642 0.000000e+00
2643 0.000000e+00
2644 0.000000e+00
2645 0.000000e+00
2646 0.000000e+00
2647 0.000000e+00
2648 0.000000e+00
2649 0.000000e+00
2650 0.000000e+00
2651 0.000000e+00
2652 0.000000e+00
2653 0.000000e+00
2654 0.000000e+00
2655 0.000000e+00
2656 0.000000e+00
2657 1.213308e-07
2658 1.008316e-07
2659 8.138614e-08
2660 6.706373e-08
2661 5.538158e-08
2662 3.963780e-08
2663 2.728830e-08
2664 1.900992e-08
2665 1.274561e-08
2666 8.060404e-09
2667 5.162938e-09
2668 0.000000e+00
2669 0.000000e+00
2670 0.000000e+00
2671 0.000000e+00
2672 0.000000e+00
2673 0.000000e+00
2674 0.000000e+00
2675 0.000000e+00
2676 0.000000e+00
2677 0.000000e+00
2678 0.000000e+00
2679 0.000000e+00
2680 0.000000e+00
2681 0.000000e+00
2682 4.638329e-10
2683 2.980073e-10
2684 1.935194e-10
2685 1.278211e-10
2686 8.606756e-11
2687 5.939423e-11
2688 4.188044e-11
2689 2.985948e-11
2690 2.123776e-11
2691 1.486091e-11
2692 1.010904e-11
2693 6.633052e-12
2694 4.186983e-12
2695 2.548758e-12
2696 0.000000e+00
2697 0.000000e+00
2698 0.000000e+00
2699 0.000000e+00
2700 0.000000e+00
2701 0.000000e+00
2702 0.000000e+00
2703 0.000000e+00
2704 0.000000e+00
2705 0.000000e+00
2706 0.000000e+00
2707 2.426689e-09
2708 1.619370e-09
2709 1.056207e-09
2710 6.864991e-10
2711 4.482932e-10
2712 2.956333e-10
2713 1.984135e-10
2714 1.363050e-10
2715 9.564048e-11
2716 6.803997e-11
2717 4.848934e-11
2718 3.415901e-11
2719 2.351028e-11
2720 1.568417e-11
2721 0.000000e+00
2722 0.000000e+00
2723 0.000000e+00
2724 0.000000e+00
2725 0.000000e+00
2726 0.000000e+00
2727 0.000000e+00
2728 0.000000e+00
2729 0.000000e+00
2730 0.000000e+00
2731 0.000000e+00
2732 4.969671e-09
2733 3.370720e-09
2734 2.256071e-09
2735 1.475425e-09
2736 9.601407e-10
2737 6.273039e-10
2738 4.130260e-10
2739 2.766479e-10
2740 1.895285e-10
2741 1.327348e-10
2742 9.444448e-11
2743 6.751069e-11
2744 4.784398e-11
2745 3.321994e-11
2746 0.000000e+00
2747 0.000000e+00
2748 0.000000e+00
2749 0.000000e+00
2750 0.000000e+00
2751 0.000000e+00
2752 0.000000e+00
2753 0.000000e+00
2754 0.000000e+00
2755 0.000000e+00
2756 0.000000e+00
2757 8.025639e-09
2758 5.503964e-09
2759 3.732798e-09
2760 2.479997e-09
2761 1.621159e-09
2762 1.054671e-09
2763 6.903599e-10
2764 4.556541e-10
2765 3.066958e-10
2766 2.111955e-10
2767 1.485947e-10
2768 1.060574e-10
2769 7.590630e-11
2770 5.379824e-11
2771 0.000000e+00
2772 0.000000e+00
2773 0.000000e+00
2774 0.000000e+00
2775 0.000000e+00
2776 0.000000e+00
2777 0.000000e+00
2778 0.000000e+00
2779 0.000000e+00
2780 0.000000e+00
2781 0.000000e+00
2782 1.150426e-08
2783 8.067762e-09
2784 5.495718e-09
2785 3.710120e-09
2786 2.439603e-09
2787 1.591698e-09
2788 1.037265e-09
2789 6.799832e-10
2790 4.516924e-10
2791 3.064797e-10
2792 2.128502e-10
2793 1.507542e-10
2794 1.079773e-10
2795 7.725961e-11
2796 0.000000e+00
2797 0.000000e+00
2798 0.000000e+00
2799 0.000000e+00
2800 0.000000e+00
2801 0.000000e+00
2802 0.000000e+00
2803 0.000000e+00
2804 0.000000e+00
2805 0.000000e+00
2806 0.000000e+00
2807 1.544561e-08
2808 1.110440e-08
2809 7.647773e-09
2810 5.190892e-09
2811 3.459234e-09
2812 2.264317e-09
2813 1.472119e-09
2814 9.621198e-10
2815 6.331078e-10
2816 4.241532e-10
2817 2.906632e-10
2818 2.037682e-10
2819 1.452524e-10
2820 1.042259e-10
2821 0.000000e+00
2822 0.000000e+00
2823 0.000000e+00
2824 0.000000e+00
2825 0.000000e+00
2826 0.000000e+00
2827 0.000000e+00
2828 0.000000e+00
2829 0.000000e+00
2830 0.000000e+00
2831 0.000000e+00
2832 1.996621e-08
2833 1.466571e-08
2834 1.028486e-08
2835 7.005573e-09
2836 4.725223e-09
2837 3.106229e-09
2838 2.024917e-09
2839 1.318272e-09
2840 8.627709e-10
2841 5.718806e-10
2842 3.869873e-10
2843 2.680292e-10
2844 1.895119e-10
2845 1.357056e-10
2846 0.000000e+00
2847 0.000000e+00
2848 0.000000e+00
2849 0.000000e+00
2850 0.000000e+00
2851 0.000000e+00
2852 0.000000e+00
2853 0.000000e+00
2854 0.000000e+00
2855 0.000000e+00
2856 0.000000e+00
2857 2.496097e-08
2858 1.863674e-08
2859 1.332811e-08
2860 9.153950e-09
2861 6.203279e-09
2862 4.118316e-09
2863 2.691859e-09
2864 1.748032e-09
2865 1.140603e-09
2866 7.497158e-10
2867 5.017192e-10
2868 3.432505e-10
2869 2.402341e-10
2870 1.710719e-10
2871 0.000000e+00
2872 0.000000e+00
2873 0.000000e+00
2874 0.000000e+00
2875 0.000000e+00
2876 0.000000e+00
2877 0.000000e+00
2878 0.000000e+00
2879 0.000000e+00
2880 0.000000e+00
2881 0.000000e+00
2882 3.068396e-08
2883 2.320888e-08
2884 1.690466e-08
2885 1.176950e-08
2886 7.998239e-09
2887 5.368808e-09
2888 3.518858e-09
2889 2.287348e-09
2890 1.487722e-09
2891 9.721444e-10
2892 6.437794e-10
2893 4.352960e-10
2894 3.010949e-10
2895 2.125501e-10
2896 0.000000e+00
2897 0.000000e+00
2898 0.000000e+00
2899 0.000000e+00
2900 0.000000e+00
2901 0.000000e+00
2902 0.000000e+00
2903 0.000000e+00
2904 0.000000e+00
2905 0.000000e+00
2906 0.000000e+00
2907 4.114036e-08
2908 3.158800e-08
2909 2.355301e-08
2910 1.684262e-08
2911 1.157950e-08
2912 7.834034e-09
2913 5.197348e-09
2914 3.391578e-09
2915 2.197622e-09
2916 1.427989e-09
2917 9.337314e-10
2918 6.201200e-10
2919 4.206165e-10
2920 2.915684e-10
2921 0.000000e+00
2922 0.000000e+00
2923 0.000000e+00
2924 0.000000e+00
2925 0.000000e+00
2926 0.000000e+00
2927 0.000000e+00
2928 0.000000e+00
2929 0.000000e+00
2930 0.000000e+00
2931 0.000000e+00
2932 1.342557e-07
2933 1.095450e-07
2934 8.676835e-08
2935 6.714720e-08
2936 5.070093e-08
2937 3.689569e-08
2938 2.560264e-08
2939 1.732108e-08
2940 1.157116e-08
2941 7.516782e-09
2942 4.820448e-09
2943 3.079941e-09
2944 1.960507e-09
2945 1.253303e-09
2946 0.000000e+00
2947 0.000000e+00
2948 0.000000e+00
2949 0.000000e+00
2950 0.000000e+00
2951 0.000000e+00
2952 0.000000e+00
2953 0.000000e+00
2954 0.000000e+00
2955 0.000000e+00
2956 1.543897e-12
2957 1.119775e-12
2958 8.231452e-13
2959 5.917809e-13
2960 4.293691e-13
2961 0.000000e+00
2962 0.000000e+00
2963 0.000000e+00
2964 0.000000e+00
2965 0.000000e+00
2966 0.000000e+00
2967 0.000000e+00
2968 0.000000e+00
2969 0.000000e+00
2970 0.000000e+00
2971 0.000000e+00
2972 0.000000e+00
2973 0.000000e+00
2974 0.000000e+00
2975 0.000000e+00
2976 0.000000e+00
2977 0.000000e+00
2978 0.000000e+00
2979 0.000000e+00
2980 0.000000e+00
2981 1.319869e-12
2982 1.046059e-12
2983 7.412068e-13
2984 5.466022e-13
2985 3.916440e-13
2986 2.796802e-13
2987 1.996474e-13
2988 0.000000e+00
2989 0.000000e+00
2990 0.000000e+00
2991 0.000000e+00
2992 0.000000e+00
2993 0.000000e+00
2994 0.000000e+00
2995 0.000000e+00
2996 0.000000e+00
2997 0.000000e+00
2998 0.000000e+00
2999 0.000000e+00
3000 0.000000e+00
3001 0.000000e+00
3002 0.000000e+00
3003 0.000000e+00
3004 0.000000e+00
3005 0.000000e+00
3006 1.112693e-12
3007 9.275501e-13
3008 7.323937e-13
3009 5.083777e-13
3010 3.769741e-13
3011 2.644216e-13
3012 1.872488e-13
3013 1.316842e-13
3014 0.000000e+00
3015 0.000000e+00
3016 0.000000e+00
3017 0.000000e+00
3018 0.000000e+00
3019 0.000000e+00
3020 0.000000e+00
3021 0.000000e+00
3022 0.000000e+00
3023 0.000000e+00
3024 0.000000e+00
3025 0.000000e+00
3026 0.000000e+00
3027 0.000000e+00
3028 0.000000e+00
3029 0.000000e+00
3030 0.000000e+00
3031 9.912408e-13
3032 8.106085e-13
3033 6.757684e-13
3034 5.099725e-13
3035 3.479057e-13
3036 2.587487e-13
3037 1.791395e-13
3038 1.232866e-13
3039 8.644581e-14
3040 0.000000e+00
3041 0.000000e+00
3042 0.000000e+00
3043 0.000000e+00
3044 0.000000e+00
3045 0.000000e+00
3046 0.000000e+00
3047 0.000000e+00
3048 0.000000e+00
3049 0.000000e+00
3050 0.000000e+00
3051 0.000000e+00
3052 0.000000e+00
3053 0.000000e+00
3054 0.000000e+00
3055 0.000000e+00
3056 9.016502e-13
3057 7.282872e-13
3058 6.030105e-13
3059 4.923934e-13
3060 3.475024e-13
3061 2.461896e-13
3062 1.718071e-13
3063 1.197811e-13
3064 8.058876e-14
3065 0.000000e+00
3066 0.000000e+00
3067 0.000000e+00
3068 0.000000e+00
3069 0.000000e+00
3070 0.000000e+00
3071 0.000000e+00
3072 0.000000e+00
3073 0.000000e+00
3074 0.000000e+00
3075 0.000000e+00
3076 0.000000e+00
3077 0.000000e+00
3078 0.000000e+00
3079 0.000000e+00
3080 0.000000e+00
3081 8.245919e-13
3082 6.679785e-13
3083 5.447771e-13
3084 4.545221e-13
3085 3.456150e-13
3086 2.318577e-13
3087 1.717661e-13
3088 1.158447e-13
3089 7.757397e-14
3090 5.232298e-14
3091 0.000000e+00
3092 0.000000e+00
3093 0.000000e+00
3094 0.000000e+00
3095 0.000000e+00
3096 0.000000e+00
3097 0.000000e+00
3098 0.000000e+00
3099 0.000000e+00
3100 0.000000e+00
3101 0.000000e+00
3102 0.000000e+00
3103 0.000000e+00
3104 0.000000e+00
3105 0.000000e+00
3106 7.605269e-13
3107 6.248031e-13
3108 5.044291e-13
3109 4.185981e-13
3110 3.387370e-13
3111 2.352276e-13
3112 1.675727e-13
3113 1.132626e-13
3114 7.754268e-14
3115 5.068211e-14
3116 0.000000e+00
3117 0.000000e+00
3118 0.000000e+00
3119 0.000000e+00
3120 0.000000e+00
3121 0.000000e+00
3122 0.000000e+00
3123 0.000000e+00
3124 0.000000e+00
3125 0.000000e+00
3126 0.000000e+00
3127 0.000000e+00
3128 0.000000e+00
3129 0.000000e+00
3130 0.000000e+00
3131 7.032047e-13
3132 5.895247e-13
3133 4.761942e-13
3134 3.908962e-13
3135 3.249422e-13
3136 2.387107e-13
3137 1.611386e-13
3138 1.162517e-13
3139 7.778941e-14
3140 5.008263e-14
3141 3.311778e-14
3142 0.000000e+00
3143 0.000000e+00
3144 0.000000e+00
3145 0.000000e+00
3146 0.000000e+00
3147 0.000000e+00
3148 0.000000e+00
3149 0.000000e+00
3150 0.000000e+00
3151 0.000000e+00
3152 0.000000e+00
3153 0.000000e+00
3154 0.000000e+00
3155 0.000000e+00
3156 6.440992e-13
3157 5.541277e-13
3158 4.516486e-13
3159 3.655125e-13
3160 3.048169e-13
3161 2.397986e-13
3162 1.621964e-13
3163 1.184057e-13
3164 7.822179e-14
3165 5.211714e-14
3166 3.334172e-14
3167 0.000000e+00
3168 0.000000e+00
3169 0.000000e+00
3170 0.000000e+00
3171 0.000000e+00
3172 0.000000e+00
3173 0.000000e+00
3174 0.000000e+00
3175 0.000000e+00
3176 0.000000e+00
3177 0.000000e+00
3178 0.000000e+00
3179 0.000000e+00
3180 0.000000e+00
3181 5.825554e-13
3182 5.198780e-13
3183 4.331049e-13
3184 3.498245e-13
3185 2.878532e-13
3186 2.379873e-13
3187 1.718582e-13
3188 1.176521e-13
3189 8.267972e-14
3190 5.521915e-14
3191 3.509121e-14
3192 2.258342e-14
3193 0.000000e+00
3194 0.000000e+00
3195 0.000000e+00
3196 0.000000e+00
3197 0.000000e+00
3198 0.000000e+00
3199 0.000000e+00
3200 0.000000e+00
3201 0.000000e+00
3202 0.000000e+00
3203 0.000000e+00
3204 0.000000e+00
3205 0.000000e+00
3206 1.179717e-14
3207 9.201818e-15
3208 7.240032e-15
3209 5.737606e-15
3210 4.545598e-15
3211 3.569650e-15
3212 2.755478e-15
3213 2.072341e-15
3214 1.504481e-15
3215 1.044978e-15
3216 6.887396e-16
3217 4.282739e-16
3218 2.508597e-16
3219 1.388990e-16
3220 7.315093e-17
3221 3.674001e-17
3222 0.000000e+00
3223 0.000000e+00
3224 0.000000e+00
3225 0.000000e+00
3226 0.000000e+00
3227 0.000000e+00
3228 0.000000e+00
3229 0.000000e+00
3230 0.000000e+00
3231 2.834222e-14
3232 2.137214e-14
3233 1.629973e-14
3234 1.254322e-14
3235 9.792509e-15
3236 7.734648e-15
3237 6.137292e-15
3238 4.852863e-15
3239 3.787771e-15
3240 2.887656e-15
3241 2.126980e-15
3242 1.499050e-15
3243 1.001843e-15
3244 6.314137e-16
3245 3.750262e-16
3246 2.108318e-16
3247 0.000000e+00
3248 0.000000e+00
3249 0.000000e+00
3250 0.000000e+00
3251 0.000000e+00
3252 0.000000e+00
3253 0.000000e+00
3254 0.000000e+00
3255 0.000000e+00
3256 4.370056e-14
3257 3.261613e-14
3258 2.448477e-14
3259 1.857705e-14
3260 1.420711e-14
3261 1.102799e-14
3262 8.671930e-15
3263 6.861238e-15
3264 5.419368e-15
3265 4.234044e-15
3266 3.237939e-15
3267 2.398454e-15
3268 1.703448e-15
3269 1.149727e-15
3270 7.327543e-16
3271 4.396200e-16
3272 0.000000e+00
3273 0.000000e+00
3274 0.000000e+00
3275 0.000000e+00
3276 0.000000e+00
3277 0.000000e+00
3278 0.000000e+00
3279 0.000000e+00
3280 0.000000e+00
3281 5.918636e-14
3282 4.453357e-14
3283 3.310821e-14
3284 2.485477e-14
3285 1.880072e-14
3286 1.437641e-14
3287 1.115058e-14
3288 8.758703e-15
3289 6.912153e-15
3290 5.440114e-15
3291 4.227532e-15
3292 3.210511e-15
3293 2.358424e-15
3294 1.659834e-15
3295 1.109624e-15
3296 7.001569e-16
3297 0.000000e+00
3298 0.000000e+00
3299 0.000000e+00
3300 0.000000e+00
3301 0.000000e+00
3302 0.000000e+00
3303 0.000000e+00
3304 0.000000e+00
3305 0.000000e+00
3306 7.516845e-14
3307 5.720104e-14
3308 4.262683e-14
3309 3.165457e-14
3310 2.378474e-14
3311 1.796385e-14
3312 1.376569e-14
3313 1.069629e-14
3314 8.394603e-15
3315 6.605168e-15
3316 5.166089e-15
3317 3.977311e-15
3318 2.982458e-15
3319 2.157758e-15
3320 1.492011e-15
3321 9.784129e-16
3322 0.000000e+00
3323 0.000000e+00
3324 0.000000e+00
3325 0.000000e+00
3326 0.000000e+00
3327 0.000000e+00
3328 0.000000e+00
3329 0.000000e+00
3330 0.000000e+00
3331 9.233133e-14
3332 7.092804e-14
3333 5.330403e-14
3334 3.941186e-14
3335 2.933087e-14
3336 2.200444e-14
3337 1.665978e-14
3338 1.279265e-14
3339 9.958148e-15
3340 7.800615e-15
3341 6.107351e-15
3342 4.733459e-15
3343 3.595909e-15
3344 2.651299e-15
3345 1.879397e-15
3346 1.269980e-15
3347 0.000000e+00
3348 0.000000e+00
3349 0.000000e+00
3350 0.000000e+00
3351 0.000000e+00
3352 0.000000e+00
3353 0.000000e+00
3354 0.000000e+00
3355 0.000000e+00
3356 1.113525e-13
3357 8.617852e-14
3358 6.537668e-14
3359 4.848430e-14
3360 3.576544e-14
3361 2.666580e-14
3362 1.996807e-14
3363 1.516681e-14
3364 1.167898e-14
3365 9.086631e-15
3366 7.092240e-15
3367 5.508526e-15
3368 4.215803e-15
3369 3.148888e-15
3370 2.273226e-15
3371 1.572638e-15
3372 0.000000e+00
3373 0.000000e+00
3374 0.000000e+00
3375 0.000000e+00
3376 0.000000e+00
3377 0.000000e+00
3378 0.000000e+00
3379 0.000000e+00
3380 0.000000e+00
3381 1.318738e-13
3382 1.026621e-13
3383 7.853304e-14
3384 5.865362e-14
3385 4.309065e-14
3386 3.186062e-14
3387 2.369549e-14
3388 1.779819e-14
3389 1.354656e-14
3390 1.044927e-14
3391 8.109043e-15
3392 6.287921e-15
3393 4.827701e-15
3394 3.634559e-15
3395 2.657095e-15
3396 1.870194e-15
3397 0.000000e+00
3398 0.000000e+00
3399 0.000000e+00
3400 0.000000e+00
3401 0.000000e+00
3402 0.000000e+00
3403 0.000000e+00
3404 0.000000e+00
3405 0.000000e+00
3406 1.550299e-13
3407 1.213502e-13
3408 9.347980e-14
3409 7.042415e-14
3410 5.182416e-14
3411 3.799653e-14
3412 2.810872e-14
3413 2.087001e-14
3414 1.570741e-14
3415 1.198635e-14
3416 9.225442e-15
3417 7.119720e-15
3418 5.463116e-15
3419 4.128179e-15
3420 3.043566e-15
3421 2.169575e-15
3422 0.000000e+00
3423 0.000000e+00
3424 0.000000e+00
3425 0.000000e+00
3426 0.000000e+00
3427 0.000000e+00
3428 0.000000e+00
3429 0.000000e+00
3430 0.000000e+00
3431 1.972181e-13
3432 1.558537e-13
3433 1.211837e-13
3434 9.249182e-14
3435 6.884365e-14
3436 5.022770e-14
3437 3.670160e-14
3438 2.693571e-14
3439 1.989894e-14
3440 1.487823e-14
3441 1.126277e-14
3442 8.576463e-15
3443 6.529535e-15
3444 4.926108e-15
3445 3.649022e-15
3446 2.629758e-15
3447 0.000000e+00
3448 0.000000e+00
3449 0.000000e+00
3450 0.000000e+00
3451 0.000000e+00
3452 0.000000e+00
3453 0.000000e+00
3454 0.000000e+00
3455 0.000000e+00
3456 0.000000e+00
3457 4.132216e-13
3458 3.321677e-13
3459 2.618550e-13
3460 2.038589e-13
3461 1.547996e-13
3462 1.118169e-13
3463 7.909196e-14
3464 5.643938e-14
3465 3.954442e-14
3466 2.774863e-14
3467 1.968838e-14
3468 1.405642e-14
3469 1.008906e-14
3470 7.240491e-15
3471 0.000000e+00
3472 0.000000e+00
3473 0.000000e+00
3474 0.000000e+00
3475 0.000000e+00
3476 0.000000e+00
3477 0.000000e+00
3478 0.000000e+00
3479 0.000000e+00
3480 0.000000e+00
3481 4.896293e-18
3482 4.084432e-18
3483 3.383735e-18
3484 2.798552e-18
3485 2.318822e-18
3486 1.916172e-18
3487 1.561721e-18
3488 1.266587e-18
3489 1.029585e-18
3490 8.286857e-19
3491 6.613092e-19
3492 5.217302e-19
3493 4.043044e-19
3494 3.061480e-19
3495 2.249801e-19
3496 1.591767e-19
3497 1.073441e-19
3498 6.827916e-20
3499 4.056168e-20
