0 2.479256e-09
1 1.815900e-09
2 1.278192e-09
3 8.612340e-10
4 5.572403e-10
5 3.468833e-10
6 2.056610e-10
7 1.149360e-10
8 6.016713e-11
9 2.802340e-11
10 1.138764e-11
11 3.725115e-12
12 8.905651e-13
13 1.919720e-13
14 9.241707e-14
15 4.582425e-14
16 4.355100e-14
17 4.418602e-14
18 4.535753e-14
19 4.601296e-14
20 1.134896e-13
21 1.035748e-13
22 0.000000e+00
23 0.000000e+00
24 0.000000e+00
25 4.209374e-09
26 3.166674e-09
27 2.302198e-09
28 1.602316e-09
29 1.061118e-09
30 6.753982e-10
31 4.140874e-10
32 2.398925e-10
33 1.297930e-10
34 6.692494e-11
35 2.756815e-11
36 8.800116e-12
37 1.341116e-12
38 -1.089494e-12
39 -4.963615e-13
40 -2.141666e-13
41 -2.102450e-13
42 -2.160093e-13
43 -2.244871e-13
44 -2.278102e-13
45 -6.908400e-13
46 -6.308990e-13
47 0.000000e+00
48 0.000000e+00
49 0.000000e+00
50 4.567254e-09
51 3.437605e-09
52 2.503270e-09
53 1.743561e-09
54 1.151614e-09
55 7.267299e-10
56 4.425759e-10
57 2.548166e-10
58 1.352014e-10
59 6.462086e-11
60 2.543345e-11
61 5.864416e-12
62 -1.847171e-12
63 -3.576858e-12
64 -2.184011e-12
65 -1.289029e-12
66 -1.219923e-12
67 -1.102670e-12
68 -1.117423e-12
69 -1.118016e-12
70 -2.323081e-12
71 -2.085466e-12
72 0.000000e+00
73 0.000000e+00
74 0.000000e+00
75 4.768496e-09
76 3.589629e-09
77 2.615576e-09
78 1.822645e-09
79 1.202062e-09
80 7.552704e-10
81 4.582845e-10
82 2.629247e-10
83 1.379790e-10
84 6.477143e-11
85 2.429775e-11
86 9.390539e-12
87 -3.646262e-12
88 -4.130057e-12
89 -3.052191e-12
90 -1.874217e-12
91 -1.753333e-12
92 -1.739879e-12
93 -1.767143e-12
94 -1.571153e-12
95 -3.192438e-12
96 -2.859010e-12
97 0.000000e+00
98 0.000000e+00
99 0.000000e+00
100 4.905688e-09
101 3.693847e-09
102 2.692866e-09
103 1.877169e-09
104 1.237920e-09
105 7.751109e-10
106 4.691850e-10
107 2.704483e-10
108 1.400811e-10
109 6.510101e-11
110 2.356593e-11
111 3.121777e-12
112 -4.813033e-12
113 -6.003877e-12
114 -1.419787e-11
115 -2.019607e-12
116 -1.847994e-12
117 -1.794988e-12
118 -1.794050e-12
119 -1.778472e-12
120 -3.763836e-12
121 -3.366444e-12
122 0.000000e+00
123 0.000000e+00
124 0.000000e+00
125 5.010477e-09
126 3.772304e-09
127 2.751438e-09
128 1.918672e-09
129 1.263184e-09
130 7.902813e-10
131 4.781631e-10
132 2.726507e-10
133 1.417553e-10
134 6.512995e-11
135 2.309584e-11
136 2.400932e-12
137 -5.635489e-12
138 -6.778170e-12
139 -4.119732e-12
140 -1.825336e-11
141 -2.086394e-12
142 -2.022934e-12
143 -2.019364e-12
144 -2.000392e-12
145 -4.213590e-12
146 -3.767636e-12
147 0.000000e+00
148 0.000000e+00
149 0.000000e+00
150 5.095766e-09
151 3.837018e-09
152 2.799418e-09
153 1.952619e-09
154 1.284853e-09
155 8.026393e-10
156 4.843917e-10
157 2.762484e-10
158 1.430730e-10
159 6.543175e-11
160 2.258215e-11
161 1.577286e-12
162 -6.292451e-12
163 -7.383679e-12
164 -4.537960e-12
165 -2.913290e-12
166 -2.716855e-12
167 -2.686845e-12
168 -2.725468e-12
169 -2.728961e-12
170 -4.562546e-12
171 -4.076975e-12
172 0.000000e+00
173 0.000000e+00
174 0.000000e+00
175 5.165660e-09
176 3.889522e-09
177 2.838564e-09
178 1.980153e-09
179 1.302489e-09
180 8.128419e-10
181 4.900228e-10
182 2.791417e-10
183 1.442002e-10
184 6.538384e-11
185 2.221538e-11
186 1.015572e-12
187 -2.321073e-12
188 -7.896166e-12
189 -4.784772e-12
190 -2.758259e-12
191 -2.524199e-12
192 -2.453613e-12
193 -2.454886e-12
194 -2.435957e-12
195 -4.856290e-12
196 -4.338213e-12
197 0.000000e+00
198 0.000000e+00
199 0.000000e+00
200 5.225296e-09
201 3.934797e-09
202 2.872002e-09
203 2.003837e-09
204 1.317606e-09
205 8.213444e-10
206 4.948441e-10
207 2.815757e-10
208 1.450108e-10
209 6.555397e-11
210 2.242354e-11
211 4.989163e-13
212 -7.414960e-12
213 -8.328357e-12
214 -5.157853e-12
215 -2.879381e-12
216 -2.627692e-12
217 -2.547521e-12
218 -2.543594e-12
219 -2.520296e-12
220 -5.153270e-12
221 -4.608632e-12
222 0.000000e+00
223 0.000000e+00
224 0.000000e+00
225 5.303429e-09
226 3.993721e-09
227 2.915774e-09
228 2.034697e-09
229 1.337182e-09
230 8.325801e-10
231 5.011129e-10
232 2.847101e-10
233 1.462458e-10
234 6.566468e-11
235 2.162595e-11
236 -1.296107e-13
237 -8.112174e-12
238 -7.042667e-12
239 -5.414186e-12
240 -3.021076e-12
241 -2.745663e-12
242 -2.651740e-12
243 -2.639534e-12
244 -2.677573e-12
245 -5.435833e-12
246 -4.853601e-12
247 0.000000e+00
248 0.000000e+00
249 0.000000e+00
250 1.028958e-08
251 8.120782e-09
252 6.235584e-09
253 4.645323e-09
254 3.322208e-09
255 2.266579e-09
256 1.484774e-09
257 9.392378e-10
258 5.663193e-10
259 3.272662e-10
260 1.725078e-10
261 8.374621e-11
262 3.540470e-11
263 9.498779e-12
264 2.820039e-12
265 1.141067e-12
266 1.100781e-12
267 1.120415e-12
268 1.159845e-12
269 1.176960e-12
270 4.602875e-12
271 4.272207e-12
272 0.000000e+00
273 0.000000e+00
274 0.000000e+00
275 1.273595e-08
276 1.016605e-08
277 7.887715e-09
278 5.951606e-09
279 4.335114e-09
280 3.014902e-09
281 2.002475e-09
282 1.285942e-09
283 7.945618e-10
284 4.665936e-10
285 2.587178e-10
286 1.344130e-10
287 6.334588e-11
288 2.588698e-11
289 1.030661e-11
290 5.432035e-12
291 4.852485e-12
292 5.029393e-12
293 5.251685e-12
294 5.347473e-12
295 1.415363e-11
296 1.291612e-11
297 0.000000e+00
298 0.000000e+00
299 0.000000e+00
300 1.400994e-08
301 1.121831e-08
302 8.732570e-09
303 6.617155e-09
304 4.846976e-09
305 3.389429e-09
306 2.256911e-09
307 1.453537e-09
308 9.039067e-10
309 5.330518e-10
310 2.979799e-10
311 1.670365e-10
312 7.567615e-11
313 3.626792e-11
314 1.262685e-11
315 6.153576e-12
316 6.365472e-12
317 6.749213e-12
318 7.135667e-12
319 7.309873e-12
320 1.909483e-11
321 1.739669e-11
322 0.000000e+00
323 0.000000e+00
324 0.000000e+00
325 1.487201e-08
326 1.193458e-08
327 9.304532e-09
328 7.065203e-09
329 5.193846e-09
330 3.642135e-09
331 2.428996e-09
332 1.568380e-09
333 9.774376e-10
334 5.785026e-10
335 3.252387e-10
336 1.721163e-10
337 8.366553e-11
338 3.534263e-11
339 8.674459e-11
340 6.567323e-12
341 6.928834e-12
342 7.419774e-12
343 7.875188e-12
344 8.080679e-12
345 2.224473e-11
346 2.023165e-11
347 0.000000e+00
348 0.000000e+00
349 0.000000e+00
350 1.552805e-08
351 1.247958e-08
352 9.741221e-09
353 7.408890e-09
354 5.455868e-09
355 3.835404e-09
356 2.560810e-09
357 1.652147e-09
358 1.033703e-09
359 6.129276e-10
360 3.449729e-10
361 1.838727e-10
362 8.991582e-11
363 3.808545e-11
364 1.624594e-11
365 8.722801e-11
366 7.650809e-12
367 8.249900e-12
368 8.787857e-12
369 9.033488e-12
370 2.493079e-11
371 2.268701e-11
372 0.000000e+00
373 0.000000e+00
374 0.000000e+00
375 1.606918e-08
376 1.292339e-08
377 1.009749e-08
378 7.689740e-09
379 5.671604e-09
380 3.993174e-09
381 2.667430e-09
382 1.722892e-09
383 1.079832e-09
384 6.408024e-10
385 3.621008e-10
386 1.925473e-10
387 9.516803e-11
388 4.140521e-11
389 1.698919e-11
390 9.963117e-12
391 1.069181e-11
392 1.161521e-11
393 1.247095e-11
394 1.289105e-11
395 2.677223e-11
396 2.432941e-11
397 0.000000e+00
398 0.000000e+00
399 0.000000e+00
400 1.650772e-08
401 1.328679e-08
402 1.038806e-08
403 7.917420e-09
404 5.846881e-09
405 4.121756e-09
406 2.754808e-09
407 1.779787e-09
408 1.117389e-09
409 6.634915e-10
410 3.749809e-10
411 2.007795e-10
412 1.132152e-10
413 4.264280e-11
414 1.785322e-11
415 8.495800e-12
416 9.198691e-12
417 1.000534e-11
418 1.071598e-11
419 1.104899e-11
420 2.844269e-11
421 2.584440e-11
422 0.000000e+00
423 0.000000e+00
424 0.000000e+00
425 1.688719e-08
426 1.360155e-08
427 1.063917e-08
428 8.115421e-09
429 5.999098e-09
430 4.232783e-09
431 2.830538e-09
432 1.829517e-09
433 1.149418e-09
434 6.834708e-10
435 3.873805e-10
436 2.072481e-10
437 1.028231e-10
438 4.437165e-11
439 1.894849e-11
440 8.660174e-12
441 9.423264e-12
442 1.027183e-11
443 1.100898e-11
444 1.135374e-11
445 3.064024e-11
446 2.792172e-11
447 0.000000e+00
448 0.000000e+00
449 0.000000e+00
450 1.737464e-08
451 1.400413e-08
452 1.096250e-08
453 8.369671e-09
454 6.194448e-09
455 4.376054e-09
456 2.928003e-09
457 1.893288e-09
458 1.191156e-09
459 7.092634e-10
460 4.024033e-10
461 2.160716e-10
462 1.079443e-10
463 5.702885e-11
464 1.986318e-11
465 8.792039e-12
466 9.628054e-12
467 1.052313e-11
468 1.128573e-11
469 1.279050e-11
470 3.173396e-11
471 2.882371e-11
472 0.000000e+00
473 0.000000e+00
474 0.000000e+00
475 1.764119e-08
476 1.444050e-08
477 1.144602e-08
478 8.822854e-09
479 6.618144e-09
480 4.792853e-09
481 3.310841e-09
482 2.188587e-09
483 1.414588e-09
484 8.772331e-10
485 5.245550e-10
486 3.038175e-10
487 1.715163e-10
488 9.489779e-11
489 5.338860e-11
490 3.344843e-11
491 3.039481e-11
492 2.943757e-11
493 2.946508e-11
494 2.647787e-11
495 4.972593e-11
496 4.425420e-11
497 0.000000e+00
498 0.000000e+00
499 0.000000e+00
500 2.050432e-08
501 1.695108e-08
502 1.355301e-08
503 1.053096e-08
504 7.967981e-09
505 5.853391e-09
506 4.102261e-09
507 2.739671e-09
508 1.791392e-09
509 1.129827e-09
510 6.884663e-10
511 4.195485e-10
512 2.383332e-10
513 1.435129e-10
514 7.887862e-11
515 5.076267e-11
516 4.514220e-11
517 4.295731e-11
518 4.243051e-11
519 4.185577e-11
520 6.862952e-11
521 6.113425e-11
522 0.000000e+00
523 0.000000e+00
524 0.000000e+00
525 2.238321e-08
526 1.859602e-08
527 1.492306e-08
528 1.163591e-08
529 8.851168e-09
530 6.535444e-09
531 4.609026e-09
532 3.091604e-09
533 2.029050e-09
534 1.289319e-09
535 7.909015e-10
536 4.733343e-10
537 2.795844e-10
538 1.633180e-10
539 2.926736e-10
540 5.659386e-11
541 4.924004e-11
542 4.587331e-11
543 4.452471e-11
544 4.342629e-11
545 8.107799e-11
546 7.210861e-11
547 0.000000e+00
548 0.000000e+00
549 0.000000e+00
550 2.380767e-08
551 1.984163e-08
552 1.595906e-08
553 1.247278e-08
554 9.513094e-09
555 7.052107e-09
556 4.992597e-09
557 3.353519e-09
558 2.208403e-09
559 1.409216e-09
560 8.672677e-10
561 5.224697e-10
562 3.107379e-10
563 1.839529e-10
564 1.088551e-10
565 4.188359e-10
566 6.013180e-11
567 5.673296e-11
568 5.565463e-11
569 5.462480e-11
570 9.103489e-11
571 8.095792e-11
572 0.000000e+00
573 0.000000e+00
574 0.000000e+00
575 2.497387e-08
576 2.085787e-08
577 1.680958e-08
578 1.315609e-08
579 1.005462e-08
580 7.474874e-09
581 5.305867e-09
582 3.569832e-09
583 2.355460e-09
584 1.507505e-09
585 9.310505e-10
586 5.617864e-10
587 3.364566e-10
588 1.997818e-10
589 1.179799e-10
590 7.864863e-11
591 6.985637e-11
592 6.642554e-11
593 6.557069e-11
594 6.462602e-11
595 9.856597e-11
596 8.757136e-11
597 0.000000e+00
598 0.000000e+00
599 0.000000e+00
600 2.592493e-08
601 2.168726e-08
602 1.749655e-08
603 1.371305e-08
604 1.049599e-08
605 7.818586e-09
606 5.560612e-09
607 3.745277e-09
608 2.475050e-09
609 1.586721e-09
610 9.816187e-10
611 5.949867e-10
612 3.737736e-10
613 2.139360e-10
614 1.280845e-10
615 7.681838e-11
616 6.693089e-11
617 6.246476e-11
618 6.072710e-11
619 5.923772e-11
620 1.052691e-10
621 9.353464e-11
622 0.000000e+00
623 0.000000e+00
624 0.000000e+00
625 2.674120e-08
626 2.240467e-08
627 1.809643e-08
628 1.419482e-08
629 1.087860e-08
630 8.116336e-09
631 5.781374e-09
632 3.898245e-09
633 2.578416e-09
634 1.656301e-09
635 1.026939e-09
636 6.237098e-10
637 3.751403e-10
638 2.239016e-10
639 1.361514e-10
640 8.048726e-11
641 6.994358e-11
642 6.510725e-11
643 6.317695e-11
644 6.154959e-11
645 1.118667e-10
646 9.951656e-11
647 0.000000e+00
648 0.000000e+00
649 0.000000e+00
650 2.780447e-08
651 2.333100e-08
652 1.887293e-08
653 1.481861e-08
654 1.137210e-08
655 8.501130e-09
656 6.067396e-09
657 4.095152e-09
658 2.712270e-09
659 1.745782e-09
660 1.084344e-09
661 6.598990e-10
662 3.989722e-10
663 2.515652e-10
664 1.455376e-10
665 9.217638e-11
666 8.128319e-11
667 7.677168e-11
668 7.540026e-11
669 7.607513e-11
670 1.180359e-10
671 1.048407e-10
672 0.000000e+00
673 0.000000e+00
674 0.000000e+00
675 2.499554e-08
676 2.102653e-08
677 1.707008e-08
678 1.343754e-08
679 1.030677e-08
680 7.710244e-09
681 5.537251e-09
682 3.781292e-09
683 2.511579e-09
684 1.623034e-09
685 1.015011e-09
686 6.323579e-10
687 3.748201e-10
688 2.320549e-10
689 1.340742e-10
690 8.653068e-11
691 7.297632e-11
692 6.645939e-11
693 6.366476e-11
694 6.164567e-11
695 9.600796e-11
696 8.509389e-11
697 0.000000e+00
698 0.000000e+00
699 0.000000e+00
700 2.808456e-08
701 2.383892e-08
702 1.950343e-08
703 1.545602e-08
704 1.193980e-08
705 8.999976e-09
706 6.535286e-09
707 4.513289e-09
708 3.017737e-09
709 1.969023e-09
710 1.245155e-09
711 7.698927e-10
712 4.705860e-10
713 2.863465e-10
714 4.334623e-10
715 1.145303e-10
716 9.552082e-11
717 8.626400e-11
718 8.223276e-11
719 6.545659e-11
720 1.140727e-10
721 1.008488e-10
722 0.000000e+00
723 0.000000e+00
724 0.000000e+00
725 3.038354e-08
726 2.592475e-08
727 2.130075e-08
728 1.694263e-08
729 1.313407e-08
730 9.947583e-09
731 7.267009e-09
732 5.042916e-09
733 3.384895e-09
734 2.218852e-09
735 1.410538e-09
736 8.775970e-10
737 5.395334e-10
738 3.326391e-10
739 2.022359e-10
740 6.225037e-10
741 1.039152e-10
742 9.182445e-11
743 8.596659e-11
744 8.199761e-11
745 1.283541e-10
746 1.134015e-10
747 0.000000e+00
748 0.000000e+00
749 0.000000e+00
750 3.225694e-08
751 2.762045e-08
752 2.276674e-08
753 1.815002e-08
754 1.410407e-08
755 1.071650e-08
756 7.860284e-09
757 5.474757e-09
758 3.682506e-09
759 2.421626e-09
760 1.545679e-09
761 9.639085e-10
762 5.956392e-10
763 3.670774e-10
764 2.234302e-10
765 1.478742e-10
766 1.217535e-10
767 1.087178e-10
768 1.027793e-10
769 9.669369e-11
770 1.392646e-10
771 1.228988e-10
772 0.000000e+00
773 0.000000e+00
774 0.000000e+00
775 3.378769e-08
776 2.900582e-08
777 2.395725e-08
778 1.913738e-08
779 1.489726e-08
780 1.134536e-08
781 8.345092e-09
782 5.827193e-09
783 3.925927e-09
784 2.586698e-09
785 1.654909e-09
786 1.035559e-09
787 6.591858e-10
788 3.974180e-10
789 2.443314e-10
790 1.644505e-10
791 1.361870e-10
792 1.224081e-10
793 1.164300e-10
794 9.002870e-11
795 1.488620e-10
796 1.313481e-10
797 0.000000e+00
798 0.000000e+00
799 0.000000e+00
800 3.510441e-08
801 3.020209e-08
802 2.499226e-08
803 1.999268e-08
804 1.558573e-08
805 1.189073e-08
806 8.765173e-09
807 6.132659e-09
808 4.136095e-09
809 2.729825e-09
810 1.750997e-09
811 1.097619e-09
812 6.806106e-10
813 4.210992e-10
814 2.615161e-10
815 1.750052e-10
816 1.444541e-10
817 1.294688e-10
818 1.228884e-10
819 9.384555e-11
820 1.581355e-10
821 1.396596e-10
822 0.000000e+00
823 0.000000e+00
824 0.000000e+00
825 3.680835e-08
826 3.174722e-08
827 2.632599e-08
828 2.109032e-08
829 1.646675e-08
830 1.258938e-08
831 9.305761e-09
832 6.525819e-09
833 4.407969e-09
834 2.914749e-09
835 1.873505e-09
836 1.176741e-09
837 7.320617e-10
838 4.682949e-10
839 2.822638e-10
840 1.787228e-10
841 1.443961e-10
842 1.264967e-10
843 1.177050e-10
844 1.143202e-10
845 1.672303e-10
846 1.474508e-10
847 0.000000e+00
848 0.000000e+00
849 0.000000e+00
850 3.242976e-08
851 2.789803e-08
852 2.310641e-08
853 1.851582e-08
854 1.443950e-08
855 1.100128e-08
856 8.108986e-09
857 5.703113e-09
858 3.865298e-09
859 2.549661e-09
860 1.640318e-09
861 1.028921e-09
862 6.378299e-10
863 3.935746e-10
864 5.436746e-10
865 1.577699e-10
866 1.267453e-10
867 1.105952e-10
868 1.027337e-10
869 8.109579e-11
870 1.366854e-10
871 1.203721e-10
872 0.000000e+00
873 0.000000e+00
874 0.000000e+00
875 3.574934e-08
876 3.100218e-08
877 2.587449e-08
878 2.085795e-08
879 1.636000e-08
880 1.254059e-08
881 9.319553e-09
882 6.616287e-09
883 4.521348e-09
884 2.998624e-09
885 1.945195e-09
886 1.229514e-09
887 7.675707e-10
888 4.788703e-10
889 2.942782e-10
890 7.767851e-10
891 1.437884e-10
892 1.213929e-10
893 1.096388e-10
894 1.021271e-10
895 1.543439e-10
896 1.356673e-10
897 0.000000e+00
898 0.000000e+00
899 0.000000e+00
900 3.841837e-08
901 3.348982e-08
902 2.808873e-08
903 2.273382e-08
904 1.788799e-08
905 1.376354e-08
906 1.027876e-08
907 7.341414e-09
908 5.038267e-09
909 3.351601e-09
910 2.185854e-09
911 1.385562e-09
912 8.692669e-10
913 5.435095e-10
914 3.335872e-10
915 2.177190e-10
916 1.701081e-10
917 1.444633e-10
918 1.313261e-10
919 1.206217e-10
920 1.678676e-10
921 1.472793e-10
922 0.000000e+00
923 0.000000e+00
924 0.000000e+00
925 4.059497e-08
926 3.551892e-08
927 2.988450e-08
928 2.425981e-08
929 1.913310e-08
930 1.475884e-08
931 1.106065e-08
932 7.931757e-09
933 5.459446e-09
934 3.638188e-09
935 2.380454e-09
936 1.513967e-09
937 9.708604e-10
938 5.962380e-10
939 3.697045e-10
940 2.443019e-10
941 1.913569e-10
942 1.631143e-10
943 1.489169e-10
944 1.135835e-10
945 1.796725e-10
946 1.575409e-10
947 0.000000e+00
948 0.000000e+00
949 0.000000e+00
950 4.247181e-08
951 3.727233e-08
952 3.144203e-08
953 2.557662e-08
954 2.020969e-08
955 1.561949e-08
956 1.173592e-08
957 8.441760e-09
958 5.822718e-09
959 3.886509e-09
960 2.549737e-09
961 1.624911e-09
962 1.023986e-09
963 6.400596e-10
964 3.998121e-10
965 3.128628e-10
966 2.047289e-10
967 1.735914e-10
968 1.578064e-10
969 1.188352e-10
970 1.909668e-10
971 1.675313e-10
972 0.000000e+00
973 0.000000e+00
974 0.000000e+00
975 4.489510e-08
976 3.953294e-08
977 3.345133e-08
978 2.727774e-08
979 2.159553e-08
980 1.672870e-08
981 1.260784e-08
982 9.099689e-09
983 6.292219e-09
984 4.206932e-09
985 2.767660e-09
986 1.766945e-09
987 1.115832e-09
988 7.170486e-10
989 4.371049e-10
990 2.749840e-10
991 2.093984e-10
992 1.728978e-10
993 1.533697e-10
994 1.438692e-10
995 2.023265e-10
996 1.771418e-10
997 0.000000e+00
998 0.000000e+00
999 0.000000e+00
1000 4.016154e-08
1001 3.521945e-08
1002 2.972042e-08
1003 2.419878e-08
1004 1.914039e-08
1005 1.478849e-08
1006 1.110287e-08
1007 7.995275e-09
1008 5.539695e-09
1009 3.705538e-09
1010 2.428885e-09
1011 1.552279e-09
1012 9.778971e-10
1013 6.135448e-10
1014 3.792470e-10
1015 9.034199e-10
1016 1.797204e-10
1017 1.471968e-10
1018 1.295569e-10
1019 1.185129e-10
1020 1.747047e-10
1021 1.529171e-10
1022 0.000000e+00
1023 0.000000e+00
1024 0.000000e+00
1025 4.376863e-08
1026 3.866726e-08
1027 3.287068e-08
1028 2.693954e-08
1029 2.141987e-08
1030 1.663272e-08
1031 1.256543e-08
1032 9.126621e-09
1033 6.376856e-09
1034 4.288125e-09
1035 2.827451e-09
1036 1.817685e-09
1037 1.151533e-09
1038 7.241182e-10
1039 4.475865e-10
1040 2.895393e-10
1041 2.181638e-10
1042 1.783296e-10
1043 1.569236e-10
1044 1.409976e-10
1045 1.908302e-10
1046 1.664657e-10
1047 0.000000e+00
1048 0.000000e+00
1049 0.000000e+00
1050 4.668125e-08
1051 4.144911e-08
1052 3.540050e-08
1053 2.913916e-08
1054 2.324856e-08
1055 1.810984e-08
1056 1.373622e-08
1057 1.003166e-08
1058 7.044175e-09
1059 4.750570e-09
1060 3.142536e-09
1061 2.029655e-09
1062 1.308620e-09
1063 8.118646e-10
1064 5.061171e-10
1065 3.304504e-10
1066 2.486575e-10
1067 2.031571e-10
1068 1.788803e-10
1069 1.344569e-10
1070 2.047359e-10
1071 1.783327e-10
1072 0.000000e+00
1073 0.000000e+00
1074 0.000000e+00
1075 4.919163e-08
1076 4.385088e-08
1077 3.758892e-08
1078 3.103599e-08
1079 2.482662e-08
1080 1.937906e-08
1081 1.474540e-08
1082 1.081167e-08
1083 7.619406e-09
1084 5.149849e-09
1085 3.415429e-09
1086 2.212304e-09
1087 1.407914e-09
1088 8.871515e-10
1089 5.553680e-10
1090 4.164134e-10
1091 2.694036e-10
1092 2.183028e-10
1093 1.908096e-10
1094 1.414824e-10
1095 2.179374e-10
1096 1.898060e-10
1097 0.000000e+00
1098 0.000000e+00
1099 0.000000e+00
1100 5.243682e-08
1101 4.694561e-08
1102 4.041022e-08
1103 3.348564e-08
1104 2.686083e-08
1105 2.102830e-08
1106 1.605099e-08
1107 1.181906e-08
1108 8.362170e-09
1109 5.664823e-09
1110 3.766451e-09
1111 2.446972e-09
1112 1.560235e-09
1113 1.002035e-09
1114 6.171866e-10
1115 3.868486e-10
1116 2.821097e-10
1117 2.219589e-10
1118 1.884408e-10
1119 1.708518e-10
1120 2.314902e-10
1121 2.010431e-10
1122 0.000000e+00
1123 0.000000e+00
1124 0.000000e+00
1125 4.840057e-08
1126 4.318678e-08
1127 3.708528e-08
1128 3.068495e-08
1129 2.459785e-08
1130 1.923593e-08
1131 1.464561e-08
1132 1.075657e-08
1133 7.613563e-09
1134 5.170043e-09
1135 3.431109e-09
1136 2.228658e-09
1137 1.420743e-09
1138 8.974912e-10
1139 5.570092e-10
1140 3.584989e-10
1141 2.637463e-10
1142 2.098002e-10
1143 1.800418e-10
1144 1.589311e-10
1145 2.103000e-10
1146 1.825315e-10
1147 0.000000e+00
1148 0.000000e+00
1149 0.000000e+00
1150 5.219132e-08
1151 4.688381e-08
1152 4.053470e-08
1153 3.375709e-08
1154 2.720844e-08
1155 2.137216e-08
1156 1.635447e-08
1157 1.209565e-08
1158 8.629291e-09
1159 5.896051e-09
1160 3.928170e-09
1161 2.567833e-09
1162 1.663169e-09
1163 1.040472e-09
1164 6.506942e-10
1165 4.218191e-10
1166 3.083407e-10
1167 2.436137e-10
1168 2.079167e-10
1169 1.541639e-10
1170 2.266940e-10
1171 1.961411e-10
1172 0.000000e+00
1173 0.000000e+00
1174 0.000000e+00
1175 5.543241e-08
1176 5.004531e-08
1177 4.348211e-08
1178 3.637681e-08
1179 2.943125e-08
1180 2.318420e-08
1181 1.780506e-08
1182 1.323201e-08
1183 9.491265e-09
1184 6.510432e-09
1185 4.348951e-09
1186 2.854247e-09
1187 1.830563e-09
1188 1.160532e-09
1189 7.283257e-10
1190 5.300502e-10
1191 3.400187e-10
1192 2.655403e-10
1193 2.240904e-10
1194 1.636358e-10
1195 2.420320e-10
1196 2.091432e-10
1197 0.000000e+00
1198 0.000000e+00
1199 0.000000e+00
1200 5.962301e-08
1201 5.413077e-08
1202 4.728840e-08
1203 3.975616e-08
1204 3.229608e-08
1205 2.553387e-08
1206 1.967959e-08
1207 1.469964e-08
1208 1.060374e-08
1209 7.303394e-09
1210 4.891501e-09
1211 3.222387e-09
1212 2.071436e-09
1213 1.333880e-09
1214 8.266236e-10
1215 5.175422e-10
1216 3.656384e-10
1217 2.765723e-10
1218 2.256699e-10
1219 1.978304e-10
1220 2.581047e-10
1221 2.221222e-10
1222 0.000000e+00
1223 0.000000e+00
1224 0.000000e+00
1225 5.691717e-08
1226 5.157382e-08
1227 4.499625e-08
1228 3.780710e-08
1229 3.071573e-08
1230 2.428522e-08
1231 1.870179e-08
1232 1.395103e-08
1233 1.006296e-08
1234 6.948331e-09
1235 4.656903e-09
1236 3.065840e-09
1237 1.994816e-09
1238 1.255332e-09
1239 7.866662e-10
1240 5.079161e-10
1241 3.642163e-10
1242 2.809982e-10
1243 2.342368e-10
1244 1.717860e-10
1245 2.455220e-10
1246 2.112012e-10
1247 0.000000e+00
1248 0.000000e+00
1249 0.000000e+00
1250 6.099840e-08
1251 5.562464e-08
1252 4.885445e-08
1253 4.131208e-08
1254 3.375244e-08
1255 2.680189e-08
1256 2.073520e-08
1257 1.555710e-08
1258 1.130474e-08
1259 7.860599e-09
1260 5.290301e-09
1261 3.498151e-09
1262 2.262527e-09
1263 1.441550e-09
1264 9.064178e-10
1265 6.464876e-10
1266 4.123889e-10
1267 3.130568e-10
1268 2.566275e-10
1269 1.849100e-10
1270 2.635561e-10
1271 2.260058e-10
1272 0.000000e+00
1273 0.000000e+00
1274 0.000000e+00
1275 6.623525e-08
1276 6.081881e-08
1277 5.378982e-08
1278 4.578641e-08
1279 3.762525e-08
1280 3.002260e-08
1281 2.332688e-08
1282 1.760431e-08
1283 1.288496e-08
1284 9.020671e-09
1285 6.092527e-09
1286 4.044788e-09
1287 2.626385e-09
1288 1.700460e-09
1289 1.055744e-09
1290 6.615914e-10
1291 4.569911e-10
1292 3.352740e-10
1293 2.645228e-10
1294 2.248688e-10
1295 2.827505e-10
1296 2.410138e-10
1297 0.000000e+00
1298 0.000000e+00
1299 0.000000e+00
1300 6.601268e-08
1301 6.067890e-08
1302 5.374963e-08
1303 4.584757e-08
1304 3.775629e-08
1305 3.018201e-08
1306 2.348748e-08
1307 1.774844e-08
1308 1.301757e-08
1309 9.149211e-09
1310 6.201689e-09
1311 4.120973e-09
1312 2.684445e-09
1313 1.716499e-09
1314 1.081703e-09
1315 7.606597e-10
1316 4.834953e-10
1317 3.593803e-10
1318 2.879242e-10
1319 2.051682e-10
1320 2.832680e-10
1321 2.412255e-10
1322 0.000000e+00
1323 0.000000e+00
1324 0.000000e+00
1325 7.247845e-08
1326 6.719488e-08
1327 6.006077e-08
1328 5.168547e-08
1329 4.291746e-08
1330 3.454540e-08
1331 2.703944e-08
1332 2.057422e-08
1333 1.522808e-08
1334 1.081277e-08
1335 7.379148e-09
1336 4.925021e-09
1337 3.228995e-09
1338 2.095065e-09
1339 1.308046e-09
1340 8.205244e-10
1341 5.577988e-10
1342 3.993991e-10
1343 3.061918e-10
1344 2.530535e-10
1345 3.069031e-10
1346 2.590086e-10
1347 0.000000e+00
1348 0.000000e+00
1349 0.000000e+00
1350 8.103228e-08
1351 7.599071e-08
1352 6.877989e-08
1353 5.997436e-08
1354 5.043940e-08
1355 4.105644e-08
1356 3.243957e-08
1357 2.491803e-08
1358 1.866423e-08
1359 1.346436e-08
1360 9.322041e-09
1361 6.269655e-09
1362 4.147450e-09
1363 2.705043e-09
1364 1.701271e-09
1365 1.068403e-09
1366 7.152368e-10
1367 4.991671e-10
1368 3.703526e-10
1369 2.956703e-10
1370 3.417813e-10
1371 2.844255e-10
1372 0.000000e+00
1373 0.000000e+00
1374 0.000000e+00
1375 5.430267e-07
1376 4.765754e-07
1377 3.968641e-07
1378 3.245426e-07
1379 2.663917e-07
1380 2.101878e-07
1381 1.531668e-07
1382 1.062412e-07
1383 7.393861e-08
1384 4.892684e-08
1385 3.180497e-08
1386 0.000000e+00
1387 0.000000e+00
1388 0.000000e+00
1389 0.000000e+00
1390 0.000000e+00
1391 0.000000e+00
1392 0.000000e+00
1393 0.000000e+00
1394 0.000000e+00
1395 0.000000e+00
1396 0.000000e+00
1397 0.000000e+00
1398 0.000000e+00
1399 0.000000e+00
1400 7.011760e-07
1401 6.182822e-07
1402 5.165074e-07
1403 4.223893e-07
1404 3.465486e-07
1405 2.750641e-07
1406 2.020358e-07
1407 1.402648e-07
1408 9.807751e-08
1409 6.525235e-08
1410 4.271989e-08
1411 0.000000e+00
1412 0.000000e+00
1413 0.000000e+00
1414 0.000000e+00
1415 0.000000e+00
1416 0.000000e+00
1417 0.000000e+00
1418 0.000000e+00
1419 0.000000e+00
1420 0.000000e+00
1421 0.000000e+00
1422 0.000000e+00
1423 0.000000e+00
1424 0.000000e+00
1425 8.070930e-07
1426 7.131234e-07
1427 5.965294e-07
1428 4.878292e-07
1429 4.001662e-07
1430 3.184387e-07
1431 2.346582e-07
1432 1.629706e-07
1433 1.141848e-07
1434 7.613827e-08
1435 4.999284e-08
1436 0.000000e+00
1437 0.000000e+00
1438 0.000000e+00
1439 0.000000e+00
1440 0.000000e+00
1441 0.000000e+00
1442 0.000000e+00
1443 0.000000e+00
1444 0.000000e+00
1445 0.000000e+00
1446 0.000000e+00
1447 0.000000e+00
1448 0.000000e+00
1449 0.000000e+00
1450 8.876605e-07
1451 7.852675e-07
1452 6.574005e-07
1453 5.376058e-07
1454 4.409501e-07
1455 3.514316e-07
1456 2.594699e-07
1457 1.802395e-07
1458 1.264351e-07
1459 8.441778e-08
1460 5.552434e-08
1461 0.000000e+00
1462 0.000000e+00
1463 0.000000e+00
1464 0.000000e+00
1465 0.000000e+00
1466 0.000000e+00
1467 0.000000e+00
1468 0.000000e+00
1469 0.000000e+00
1470 0.000000e+00
1471 0.000000e+00
1472 0.000000e+00
1473 0.000000e+00
1474 0.000000e+00
1475 9.533622e-07
1476 8.441017e-07
1477 7.070357e-07
1478 5.781941e-07
1479 4.742061e-07
1480 3.783344e-07
1481 2.797032e-07
1482 1.943218e-07
1483 1.364250e-07
1484 9.116943e-08
1485 6.003511e-08
1486 0.000000e+00
1487 0.000000e+00
1488 0.000000e+00
1489 0.000000e+00
1490 0.000000e+00
1491 0.000000e+00
1492 0.000000e+00
1493 0.000000e+00
1494 0.000000e+00
1495 0.000000e+00
1496 0.000000e+00
1497 0.000000e+00
1498 0.000000e+00
1499 0.000000e+00
1500 1.007011e-06
1501 8.921491e-07
1502 7.475586e-07
1503 6.113310e-07
1504 5.013566e-07
1505 4.002982e-07
1506 2.962233e-07
1507 2.058190e-07
1508 1.445811e-07
1509 9.668173e-08
1510 6.371791e-08
1511 0.000000e+00
1512 0.000000e+00
1513 0.000000e+00
1514 0.000000e+00
1515 0.000000e+00
1516 0.000000e+00
1517 0.000000e+00
1518 0.000000e+00
1519 0.000000e+00
1520 0.000000e+00
1521 0.000000e+00
1522 0.000000e+00
1523 0.000000e+00
1524 0.000000e+00
1525 1.053345e-06
1526 9.336350e-07
1527 7.825609e-07
1528 6.399535e-07
1529 5.248085e-07
1530 4.192694e-07
1531 3.104909e-07
1532 2.157492e-07
1533 1.516254e-07
1534 1.014425e-07
1535 6.689979e-08
1536 0.000000e+00
1537 0.000000e+00
1538 0.000000e+00
1539 0.000000e+00
1540 0.000000e+00
1541 0.000000e+00
1542 0.000000e+00
1543 0.000000e+00
1544 0.000000e+00
1545 0.000000e+00
1546 0.000000e+00
1547 0.000000e+00
1548 0.000000e+00
1549 0.000000e+00
1550 1.113074e-06
1551 9.870865e-07
1552 8.276593e-07
1553 6.768317e-07
1554 5.550247e-07
1555 4.437135e-07
1556 3.288748e-07
1557 2.285452e-07
1558 1.607023e-07
1559 1.075772e-07
1560 7.099830e-08
1561 0.000000e+00
1562 0.000000e+00
1563 0.000000e+00
1564 0.000000e+00
1565 0.000000e+00
1566 0.000000e+00
1567 0.000000e+00
1568 0.000000e+00
1569 0.000000e+00
1570 0.000000e+00
1571 0.000000e+00
1572 0.000000e+00
1573 0.000000e+00
1574 0.000000e+00
1575 2.375420e-07
1576 2.336405e-07
1577 2.148479e-07
1578 1.840282e-07
1579 1.502469e-07
1580 1.226289e-07
1581 1.019381e-07
1582 7.855674e-08
1583 5.395011e-08
1584 3.862325e-08
1585 2.597863e-08
1586 1.707168e-08
1587 1.100028e-08
1588 0.000000e+00
1589 0.000000e+00
1590 0.000000e+00
1591 0.000000e+00
1592 0.000000e+00
1593 0.000000e+00
1594 0.000000e+00
1595 0.000000e+00
1596 0.000000e+00
1597 0.000000e+00
1598 0.000000e+00
1599 0.000000e+00
1600 3.488901e-07
1601 3.439369e-07
1602 3.173667e-07
1603 2.728103e-07
1604 2.230731e-07
1605 1.818125e-07
1606 1.510458e-07
1607 1.173028e-07
1608 8.084400e-08
1609 5.769355e-08
1610 3.890822e-08
1611 2.561679e-08
1612 1.645368e-08
1613 0.000000e+00
1614 0.000000e+00
1615 0.000000e+00
1616 0.000000e+00
1617 0.000000e+00
1618 0.000000e+00
1619 0.000000e+00
1620 0.000000e+00
1621 0.000000e+00
1622 0.000000e+00
1623 0.000000e+00
1624 0.000000e+00
1625 4.307202e-07
1626 4.249590e-07
1627 3.926169e-07
1628 3.379302e-07
1629 2.764687e-07
1630 2.252120e-07
1631 1.870696e-07
1632 1.456694e-07
1633 1.005208e-07
1634 7.165958e-08
1635 4.836821e-08
1636 3.186539e-08
1637 2.044417e-08
1638 0.000000e+00
1639 0.000000e+00
1640 0.000000e+00
1641 0.000000e+00
1642 0.000000e+00
1643 0.000000e+00
1644 0.000000e+00
1645 0.000000e+00
1646 0.000000e+00
1647 0.000000e+00
1648 0.000000e+00
1649 0.000000e+00
1650 4.973656e-07
1651 4.909581e-07
1652 4.539093e-07
1653 3.909552e-07
1654 3.199500e-07
1655 2.605550e-07
1656 2.163994e-07
1657 1.687810e-07
1658 1.165384e-07
1659 8.303044e-08
1660 5.606740e-08
1661 3.695344e-08
1662 2.369325e-08
1663 0.000000e+00
1664 0.000000e+00
1665 0.000000e+00
1666 0.000000e+00
1667 0.000000e+00
1668 0.000000e+00
1669 0.000000e+00
1670 0.000000e+00
1671 0.000000e+00
1672 0.000000e+00
1673 0.000000e+00
1674 0.000000e+00
1675 5.517971e-07
1676 5.448258e-07
1677 5.039416e-07
1678 4.342427e-07
1679 3.554446e-07
1680 2.894065e-07
1681 2.403420e-07
1682 1.876355e-07
1683 1.296163e-07
1684 9.231033e-08
1685 6.235509e-08
1686 4.110556e-08
1687 2.634594e-08
1688 0.000000e+00
1689 0.000000e+00
1690 0.000000e+00
1691 0.000000e+00
1692 0.000000e+00
1693 0.000000e+00
1694 0.000000e+00
1695 0.000000e+00
1696 0.000000e+00
1697 0.000000e+00
1698 0.000000e+00
1699 0.000000e+00
1700 5.987805e-07
1701 5.913411e-07
1702 5.471418e-07
1703 4.716170e-07
1704 3.860945e-07
1705 3.143200e-07
1706 2.610071e-07
1707 2.039197e-07
1708 1.409033e-07
1709 1.003264e-07
1710 6.778456e-08
1711 4.469308e-08
1712 2.863635e-08
1713 0.000000e+00
1714 0.000000e+00
1715 0.000000e+00
1716 0.000000e+00
1717 0.000000e+00
1718 0.000000e+00
1719 0.000000e+00
1720 0.000000e+00
1721 0.000000e+00
1722 0.000000e+00
1723 0.000000e+00
1724 0.000000e+00
1725 6.593063e-07
1726 6.512802e-07
1727 6.028003e-07
1728 5.197505e-07
1729 4.255792e-07
1730 3.464147e-07
1731 2.876455e-07
1732 2.249036e-07
1733 1.554526e-07
1734 1.106528e-07
1735 7.477997e-08
1736 4.931499e-08
1737 3.158653e-08
1738 0.000000e+00
1739 0.000000e+00
1740 0.000000e+00
1741 0.000000e+00
1742 0.000000e+00
1743 0.000000e+00
1744 0.000000e+00
1745 0.000000e+00
1746 0.000000e+00
1747 0.000000e+00
1748 0.000000e+00
1749 0.000000e+00
1750 1.194619e-07
1751 1.242402e-07
1752 1.223706e-07
1753 1.125554e-07
1754 9.628268e-08
1755 7.838462e-08
1756 6.382912e-08
1757 5.317475e-08
1758 4.097323e-08
1759 2.769635e-08
1760 2.006873e-08
1761 1.328137e-08
1762 8.631822e-09
1763 5.479566e-09
1764 0.000000e+00
1765 0.000000e+00
1766 0.000000e+00
1767 0.000000e+00
1768 0.000000e+00
1769 0.000000e+00
1770 0.000000e+00
1771 0.000000e+00
1772 0.000000e+00
1773 0.000000e+00
1774 0.000000e+00
1775 2.009378e-07
1776 2.090576e-07
1777 2.063081e-07
1778 1.904143e-07
1779 1.634140e-07
1780 1.332130e-07
1781 1.083210e-07
1782 9.018841e-08
1783 7.006951e-08
1784 4.754497e-08
1785 3.435339e-08
1786 2.278894e-08
1787 1.488145e-08
1788 9.431490e-09
1789 0.000000e+00
1790 0.000000e+00
1791 0.000000e+00
1792 0.000000e+00
1793 0.000000e+00
1794 0.000000e+00
1795 0.000000e+00
1796 0.000000e+00
1797 0.000000e+00
1798 0.000000e+00
1799 0.000000e+00
1800 2.641087e-07
1801 2.748163e-07
1802 2.713963e-07
1803 2.507350e-07
1804 2.153963e-07
1805 1.756762e-07
1806 1.427862e-07
1807 1.188615e-07
1808 9.257320e-08
1809 6.289199e-08
1810 4.540376e-08
1811 3.014439e-08
1812 1.971125e-08
1813 1.248714e-08
1814 0.000000e+00
1815 0.000000e+00
1816 0.000000e+00
1817 0.000000e+00
1818 0.000000e+00
1819 0.000000e+00
1820 0.000000e+00
1821 0.000000e+00
1822 0.000000e+00
1823 0.000000e+00
1824 0.000000e+00
1825 3.155642e-07
1826 3.283653e-07
1827 3.243672e-07
1828 2.998304e-07
1829 2.577136e-07
1830 2.102280e-07
1831 1.708306e-07
1832 1.421935e-07
1833 1.108871e-07
1834 7.537783e-08
1835 5.439520e-08
1836 3.612752e-08
1837 2.364174e-08
1838 1.497197e-08
1839 0.000000e+00
1840 0.000000e+00
1841 0.000000e+00
1842 0.000000e+00
1843 0.000000e+00
1844 0.000000e+00
1845 0.000000e+00
1846 0.000000e+00
1847 0.000000e+00
1848 0.000000e+00
1849 0.000000e+00
1850 3.599909e-07
1851 3.746406e-07
1852 3.701321e-07
1853 3.422361e-07
1854 2.942589e-07
1855 2.400718e-07
1856 1.950536e-07
1857 1.623463e-07
1858 1.267056e-07
1859 8.616240e-08
1860 6.216154e-08
1861 4.129543e-08
1862 2.703558e-08
1863 1.711865e-08
1864 0.000000e+00
1865 0.000000e+00
1866 0.000000e+00
1867 0.000000e+00
1868 0.000000e+00
1869 0.000000e+00
1870 0.000000e+00
1871 0.000000e+00
1872 0.000000e+00
1873 0.000000e+00
1874 0.000000e+00
1875 4.172748e-07
1876 4.342868e-07
1877 4.291455e-07
1878 3.969303e-07
1879 3.413945e-07
1880 2.785638e-07
1881 2.262962e-07
1882 1.883392e-07
1883 1.471080e-07
1884 1.000775e-07
1885 7.217855e-08
1886 4.796089e-08
1887 3.141285e-08
1888 1.988740e-08
1889 0.000000e+00
1890 0.000000e+00
1891 0.000000e+00
1892 0.000000e+00
1893 0.000000e+00
1894 0.000000e+00
1895 0.000000e+00
1896 0.000000e+00
1897 0.000000e+00
1898 0.000000e+00
1899 0.000000e+00
1900 1.320458e-07
1901 1.417310e-07
1902 1.455845e-07
1903 1.412407e-07
1904 1.277410e-07
1905 1.076704e-07
1906 8.715823e-08
1907 7.137188e-08
1908 5.936227e-08
1909 4.412394e-08
1910 2.977474e-08
1911 2.139490e-08
1912 1.419009e-08
1913 9.053187e-09
1914 5.771076e-09
1915 0.000000e+00
1916 0.000000e+00
1917 0.000000e+00
1918 0.000000e+00
1919 0.000000e+00
1920 0.000000e+00
1921 0.000000e+00
1922 0.000000e+00
1923 0.000000e+00
1924 0.000000e+00
1925 1.804856e-07
1926 1.936603e-07
1927 1.989766e-07
1928 1.931620e-07
1929 1.748433e-07
1930 1.474845e-07
1931 1.194106e-07
1932 9.772847e-08
1933 8.129943e-08
1934 6.058287e-08
1935 4.085858e-08
1936 2.940633e-08
1937 1.949080e-08
1938 1.245079e-08
1939 7.936608e-09
1940 0.000000e+00
1941 0.000000e+00
1942 0.000000e+00
1943 0.000000e+00
1944 0.000000e+00
1945 0.000000e+00
1946 0.000000e+00
1947 0.000000e+00
1948 0.000000e+00
1949 0.000000e+00
1950 2.221426e-07
1951 2.383183e-07
1952 2.448877e-07
1953 2.378062e-07
1954 2.153426e-07
1955 1.817173e-07
1956 1.471403e-07
1957 1.203897e-07
1958 1.001617e-07
1959 7.473189e-08
1960 5.038583e-08
1961 3.629280e-08
1962 2.404710e-08
1963 1.537105e-08
1964 9.797933e-09
1965 0.000000e+00
1966 0.000000e+00
1967 0.000000e+00
1968 0.000000e+00
1969 0.000000e+00
1970 0.000000e+00
1971 0.000000e+00
1972 0.000000e+00
1973 0.000000e+00
1974 0.000000e+00
1975 2.758361e-07
1976 2.958793e-07
1977 3.040676e-07
1978 2.953530e-07
1979 2.675416e-07
1980 2.258398e-07
1981 1.828810e-07
1982 1.495977e-07
1983 1.244730e-07
1984 9.296828e-08
1985 6.266568e-08
1986 4.516671e-08
1987 2.991982e-08
1988 1.913408e-08
1989 1.219643e-08
1990 0.000000e+00
1991 0.000000e+00
1992 0.000000e+00
1993 0.000000e+00
1994 0.000000e+00
1995 0.000000e+00
1996 0.000000e+00
1997 0.000000e+00
1998 0.000000e+00
1999 0.000000e+00
2000 9.305456e-08
2001 1.019809e-07
2002 1.075857e-07
2003 1.082063e-07
2004 1.022525e-07
2005 8.964988e-08
2006 7.378626e-08
2007 5.962732e-08
2008 4.946241e-08
2009 4.009139e-08
2010 2.786067e-08
2011 1.974994e-08
2012 1.333264e-08
2013 8.908626e-09
2014 5.612683e-09
2015 0.000000e+00
2016 0.000000e+00
2017 0.000000e+00
2018 0.000000e+00
2019 0.000000e+00
2020 0.000000e+00
2021 0.000000e+00
2022 0.000000e+00
2023 0.000000e+00
2024 0.000000e+00
2025 1.319326e-07
2026 1.444974e-07
2027 1.524177e-07
2028 1.533260e-07
2029 1.449790e-07
2030 1.272358e-07
2031 1.047745e-07
2032 8.465610e-08
2033 7.019406e-08
2034 5.697755e-08
2035 3.967136e-08
2036 2.806099e-08
2037 1.898251e-08
2038 1.268901e-08
2039 7.993034e-09
2040 0.000000e+00
2041 0.000000e+00
2042 0.000000e+00
2043 0.000000e+00
2044 0.000000e+00
2045 0.000000e+00
2046 0.000000e+00
2047 0.000000e+00
2048 0.000000e+00
2049 0.000000e+00
2050 1.818349e-07
2051 1.990744e-07
2052 2.099641e-07
2053 2.112593e-07
2054 1.998240e-07
2055 1.754717e-07
2056 1.445593e-07
2057 1.167755e-07
2058 9.679994e-08
2059 7.864742e-08
2060 5.482257e-08
2061 3.872570e-08
2062 2.623031e-08
2063 1.753905e-08
2064 1.104546e-08
2065 0.000000e+00
2066 0.000000e+00
2067 0.000000e+00
2068 0.000000e+00
2069 0.000000e+00
2070 0.000000e+00
2071 0.000000e+00
2072 0.000000e+00
2073 0.000000e+00
2074 0.000000e+00
2075 7.065211e-08
2076 7.865347e-08
2077 8.473898e-08
2078 8.747416e-08
2079 8.528604e-08
2080 7.753426e-08
2081 6.567604e-08
2082 5.318358e-08
2083 4.342285e-08
2084 3.618687e-08
2085 2.726773e-08
2086 1.824342e-08
2087 1.328660e-08
2088 8.786857e-09
2089 5.639977e-09
2090 3.609549e-09
2091 0.000000e+00
2092 0.000000e+00
2093 0.000000e+00
2094 0.000000e+00
2095 0.000000e+00
2096 0.000000e+00
2097 0.000000e+00
2098 0.000000e+00
2099 0.000000e+00
2100 1.168274e-07
2101 1.298984e-07
2102 1.398706e-07
2103 1.444018e-07
2104 1.408781e-07
2105 1.281613e-07
2106 1.086320e-07
2107 8.799019e-08
2108 7.180237e-08
2109 5.984235e-08
2110 4.519191e-08
2111 3.023307e-08
2112 2.204722e-08
2113 1.456927e-08
2114 9.364157e-09
2115 5.991883e-09
2116 0.000000e+00
2117 0.000000e+00
2118 0.000000e+00
2119 0.000000e+00
2120 0.000000e+00
2121 0.000000e+00
2122 0.000000e+00
2123 0.000000e+00
2124 0.000000e+00
2125 7.115652e-08
2126 8.018935e-08
2127 8.757038e-08
2128 9.205667e-08
2129 9.226815e-08
2130 8.676584e-08
2131 7.556466e-08
2132 6.195477e-08
2133 5.006976e-08
2134 4.162130e-08
2135 3.345057e-08
2136 2.298670e-08
2137 1.651197e-08
2138 1.100923e-08
2139 7.348851e-09
2140 4.643655e-09
2141 0.000000e+00
2142 0.000000e+00
2143 0.000000e+00
2144 0.000000e+00
2145 0.000000e+00
2146 0.000000e+00
2147 0.000000e+00
2148 0.000000e+00
2149 0.000000e+00
2150 3.682971e-08
2151 4.196988e-08
2152 4.650458e-08
2153 4.974661e-08
2154 5.079477e-08
2155 4.891313e-08
2156 4.392060e-08
2157 3.674346e-08
2158 2.965229e-08
2159 2.436777e-08
2160 2.025086e-08
2161 1.474334e-08
2162 9.989755e-09
2163 7.078075e-09
2164 4.737339e-09
2165 2.995086e-09
2166 1.918932e-09
2167 0.000000e+00
2168 0.000000e+00
2169 0.000000e+00
2170 0.000000e+00
2171 0.000000e+00
2172 0.000000e+00
2173 0.000000e+00
2174 0.000000e+00
2175 4.273297e-05
2176 3.776486e-05
2177 3.155234e-05
2178 2.576132e-05
2179 2.116872e-05
2180 1.693729e-05
2181 1.243901e-05
2182 8.632965e-06
2183 6.081916e-06
2184 4.059345e-06
2185 2.672811e-06
2186 0.000000e+00
2187 0.000000e+00
2188 0.000000e+00
2189 0.000000e+00
2190 0.000000e+00
2191 0.000000e+00
2192 0.000000e+00
2193 0.000000e+00
2194 0.000000e+00
2195 0.000000e+00
2196 0.000000e+00
2197 0.000000e+00
2198 0.000000e+00
2199 0.000000e+00
2200 2.296466e-05
2201 2.268870e-05
2202 2.101172e-05
2203 1.811471e-05
2204 1.481110e-05
2205 1.203975e-05
2206 1.001630e-05
2207 7.857164e-06
2208 5.385107e-06
2209 3.863182e-06
2210 2.590077e-06
2211 1.706777e-06
2212 1.088090e-06
2213 0.000000e+00
2214 0.000000e+00
2215 0.000000e+00
2216 0.000000e+00
2217 0.000000e+00
2218 0.000000e+00
2219 0.000000e+00
2220 0.000000e+00
2221 0.000000e+00
2222 0.000000e+00
2223 0.000000e+00
2224 0.000000e+00
2225 1.461636e-05
2226 1.520534e-05
2227 1.503224e-05
2228 1.390548e-05
2229 1.195755e-05
2230 9.752565e-06
2231 7.916091e-06
2232 6.594259e-06
2233 5.160520e-06
2234 3.496647e-06
2235 2.539143e-06
2236 1.678908e-06
2237 1.100824e-06
2238 6.971984e-07
2239 0.000000e+00
2240 0.000000e+00
2241 0.000000e+00
2242 0.000000e+00
2243 0.000000e+00
2244 0.000000e+00
2245 0.000000e+00
2246 0.000000e+00
2247 0.000000e+00
2248 0.000000e+00
2249 0.000000e+00
2250 9.880233e-06
2251 1.058887e-05
2252 1.087938e-05
2253 1.056487e-05
2254 9.572742e-06
2255 8.085697e-06
2256 6.544159e-06
2257 5.350854e-06
2258 4.456997e-06
2259 3.335974e-06
2260 2.237845e-06
2261 1.620372e-06
2262 1.072681e-06
2263 6.854268e-07
2264 4.374598e-07
2265 0.000000e+00
2266 0.000000e+00
2267 0.000000e+00
2268 0.000000e+00
2269 0.000000e+00
2270 0.000000e+00
2271 0.000000e+00
2272 0.000000e+00
2273 0.000000e+00
2274 0.000000e+00
2275 6.972950e-06
2276 7.620839e-06
2277 8.029088e-06
2278 8.076745e-06
2279 7.648353e-06
2280 6.720046e-06
2281 5.534360e-06
2282 4.469324e-06
2283 3.704321e-06
2284 3.019004e-06
2285 2.103237e-06
2286 1.484205e-06
2287 1.005051e-06
2288 6.737263e-07
2289 4.237108e-07
2290 0.000000e+00
2291 0.000000e+00
2292 0.000000e+00
2293 0.000000e+00
2294 0.000000e+00
2295 0.000000e+00
2296 0.000000e+00
2297 0.000000e+00
2298 0.000000e+00
2299 0.000000e+00
2300 5.082142e-06
2301 5.636286e-06
2302 6.062348e-06
2303 6.259613e-06
2304 6.106963e-06
2305 5.557502e-06
2306 4.714107e-06
2307 3.818124e-06
2308 3.113956e-06
2309 2.595870e-06
2310 1.965386e-06
2311 1.310874e-06
2312 9.597345e-07
2313 6.335029e-07
2314 4.074700e-07
2315 2.608947e-07
2316 0.000000e+00
2317 0.000000e+00
2318 0.000000e+00
2319 0.000000e+00
2320 0.000000e+00
2321 0.000000e+00
2322 0.000000e+00
2323 0.000000e+00
2324 0.000000e+00
2325 3.797151e-06
2326 4.265679e-06
2327 4.649420e-06
2328 4.883085e-06
2329 4.894389e-06
2330 4.609075e-06
2331 4.016451e-06
2332 3.293605e-06
2333 2.660927e-06
2334 2.211305e-06
2335 1.781710e-06
2336 1.225796e-06
2337 8.789483e-07
2338 5.864007e-07
2339 3.921828e-07
2340 2.476422e-07
2341 0.000000e+00
2342 0.000000e+00
2343 0.000000e+00
2344 0.000000e+00
2345 0.000000e+00
2346 0.000000e+00
2347 0.000000e+00
2348 0.000000e+00
2349 0.000000e+00
2350 2.632060e-06
2351 2.982723e-06
2352 3.294890e-06
2353 3.521407e-06
2354 3.595158e-06
2355 3.463694e-06
2356 3.113912e-06
2357 2.609273e-06
2358 2.105078e-06
2359 1.728303e-06
2360 1.437441e-06
2361 1.052114e-06
2362 7.099078e-07
2363 5.052362e-07
2364 3.378157e-07
2365 2.137453e-07
2366 1.370621e-07
2367 0.000000e+00
2368 0.000000e+00
2369 0.000000e+00
2370 0.000000e+00
2371 0.000000e+00
2372 0.000000e+00
2373 0.000000e+00
2374 0.000000e+00
2375 1.508110e-06
2376 1.727325e-06
2377 1.928788e-06
2378 2.088709e-06
2379 2.178430e-06
2380 2.159632e-06
2381 1.997280e-06
2382 1.714510e-06
2383 1.396777e-06
2384 1.131653e-06
2385 9.437631e-07
2386 7.372024e-07
2387 4.967607e-07
2388 3.653129e-07
2389 2.397304e-07
2390 1.574817e-07
2391 1.003415e-07
2392 0.000000e+00
2393 0.000000e+00
2394 0.000000e+00
2395 0.000000e+00
2396 0.000000e+00
2397 0.000000e+00
2398 0.000000e+00
2399 0.000000e+00
2400 6.659882e-07
2401 7.690185e-07
2402 8.691792e-07
2403 9.560497e-07
2404 1.013491e-06
2405 1.026244e-06
2406 9.796991e-07
2407 8.700904e-07
2408 7.208021e-07
2409 5.814126e-07
2410 4.798586e-07
2411 3.960503e-07
2412 2.805080e-07
2413 1.942318e-07
2414 1.341288e-07
2415 9.014306e-08
2416 5.673577e-08
2417 3.620560e-08
2418 0.000000e+00
2419 0.000000e+00
2420 0.000000e+00
2421 0.000000e+00
2422 0.000000e+00
2423 0.000000e+00
2424 0.000000e+00
2425 0.000000e+00
2426 0.000000e+00
2427 0.000000e+00
2428 0.000000e+00
2429 0.000000e+00
2430 0.000000e+00
2431 0.000000e+00
2432 2.755013e-07
2433 1.940207e-07
2434 1.300979e-07
2435 8.604598e-08
2436 0.000000e+00
2437 0.000000e+00
2438 0.000000e+00
2439 0.000000e+00
2440 0.000000e+00
2441 0.000000e+00
2442 0.000000e+00
2443 0.000000e+00
2444 0.000000e+00
2445 0.000000e+00
2446 0.000000e+00
2447 0.000000e+00
2448 0.000000e+00
2449 0.000000e+00
2450 0.000000e+00
2451 0.000000e+00
2452 0.000000e+00
2453 0.000000e+00
2454 0.000000e+00
2455 0.000000e+00
2456 0.000000e+00
2457 3.019904e-07
2458 2.089083e-07
2459 1.486005e-07
2460 1.004811e-07
2461 6.629374e-08
2462 4.243032e-08
2463 0.000000e+00
2464 0.000000e+00
2465 0.000000e+00
2466 0.000000e+00
2467 0.000000e+00
2468 0.000000e+00
2469 0.000000e+00
2470 0.000000e+00
2471 0.000000e+00
2472 0.000000e+00
2473 0.000000e+00
2474 0.000000e+00
2475 0.000000e+00
2476 0.000000e+00
2477 0.000000e+00
2478 0.000000e+00
2479 0.000000e+00
2480 0.000000e+00
2481 0.000000e+00
2482 2.836752e-07
2483 2.219468e-07
2484 1.511030e-07
2485 1.089164e-07
2486 7.240913e-08
2487 4.746846e-08
2488 3.004310e-08
2489 0.000000e+00
2490 0.000000e+00
2491 0.000000e+00
2492 0.000000e+00
2493 0.000000e+00
2494 0.000000e+00
2495 0.000000e+00
2496 0.000000e+00
2497 0.000000e+00
2498 0.000000e+00
2499 0.000000e+00
2500 0.000000e+00
2501 0.000000e+00
2502 0.000000e+00
2503 0.000000e+00
2504 0.000000e+00
2505 0.000000e+00
2506 0.000000e+00
2507 2.568110e-07
2508 2.137123e-07
2509 1.599058e-07
2510 1.077404e-07
2511 7.774764e-08
2512 5.147676e-08
2513 3.295046e-08
2514 2.100281e-08
2515 0.000000e+00
2516 0.000000e+00
2517 0.000000e+00
2518 0.000000e+00
2519 0.000000e+00
2520 0.000000e+00
2521 0.000000e+00
2522 0.000000e+00
2523 0.000000e+00
2524 0.000000e+00
2525 0.000000e+00
2526 0.000000e+00
2527 0.000000e+00
2528 0.000000e+00
2529 0.000000e+00
2530 0.000000e+00
2531 0.000000e+00
2532 2.346567e-07
2533 1.944462e-07
2534 1.582207e-07
2535 1.104447e-07
2536 7.787650e-08
2537 5.284220e-08
2538 3.534369e-08
2539 2.225469e-08
2540 0.000000e+00
2541 0.000000e+00
2542 0.000000e+00
2543 0.000000e+00
2544 0.000000e+00
2545 0.000000e+00
2546 0.000000e+00
2547 0.000000e+00
2548 0.000000e+00
2549 0.000000e+00
2550 0.000000e+00
2551 0.000000e+00
2552 0.000000e+00
2553 0.000000e+00
2554 0.000000e+00
2555 0.000000e+00
2556 0.000000e+00
2557 2.155258e-07
2558 1.757889e-07
2559 1.465178e-07
2560 1.108634e-07
2561 7.416103e-08
2562 5.414428e-08
2563 3.575544e-08
2564 2.300827e-08
2565 1.472004e-08
2566 0.000000e+00
2567 0.000000e+00
2568 0.000000e+00
2569 0.000000e+00
2570 0.000000e+00
2571 0.000000e+00
2572 0.000000e+00
2573 0.000000e+00
2574 0.000000e+00
2575 0.000000e+00
2576 0.000000e+00
2577 0.000000e+00
2578 0.000000e+00
2579 0.000000e+00
2580 0.000000e+00
2581 0.000000e+00
2582 1.974486e-07
2583 1.595346e-07
2584 1.325545e-07
2585 1.067612e-07
2586 7.348261e-08
2587 5.265753e-08
2588 3.517951e-08
2589 2.350635e-08
2590 1.484497e-08
2591 0.000000e+00
2592 0.000000e+00
2593 0.000000e+00
2594 0.000000e+00
2595 0.000000e+00
2596 0.000000e+00
2597 0.000000e+00
2598 0.000000e+00
2599 0.000000e+00
2600 0.000000e+00
2601 0.000000e+00
2602 0.000000e+00
2603 0.000000e+00
2604 0.000000e+00
2605 0.000000e+00
2606 0.000000e+00
2607 1.784827e-07
2608 1.440461e-07
2609 1.182569e-07
2610 9.831828e-08
2611 7.194211e-08
2612 4.859080e-08
2613 3.458833e-08
2614 2.311438e-08
2615 1.463933e-08
2616 9.383612e-09
2617 0.000000e+00
2618 0.000000e+00
2619 0.000000e+00
2620 0.000000e+00
2621 0.000000e+00
2622 0.000000e+00
2623 0.000000e+00
2624 0.000000e+00
2625 0.000000e+00
2626 0.000000e+00
2627 0.000000e+00
2628 0.000000e+00
2629 0.000000e+00
2630 0.000000e+00
2631 0.000000e+00
2632 1.534918e-07
2633 1.250512e-07
2634 1.013389e-07
2635 8.448957e-08
2636 6.601514e-08
2637 4.451522e-08
2638 3.266225e-08
2639 2.147168e-08
2640 1.410772e-08
2641 8.986511e-09
2642 0.000000e+00
2643 0.000000e+00
2644 0.000000e+00
2645 0.000000e+00
2646 0.000000e+00
2647 0.000000e+00
2648 0.000000e+00
2649 0.000000e+00
2650 0.000000e+00
2651 0.000000e+00
2652 0.000000e+00
2653 0.000000e+00
2654 0.000000e+00
2655 0.000000e+00
2656 0.000000e+00
2657 1.215196e-07
2658 1.010005e-07
2659 8.151224e-08
2660 6.717784e-08
2661 5.546757e-08
2662 3.969887e-08
2663 2.732921e-08
2664 1.903583e-08
2665 1.275619e-08
2666 8.057210e-09
2667 5.144269e-09
2668 0.000000e+00
2669 0.000000e+00
2670 0.000000e+00
2671 0.000000e+00
2672 0.000000e+00
2673 0.000000e+00
2674 0.000000e+00
2675 0.000000e+00
2676 0.000000e+00
2677 0.000000e+00
2678 0.000000e+00
2679 0.000000e+00
2680 0.000000e+00
2681 0.000000e+00
2682 2.968217e-10
2683 1.513371e-10
2684 6.609785e-11
2685 2.007912e-11
2686 -2.229575e-12
2687 -1.030096e-11
2688 -1.088604e-11
2689 -6.656910e-12
2690 -3.786269e-12
2691 -3.441603e-12
2692 -3.323971e-12
2693 -3.309642e-12
2694 -3.274306e-12
2695 -6.636545e-12
2696 0.000000e+00
2697 0.000000e+00
2698 0.000000e+00
2699 0.000000e+00
2700 0.000000e+00
2701 0.000000e+00
2702 0.000000e+00
2703 0.000000e+00
2704 0.000000e+00
2705 0.000000e+00
2706 0.000000e+00
2707 2.128749e-09
2708 1.344459e-09
2709 8.077788e-10
2710 4.577190e-10
2711 2.475219e-10
2712 1.253485e-10
2713 5.341127e-11
2714 2.384214e-11
2715 1.112805e-11
2716 1.234437e-11
2717 1.360397e-11
2718 1.466867e-11
2719 1.517336e-11
2720 3.857043e-11
2721 0.000000e+00
2722 0.000000e+00
2723 0.000000e+00
2724 0.000000e+00
2725 0.000000e+00
2726 0.000000e+00
2727 0.000000e+00
2728 0.000000e+00
2729 0.000000e+00
2730 0.000000e+00
2731 0.000000e+00
2732 4.816792e-09
2733 3.202155e-09
2734 2.074072e-09
2735 1.294824e-09
2736 7.939910e-10
2737 4.839361e-10
2738 2.938547e-10
2739 1.784889e-10
2740 1.154495e-10
2741 1.018407e-10
2742 9.625921e-11
2743 9.461761e-11
2744 9.298487e-11
2745 1.442186e-10
2746 0.000000e+00
2747 0.000000e+00
2748 0.000000e+00
2749 0.000000e+00
2750 0.000000e+00
2751 0.000000e+00
2752 0.000000e+00
2753 0.000000e+00
2754 0.000000e+00
2755 0.000000e+00
2756 0.000000e+00
2757 7.971386e-09
2758 5.403994e-09
2759 3.592653e-09
2760 2.324311e-09
2761 1.483239e-09
2762 9.188652e-10
2763 5.848714e-10
2764 3.532194e-10
2765 2.281307e-10
2766 1.830943e-10
2767 1.594301e-10
2768 1.477108e-10
2769 1.399848e-10
2770 2.051171e-10
2771 0.000000e+00
2772 0.000000e+00
2773 0.000000e+00
2774 0.000000e+00
2775 0.000000e+00
2776 0.000000e+00
2777 0.000000e+00
2778 0.000000e+00
2779 0.000000e+00
2780 0.000000e+00
2781 0.000000e+00
2782 1.152274e-08
2783 8.015312e-09
2784 5.384351e-09
2785 3.567908e-09
2786 2.290427e-09
2787 1.453593e-09
2788 9.157405e-10
2789 1.084451e-09
2790 3.685377e-10
2791 2.793645e-10
2792 2.299110e-10
2793 2.035977e-10
2794 1.581629e-10
2795 2.485188e-10
2796 0.000000e+00
2797 0.000000e+00
2798 0.000000e+00
2799 0.000000e+00
2800 0.000000e+00
2801 0.000000e+00
2802 0.000000e+00
2803 0.000000e+00
2804 0.000000e+00
2805 0.000000e+00
2806 0.000000e+00
2807 1.551930e-08
2808 1.109158e-08
2809 7.558751e-09
2810 5.057988e-09
2811 3.311270e-09
2812 2.121199e-09
2813 1.345403e-09
2814 8.412450e-10
2815 1.597731e-09
2816 3.753206e-10
2817 2.879662e-10
2818 2.385243e-10
2819 2.083964e-10
2820 2.867475e-10
2821 0.000000e+00
2822 0.000000e+00
2823 0.000000e+00
2824 0.000000e+00
2825 0.000000e+00
2826 0.000000e+00
2827 0.000000e+00
2828 0.000000e+00
2829 0.000000e+00
2830 0.000000e+00
2831 0.000000e+00
2832 2.008776e-08
2833 1.468883e-08
2834 1.021593e-08
2835 6.882602e-09
2836 4.575816e-09
2837 2.957488e-09
2838 1.892458e-09
2839 1.181221e-09
2840 7.522501e-10
2841 5.241024e-10
2842 3.897252e-10
2843 3.125824e-10
2844 2.618381e-10
2845 3.222765e-10
2846 0.000000e+00
2847 0.000000e+00
2848 0.000000e+00
2849 0.000000e+00
2850 0.000000e+00
2851 0.000000e+00
2852 0.000000e+00
2853 0.000000e+00
2854 0.000000e+00
2855 0.000000e+00
2856 0.000000e+00
2857 2.512578e-08
2858 1.869079e-08
2859 1.327827e-08
2860 9.038556e-09
2861 6.055351e-09
2862 3.988616e-09
2863 2.545363e-09
2864 1.602631e-09
2865 1.024724e-09
2866 6.997076e-10
2867 5.056428e-10
2868 3.926084e-10
2869 2.779154e-10
2870 3.592662e-10
2871 0.000000e+00
2872 0.000000e+00
2873 0.000000e+00
2874 0.000000e+00
2875 0.000000e+00
2876 0.000000e+00
2877 0.000000e+00
2878 0.000000e+00
2879 0.000000e+00
2880 0.000000e+00
2881 0.000000e+00
2882 3.089309e-08
2883 2.329222e-08
2884 1.687425e-08
2885 1.166692e-08
2886 7.853117e-09
2887 5.212409e-09
2888 3.363095e-09
2889 2.132069e-09
2890 1.444514e-09
2891 9.094343e-10
2892 6.369536e-10
2893 4.755638e-10
2894 3.267189e-10
2895 4.016729e-10
2896 0.000000e+00
2897 0.000000e+00
2898 0.000000e+00
2899 0.000000e+00
2900 0.000000e+00
2901 0.000000e+00
2902 0.000000e+00
2903 0.000000e+00
2904 0.000000e+00
2905 0.000000e+00
2906 0.000000e+00
2907 4.140494e-08
2908 3.171787e-08
2909 2.355302e-08
2910 1.675313e-08
2911 1.143902e-08
2912 7.675866e-09
2913 5.059648e-09
2914 3.220004e-09
2915 2.028062e-09
2916 1.325060e-09
2917 8.854621e-10
2918 6.182368e-10
2919 4.595853e-10
2920 4.742251e-10
2921 0.000000e+00
2922 0.000000e+00
2923 0.000000e+00
2924 0.000000e+00
2925 0.000000e+00
2926 0.000000e+00
2927 0.000000e+00
2928 0.000000e+00
2929 0.000000e+00
2930 0.000000e+00
2931 0.000000e+00
2932 1.348140e-07
2933 1.098950e-07
2934 8.691946e-08
2935 6.716033e-08
2936 5.061309e-08
2937 3.675198e-08
2938 2.541372e-08
2939 1.744049e-08
2940 1.153738e-08
2941 7.581761e-09
2942 4.761948e-09
2943 3.078834e-09
2944 1.915175e-09
2945 1.409627e-09
2946 0.000000e+00
2947 0.000000e+00
2948 0.000000e+00
2949 0.000000e+00
2950 0.000000e+00
2951 0.000000e+00
2952 0.000000e+00
2953 0.000000e+00
2954 0.000000e+00
2955 0.000000e+00
2956 -1.265192e-12
2957 -9.745504e-13
2958 -7.705447e-13
2959 -6.058232e-13
2960 -4.870829e-13
2961 0.000000e+00
2962 0.000000e+00
2963 0.000000e+00
2964 0.000000e+00
2965 0.000000e+00
2966 0.000000e+00
2967 0.000000e+00
2968 0.000000e+00
2969 0.000000e+00
2970 0.000000e+00
2971 0.000000e+00
2972 0.000000e+00
2973 0.000000e+00
2974 0.000000e+00
2975 0.000000e+00
2976 0.000000e+00
2977 0.000000e+00
2978 0.000000e+00
2979 0.000000e+00
2980 0.000000e+00
2981 -5.902668e-13
2982 -4.734162e-13
2983 -3.505159e-13
2984 -2.782603e-13
2985 -2.182642e-13
2986 -1.735589e-13
2987 -1.405619e-13
2988 0.000000e+00
2989 0.000000e+00
2990 0.000000e+00
2991 0.000000e+00
2992 0.000000e+00
2993 0.000000e+00
2994 0.000000e+00
2995 0.000000e+00
2996 0.000000e+00
2997 0.000000e+00
2998 0.000000e+00
2999 0.000000e+00
3000 0.000000e+00
3001 0.000000e+00
3002 0.000000e+00
3003 0.000000e+00
3004 0.000000e+00
3005 0.000000e+00
3006 -2.532504e-13
3007 -2.128134e-13
3008 -1.696210e-13
3009 -1.234572e-13
3010 -1.002134e-13
3011 -7.950321e-14
3012 -6.485087e-14
3013 -5.373631e-14
3014 0.000000e+00
3015 0.000000e+00
3016 0.000000e+00
3017 0.000000e+00
3018 0.000000e+00
3019 0.000000e+00
3020 0.000000e+00
3021 0.000000e+00
3022 0.000000e+00
3023 0.000000e+00
3024 0.000000e+00
3025 0.000000e+00
3026 0.000000e+00
3027 0.000000e+00
3028 0.000000e+00
3029 0.000000e+00
3030 0.000000e+00
3031 -6.526343e-14
3032 -5.395264e-14
3033 -4.551426e-14
3034 -3.498078e-14
3035 -2.708427e-14
3036 -2.409441e-14
3037 -2.173252e-14
3038 -1.969796e-14
3039 -1.813162e-14
3040 0.000000e+00
3041 0.000000e+00
3042 0.000000e+00
3043 0.000000e+00
3044 0.000000e+00
3045 0.000000e+00
3046 0.000000e+00
3047 0.000000e+00
3048 0.000000e+00
3049 0.000000e+00
3050 0.000000e+00
3051 0.000000e+00
3052 0.000000e+00
3053 0.000000e+00
3054 0.000000e+00
3055 0.000000e+00
3056 5.999128e-14
3057 4.840068e-14
3058 3.979142e-14
3059 3.250495e-14
3060 2.242021e-14
3061 1.397982e-14
3062 7.583259e-15
3063 2.594776e-15
3064 -9.549965e-16
3065 0.000000e+00
3066 0.000000e+00
3067 0.000000e+00
3068 0.000000e+00
3069 0.000000e+00
3070 0.000000e+00
3071 0.000000e+00
3072 0.000000e+00
3073 0.000000e+00
3074 0.000000e+00
3075 0.000000e+00
3076 0.000000e+00
3077 0.000000e+00
3078 0.000000e+00
3079 0.000000e+00
3080 0.000000e+00
3081 1.459061e-13
3082 1.182609e-13
3083 9.629742e-14
3084 8.029354e-14
3085 6.116992e-14
3086 4.050454e-14
3087 2.914828e-14
3088 1.828135e-14
3089 1.076444e-14
3090 5.794467e-15
3091 0.000000e+00
3092 0.000000e+00
3093 0.000000e+00
3094 0.000000e+00
3095 0.000000e+00
3096 0.000000e+00
3097 0.000000e+00
3098 0.000000e+00
3099 0.000000e+00
3100 0.000000e+00
3101 0.000000e+00
3102 0.000000e+00
3103 0.000000e+00
3104 0.000000e+00
3105 0.000000e+00
3106 2.041286e-13
3107 1.677987e-13
3108 1.354634e-13
3109 1.123377e-13
3110 9.102733e-14
3111 6.318568e-14
3112 4.460202e-14
3113 2.964941e-14
3114 1.955780e-14
3115 1.194483e-14
3116 0.000000e+00
3117 0.000000e+00
3118 0.000000e+00
3119 0.000000e+00
3120 0.000000e+00
3121 0.000000e+00
3122 0.000000e+00
3123 0.000000e+00
3124 0.000000e+00
3125 0.000000e+00
3126 0.000000e+00
3127 0.000000e+00
3128 0.000000e+00
3129 0.000000e+00
3130 0.000000e+00
3131 2.432440e-13
3132 2.040525e-13
3133 1.648287e-13
3134 1.352662e-13
3135 1.124575e-13
3136 8.272246e-14
3137 5.568505e-14
3138 4.006404e-14
3139 2.648540e-14
3140 1.664343e-14
3141 1.058353e-14
3142 0.000000e+00
3143 0.000000e+00
3144 0.000000e+00
3145 0.000000e+00
3146 0.000000e+00
3147 0.000000e+00
3148 0.000000e+00
3149 0.000000e+00
3150 0.000000e+00
3151 0.000000e+00
3152 0.000000e+00
3153 0.000000e+00
3154 0.000000e+00
3155 0.000000e+00
3156 2.707692e-13
3157 2.330649e-13
3158 1.900143e-13
3159 1.537479e-13
3160 1.282022e-13
3161 1.009647e-13
3162 6.834237e-14
3163 4.980621e-14
3164 3.282248e-14
3165 2.175200e-14
3166 1.373876e-14
3167 0.000000e+00
3168 0.000000e+00
3169 0.000000e+00
3170 0.000000e+00
3171 0.000000e+00
3172 0.000000e+00
3173 0.000000e+00
3174 0.000000e+00
3175 0.000000e+00
3176 0.000000e+00
3177 0.000000e+00
3178 0.000000e+00
3179 0.000000e+00
3180 0.000000e+00
3181 2.866752e-13
3182 2.560232e-13
3183 2.134443e-13
3184 1.724007e-13
3185 1.417947e-13
3186 1.172742e-13
3187 8.484130e-14
3188 5.800989e-14
3189 4.082923e-14
3190 2.723463e-14
3191 1.726696e-14
3192 1.106562e-14
3193 0.000000e+00
3194 0.000000e+00
3195 0.000000e+00
3196 0.000000e+00
3197 0.000000e+00
3198 0.000000e+00
3199 0.000000e+00
3200 0.000000e+00
3201 0.000000e+00
3202 0.000000e+00
3203 0.000000e+00
3204 0.000000e+00
3205 0.000000e+00
3206 -2.835733e-14
3207 -2.284963e-14
3208 -1.826859e-14
3209 -1.443285e-14
3210 -1.119820e-14
3211 -8.476540e-15
3212 -6.216378e-15
3213 -4.384128e-15
3214 -2.950424e-15
3215 -1.881014e-15
3216 -1.129577e-15
3217 -6.375258e-16
3218 -3.389975e-16
3219 -1.707805e-16
3220 -8.172388e-17
3221 -3.690509e-17
3222 0.000000e+00
3223 0.000000e+00
3224 0.000000e+00
3225 0.000000e+00
3226 0.000000e+00
3227 0.000000e+00
3228 0.000000e+00
3229 0.000000e+00
3230 0.000000e+00
3231 -5.011804e-14
3232 -4.030134e-14
3233 -3.246883e-14
3234 -2.611425e-14
3235 -2.092867e-14
3236 -1.663075e-14
3237 -1.301665e-14
3238 -9.964673e-15
3239 -7.402738e-15
3240 -5.293955e-15
3241 -3.612813e-15
3242 -2.336105e-15
3243 -1.422857e-15
3244 -8.148111e-16
3245 -4.398193e-16
3246 -2.247740e-16
3247 0.000000e+00
3248 0.000000e+00
3249 0.000000e+00
3250 0.000000e+00
3251 0.000000e+00
3252 0.000000e+00
3253 0.000000e+00
3254 0.000000e+00
3255 0.000000e+00
3256 -6.337061e-14
3257 -5.062872e-14
3258 -4.065774e-14
3259 -3.270276e-14
3260 -2.627812e-14
3261 -2.104719e-14
3262 -1.672388e-14
3263 -1.309695e-14
3264 -1.004033e-14
3265 -7.480996e-15
3266 -5.375036e-15
3267 -3.695098e-15
3268 -2.410958e-15
3269 -1.482682e-15
3270 -8.555010e-16
3271 -4.626750e-16
3272 0.000000e+00
3273 0.000000e+00
3274 0.000000e+00
3275 0.000000e+00
3276 0.000000e+00
3277 0.000000e+00
3278 0.000000e+00
3279 0.000000e+00
3280 0.000000e+00
3281 -7.341455e-14
3282 -5.857045e-14
3283 -4.684761e-14
3284 -3.762940e-14
3285 -3.025721e-14
3286 -2.429860e-14
3287 -1.942249e-14
3288 -1.536571e-14
3289 -1.195714e-14
3290 -9.092261e-15
3291 -6.706151e-15
3292 -4.761474e-15
3293 -3.228757e-15
3294 -2.074373e-15
3295 -1.253442e-15
3296 -7.088985e-16
3297 0.000000e+00
3298 0.000000e+00
3299 0.000000e+00
3300 0.000000e+00
3301 0.000000e+00
3302 0.000000e+00
3303 0.000000e+00
3304 0.000000e+00
3305 0.000000e+00
3306 -8.134602e-14
3307 -6.491115e-14
3308 -5.181610e-14
3309 -4.153433e-14
3310 -3.340423e-14
3311 -2.686425e-14
3312 -2.154475e-14
3313 -1.714713e-14
3314 -1.346361e-14
3315 -1.036442e-14
3316 -7.769343e-15
3317 -5.629893e-15
3318 -3.913200e-15
3319 -2.589035e-15
3320 -1.616976e-15
3321 -9.473170e-16
3322 0.000000e+00
3323 0.000000e+00
3324 0.000000e+00
3325 0.000000e+00
3326 0.000000e+00
3327 0.000000e+00
3328 0.000000e+00
3329 0.000000e+00
3330 0.000000e+00
3331 -8.771117e-14
3332 -6.999925e-14
3333 -5.582619e-14
3334 -4.468081e-14
3335 -3.593704e-14
3336 -2.893370e-14
3337 -2.326858e-14
3338 -1.859985e-14
3339 -1.470018e-14
3340 -1.141457e-14
3341 -8.653530e-15
3342 -6.360962e-15
3343 -4.500094e-15
3344 -3.040190e-15
3345 -1.946388e-15
3346 -1.172222e-15
3347 0.000000e+00
3348 0.000000e+00
3349 0.000000e+00
3350 0.000000e+00
3351 0.000000e+00
3352 0.000000e+00
3353 0.000000e+00
3354 0.000000e+00
3355 0.000000e+00
3356 -9.261019e-14
3357 -7.391998e-14
3358 -5.890455e-14
3359 -4.709596e-14
3360 -3.789944e-14
3361 -3.055999e-14
3362 -2.464386e-14
3363 -1.978030e-14
3364 -1.571815e-14
3365 -1.229222e-14
3366 -9.402185e-15
3367 -6.986703e-15
3368 -5.008796e-15
3369 -3.438358e-15
3370 -2.242942e-15
3371 -1.380565e-15
3372 0.000000e+00
3373 0.000000e+00
3374 0.000000e+00
3375 0.000000e+00
3376 0.000000e+00
3377 0.000000e+00
3378 0.000000e+00
3379 0.000000e+00
3380 0.000000e+00
3381 -9.579662e-14
3382 -7.646021e-14
3383 -6.088376e-14
3384 -4.861882e-14
3385 -3.916738e-14
3386 -3.166905e-14
3387 -2.560844e-14
3388 -2.064541e-14
3389 -1.649511e-14
3390 -1.297874e-14
3391 -1.000142e-14
3392 -7.497407e-15
3393 -5.429886e-15
3394 -3.772756e-15
3395 -2.496201e-15
3396 -1.561649e-15
3397 0.000000e+00
3398 0.000000e+00
3399 0.000000e+00
3400 0.000000e+00
3401 0.000000e+00
3402 0.000000e+00
3403 0.000000e+00
3404 0.000000e+00
3405 0.000000e+00
3406 -9.713632e-14
3407 -7.749348e-14
3408 -6.165144e-14
3409 -4.915642e-14
3410 -3.963405e-14
3411 -3.219434e-14
3412 -2.613667e-14
3413 -2.119056e-14
3414 -1.703226e-14
3415 -1.349184e-14
3416 -1.047064e-14
3417 -7.911416e-15
3418 -5.780464e-15
3419 -4.055979e-15
3420 -2.714400e-15
3421 -1.720047e-15
3422 0.000000e+00
3423 0.000000e+00
3424 0.000000e+00
3425 0.000000e+00
3426 0.000000e+00
3427 0.000000e+00
3428 0.000000e+00
3429 0.000000e+00
3430 0.000000e+00
3431 -9.428931e-14
3432 -7.496838e-14
3433 -5.951983e-14
3434 -4.729536e-14
3435 -3.811298e-14
3436 -3.127546e-14
3437 -2.573924e-14
3438 -2.111444e-14
3439 -1.721091e-14
3440 -1.382262e-14
3441 -1.086662e-14
3442 -8.315665e-15
3443 -6.154358e-15
3444 -4.376318e-15
3445 -2.969801e-15
3446 -1.910287e-15
3447 0.000000e+00
3448 0.000000e+00
3449 0.000000e+00
3450 0.000000e+00
3451 0.000000e+00
3452 0.000000e+00
3453 0.000000e+00
3454 0.000000e+00
3455 0.000000e+00
3456 0.000000e+00
3457 -1.177958e-15
3458 2.429067e-15
3459 3.357260e-15
3460 3.461547e-15
3461 1.754899e-15
3462 -2.525609e-15
3463 -5.963080e-15
3464 -7.297576e-15
3465 -8.034729e-15
3466 -7.835166e-15
3467 -6.946182e-15
3468 -5.753862e-15
3469 -4.469744e-15
3470 -3.259504e-15
3471 0.000000e+00
3472 0.000000e+00
3473 0.000000e+00
3474 0.000000e+00
3475 0.000000e+00
3476 0.000000e+00
3477 0.000000e+00
3478 0.000000e+00
3479 0.000000e+00
3480 0.000000e+00
3481 2.059439e-19
3482 1.783559e-19
3483 1.486610e-19
3484 1.196093e-19
3485 9.787590e-20
3486 7.880697e-20
3487 5.653857e-20
3488 3.829467e-20
3489 2.627490e-20
3490 1.686804e-20
3491 1.058283e-20
3492 6.281668e-21
3493 3.730180e-21
3494 2.347469e-21
3495 1.373768e-21
3496 7.606804e-22
3497 4.370613e-22
3498 1.943090e-22
3499 1.239105e-22
