0 2.625606e-09
1 1.953330e-09
2 1.406257e-09
3 9.796404e-10
4 6.657443e-10
5 4.453167e-10
6 2.935531e-10
7 1.920313e-10
8 1.258277e-10
9 8.310341e-11
10 5.561433e-11
11 3.786127e-11
12 2.618411e-11
13 1.829002e-11
14 1.278848e-11
15 8.862357e-12
16 6.034793e-12
17 4.013626e-12
18 2.600536e-12
19 1.641588e-12
20 1.011248e-12
21 6.090580e-13
22 0.000000e+00
23 0.000000e+00
24 0.000000e+00
25 4.427517e-09
26 3.370016e-09
27 2.490897e-09
28 1.775593e-09
29 1.220787e-09
30 8.209096e-10
31 5.454043e-10
32 3.566802e-10
33 2.321887e-10
34 1.518668e-10
35 1.004440e-10
36 6.749563e-11
37 4.626699e-11
38 3.225577e-11
39 2.269783e-11
40 1.594939e-11
41 1.106777e-11
42 7.513938e-12
43 4.961771e-12
44 3.180373e-12
45 1.981763e-12
46 1.204307e-12
47 0.000000e+00
48 0.000000e+00
49 0.000000e+00
50 4.813600e-09
51 3.665986e-09
52 2.714536e-09
53 1.937724e-09
54 1.329084e-09
55 8.883740e-10
56 5.882618e-10
57 3.838617e-10
58 2.486125e-10
59 1.621056e-10
60 1.070527e-10
61 7.188515e-11
62 4.932858e-11
63 3.448852e-11
64 2.436436e-11
65 1.719463e-11
66 1.197546e-11
67 8.146300e-12
68 5.376360e-12
69 3.434842e-12
70 2.127702e-12
71 1.283291e-12
72 0.000000e+00
73 0.000000e+00
74 0.000000e+00
75 5.029804e-09
76 3.831557e-09
77 2.839357e-09
78 2.028136e-09
79 1.389452e-09
80 9.259341e-10
81 6.119616e-10
82 3.988011e-10
83 2.576650e-10
84 1.677057e-10
85 1.106511e-10
86 7.428550e-11
87 5.099934e-11
88 3.570911e-11
89 2.528193e-11
90 1.788057e-11
91 1.247636e-11
92 8.496299e-12
93 5.606263e-12
94 3.575508e-12
95 2.207982e-12
96 1.326306e-12
97 0.000000e+00
98 0.000000e+00
99 0.000000e+00
100 5.177184e-09
101 3.944932e-09
102 2.925079e-09
103 2.090221e-09
104 1.430993e-09
105 9.518388e-10
106 6.283753e-10
107 4.091916e-10
108 2.639339e-10
109 1.716147e-10
110 1.131710e-10
111 7.595625e-11
112 5.216461e-11
113 3.656055e-11
114 2.591595e-11
115 1.835481e-11
116 1.282322e-11
117 8.737925e-12
118 5.764664e-12
119 3.672800e-12
120 2.263861e-12
121 1.356630e-12
122 0.000000e+00
123 0.000000e+00
124 0.000000e+00
125 5.290069e-09
126 4.031253e-09
127 2.990228e-09
128 2.137426e-09
129 1.462576e-09
130 9.716189e-10
131 6.408019e-10
132 4.170535e-10
133 2.687112e-10
134 1.745761e-10
135 1.150819e-10
136 7.722604e-11
137 5.304743e-11
138 3.720438e-11
139 2.639843e-11
140 1.871576e-11
141 1.308612e-11
142 8.921908e-12
143 5.885798e-12
144 3.747098e-12
145 2.306368e-12
146 1.379592e-12
147 0.000000e+00
148 0.000000e+00
149 0.000000e+00
150 5.381516e-09
151 4.101569e-09
152 3.043220e-09
153 2.175949e-09
154 1.488395e-09
155 9.876939e-10
156 6.510345e-10
157 4.235131e-10
158 2.726297e-10
159 1.770098e-10
160 1.166431e-10
161 7.826236e-11
162 5.377255e-11
163 3.773187e-11
164 2.679365e-11
165 1.901083e-11
166 1.330126e-11
167 9.071744e-12
168 5.984362e-12
169 3.807555e-12
170 2.341203e-12
171 1.398388e-12
172 0.000000e+00
173 0.000000e+00
174 0.000000e+00
175 5.456293e-09
176 4.159000e-09
177 3.086734e-09
178 2.207349e-09
179 1.509426e-09
180 1.000895e-09
181 6.593476e-10
182 4.287861e-10
183 2.758290e-10
184 1.789960e-10
185 1.179196e-10
186 7.911631e-11
187 5.436355e-11
188 3.816341e-11
189 2.711496e-11
190 1.925208e-11
191 1.347676e-11
192 9.194248e-12
193 6.064755e-12
194 3.857077e-12
195 2.369525e-12
196 1.413702e-12
197 0.000000e+00
198 0.000000e+00
199 0.000000e+00
200 5.521057e-09
201 4.208520e-09
202 3.124028e-09
203 2.234406e-09
204 1.527577e-09
205 1.012150e-09
206 6.664881e-10
207 4.333240e-10
208 2.785606e-10
209 1.806966e-10
210 1.190165e-10
211 7.983865e-11
212 5.486887e-11
213 3.853316e-11
214 2.739090e-11
215 1.945914e-11
216 1.362820e-11
217 9.299423e-12
218 6.134084e-12
219 3.899489e-12
220 2.393837e-12
221 1.426823e-12
222 0.000000e+00
223 0.000000e+00
224 0.000000e+00
225 5.604714e-09
226 4.272642e-09
227 3.172369e-09
228 2.269426e-09
229 1.550956e-09
230 1.026800e-09
231 6.757722e-10
232 4.391626e-10
233 2.821063e-10
234 1.829167e-10
235 1.204362e-10
236 8.079232e-11
237 5.552799e-11
238 3.901360e-11
239 2.774842e-11
240 1.972626e-11
241 1.382389e-11
242 9.435993e-12
243 6.223631e-12
244 3.954652e-12
245 2.425554e-12
246 1.443928e-12
247 0.000000e+00
248 0.000000e+00
249 0.000000e+00
250 1.069384e-08
251 8.486999e-09
252 6.570864e-09
253 4.953295e-09
254 3.606477e-09
255 2.524817e-09
256 1.720888e-09
257 1.155151e-09
258 7.607337e-10
259 4.963824e-10
260 3.237631e-10
261 2.125846e-10
262 1.414110e-10
263 9.589203e-11
264 6.633733e-11
265 4.660001e-11
266 3.293642e-11
267 2.315548e-11
268 1.601611e-11
269 1.080896e-11
270 7.085028e-12
271 4.507227e-12
272 0.000000e+00
273 0.000000e+00
274 0.000000e+00
275 1.315798e-08
276 1.054391e-08
277 8.234491e-09
278 6.274351e-09
279 4.634257e-09
280 3.287760e-09
281 2.254083e-09
282 1.520693e-09
283 1.007733e-09
284 6.581887e-10
285 4.286493e-10
286 2.804579e-10
287 1.854644e-10
288 1.248837e-10
289 8.588230e-11
290 6.012519e-11
291 4.253331e-11
292 3.006917e-11
293 2.098920e-11
294 1.432466e-11
295 9.499070e-12
296 6.109159e-12
297 0.000000e+00
298 0.000000e+00
299 0.000000e+00
300 1.444199e-08
301 1.160594e-08
302 9.088682e-09
303 6.949238e-09
304 5.156397e-09
305 3.671958e-09
306 2.518852e-09
307 1.699389e-09
308 1.128200e-09
309 7.361480e-10
310 4.788281e-10
311 3.129121e-10
312 2.065595e-10
313 1.388101e-10
314 9.531391e-11
315 6.673141e-11
316 4.726788e-11
317 3.349445e-11
318 2.345330e-11
319 1.606187e-11
320 1.068128e-11
321 6.881347e-12
322 0.000000e+00
323 0.000000e+00
324 0.000000e+00
325 1.531218e-08
326 1.232755e-08
327 9.664658e-09
328 7.403934e-09
329 5.507411e-09
330 3.931107e-09
331 2.696575e-09
332 1.819665e-09
333 1.209097e-09
334 7.885663e-10
335 5.124927e-10
336 3.346042e-10
337 2.206281e-10
338 1.480833e-10
339 1.016221e-10
340 7.113653e-11
341 5.042428e-11
342 3.578466e-11
343 2.510326e-11
344 1.722412e-11
345 1.147192e-11
346 7.398713e-12
347 0.000000e+00
348 0.000000e+00
349 0.000000e+00
350 1.597921e-08
351 1.287841e-08
352 1.010666e-08
353 7.752256e-09
354 5.777251e-09
355 4.128740e-09
356 2.833416e-09
357 1.911633e-09
358 1.270999e-09
359 8.286288e-10
360 5.383648e-10
361 3.513182e-10
362 2.314900e-10
363 1.552561e-10
364 1.064878e-10
365 7.454083e-11
366 5.286632e-11
367 3.754684e-11
368 2.637585e-11
369 1.811979e-11
370 1.208348e-11
371 7.798032e-12
372 0.000000e+00
373 0.000000e+00
374 0.000000e+00
375 1.652344e-08
376 1.332683e-08
377 1.046538e-08
378 8.036943e-09
379 5.996703e-09
380 4.289925e-09
381 2.944569e-09
382 1.986728e-09
383 1.321531e-09
384 8.614143e-10
385 5.594222e-10
386 3.649535e-10
387 2.403416e-10
388 1.611026e-10
389 1.104334e-10
390 7.731025e-11
391 5.484442e-11
392 3.898466e-11
393 2.741334e-11
394 1.884771e-11
395 1.257969e-11
396 8.121585e-12
397 0.000000e+00
398 0.000000e+00
399 0.000000e+00
400 1.696508e-08
401 1.369303e-08
402 1.076040e-08
403 8.268822e-09
404 6.175691e-09
405 4.421775e-09
406 3.035486e-09
407 2.048030e-09
408 1.362713e-09
409 8.880646e-10
410 5.765788e-10
411 3.760034e-10
412 2.475306e-10
413 1.658482e-10
414 1.136786e-10
415 7.957185e-11
416 5.646744e-11
417 4.016019e-11
418 2.825815e-11
419 1.944552e-11
420 1.298475e-11
421 8.387535e-12
422 0.000000e+00
423 0.000000e+00
424 0.000000e+00
425 1.734776e-08
426 1.400965e-08
427 1.101407e-08
428 8.469045e-09
429 6.330702e-09
430 4.535632e-09
431 3.114024e-09
432 2.101032e-09
433 1.398455e-09
434 9.112421e-10
435 5.915139e-10
436 3.856276e-10
437 2.537837e-10
438 1.699697e-10
439 1.164717e-10
440 8.152440e-11
441 5.786801e-11
442 4.117630e-11
443 2.898834e-11
444 1.996021e-11
445 1.333460e-11
446 8.616738e-12
447 0.000000e+00
448 0.000000e+00
449 0.000000e+00
450 1.784051e-08
451 1.441653e-08
452 1.134026e-08
453 8.726471e-09
454 6.530051e-09
455 4.682407e-09
456 3.215203e-09
457 2.169215e-09
458 1.444303e-09
459 9.409522e-10
460 6.106343e-10
461 3.979834e-10
462 2.618108e-10
463 1.752615e-10
464 1.200694e-10
465 8.403735e-11
466 5.966742e-11
467 4.248004e-11
468 2.992779e-11
469 2.062271e-11
470 1.378560e-11
471 8.911696e-12
472 0.000000e+00
473 0.000000e+00
474 0.000000e+00
475 1.792277e-08
476 1.468206e-08
477 1.167505e-08
478 9.054130e-09
479 6.843701e-09
480 5.003810e-09
481 3.516738e-09
482 2.399818e-09
483 1.613776e-09
484 1.064317e-09
485 6.948502e-10
486 4.529451e-10
487 2.971675e-10
488 1.973888e-10
489 1.336649e-10
490 9.238632e-11
491 6.493610e-11
492 4.602931e-11
493 3.252241e-11
494 2.264607e-11
495 1.540313e-11
496 1.017413e-11
497 0.000000e+00
498 0.000000e+00
499 0.000000e+00
500 2.070791e-08
501 1.711928e-08
502 1.371565e-08
503 1.070765e-08
504 8.159390e-09
505 6.029034e-09
506 4.281819e-09
507 2.936900e-09
508 1.982425e-09
509 1.314249e-09
510 8.589332e-10
511 5.592661e-10
512 3.661222e-10
513 2.420658e-10
514 1.629980e-10
515 1.121214e-10
516 7.857499e-11
517 5.568966e-11
518 3.948897e-11
519 2.767900e-11
520 1.899423e-11
521 1.266754e-11
522 0.000000e+00
523 0.000000e+00
524 0.000000e+00
525 2.253509e-08
526 1.871154e-08
527 1.504172e-08
528 1.177841e-08
529 9.007432e-09
530 6.688530e-09
531 4.771171e-09
532 3.277822e-09
533 2.214900e-09
534 1.471574e-09
535 9.616198e-10
536 6.256783e-10
537 4.091123e-10
538 2.699693e-10
539 1.813600e-10
540 1.244932e-10
541 8.717163e-11
542 6.182860e-11
543 4.392803e-11
544 3.089287e-11
545 2.127727e-11
546 1.424390e-11
547 0.000000e+00
548 0.000000e+00
549 0.000000e+00
550 2.392151e-08
551 1.992044e-08
552 1.604652e-08
553 1.258921e-08
554 9.650597e-09
555 7.188147e-09
556 5.141448e-09
557 3.535303e-09
558 2.390403e-09
559 1.590411e-09
560 1.038910e-09
561 6.757679e-10
562 4.414928e-10
563 2.909810e-10
564 1.952060e-10
565 1.338320e-10
566 9.365853e-11
567 6.644048e-11
568 4.728587e-11
569 3.331844e-11
570 2.300173e-11
571 1.543508e-11
572 0.000000e+00
573 0.000000e+00
574 0.000000e+00
575 2.505281e-08
576 2.090435e-08
577 1.686769e-08
578 1.325038e-08
579 1.017409e-08
580 7.594921e-09
581 5.444247e-09
582 3.745950e-09
583 2.534104e-09
584 1.687333e-09
585 1.102322e-09
586 7.166344e-10
587 4.679476e-10
588 3.081552e-10
589 2.064541e-10
590 1.414657e-10
591 9.896174e-11
592 7.022002e-11
593 5.001315e-11
594 3.529854e-11
595 2.440635e-11
596 1.640207e-11
597 0.000000e+00
598 0.000000e+00
599 0.000000e+00
600 2.597853e-08
601 2.170918e-08
602 1.753840e-08
603 1.379115e-08
604 1.060372e-08
605 7.929410e-09
606 5.691240e-09
607 3.917397e-09
608 2.650825e-09
609 1.766653e-09
610 1.154109e-09
611 7.502263e-10
612 4.896603e-10
613 3.222336e-10
614 2.157619e-10
615 1.476870e-10
616 1.033174e-10
617 7.332503e-11
618 5.224933e-11
619 3.691917e-11
620 2.556383e-11
621 1.719950e-11
622 0.000000e+00
623 0.000000e+00
624 0.000000e+00
625 2.677408e-08
626 2.240284e-08
627 1.811525e-08
628 1.425608e-08
629 1.097300e-08
630 8.215404e-09
631 5.903377e-09
632 4.066018e-09
633 2.751915e-09
634 1.835119e-09
635 1.198534e-09
636 7.789092e-10
637 5.082244e-10
638 3.342756e-10
639 2.236926e-10
640 1.530565e-10
641 1.070231e-10
642 7.597491e-11
643 5.417851e-11
644 3.830738e-11
645 2.655243e-11
646 1.788591e-11
647 0.000000e+00
648 0.000000e+00
649 0.000000e+00
650 2.780350e-08
651 2.329975e-08
652 1.886334e-08
653 1.485951e-08
654 1.145019e-08
655 8.587354e-09
656 6.179907e-09
657 4.258320e-09
658 2.883373e-09
659 1.923572e-09
660 1.256242e-09
661 8.163939e-10
662 5.325088e-10
663 3.500263e-10
664 2.340468e-10
665 1.600407e-10
666 1.118577e-10
667 7.943244e-11
668 5.666378e-11
669 4.011334e-11
670 2.784094e-11
671 1.877187e-11
672 0.000000e+00
673 0.000000e+00
674 0.000000e+00
675 2.506004e-08
676 2.106081e-08
677 1.711556e-08
678 1.352029e-08
679 1.042135e-08
680 7.821520e-09
681 5.665723e-09
682 3.947377e-09
683 2.681685e-09
684 1.796302e-09
685 1.180297e-09
686 7.695590e-10
687 5.021685e-10
688 3.301318e-10
689 2.202311e-10
690 1.499127e-10
691 1.041860e-10
692 7.353857e-11
693 5.225049e-11
694 3.692822e-11
695 2.568883e-11
696 1.742877e-11
697 0.000000e+00
698 0.000000e+00
699 0.000000e+00
700 2.805771e-08
701 2.378247e-08
702 1.947098e-08
703 1.547434e-08
704 1.199701e-08
705 9.068947e-09
706 6.630178e-09
707 4.656662e-09
708 3.174495e-09
709 2.134558e-09
710 1.407156e-09
711 9.182246e-10
712 5.982833e-10
713 3.924758e-10
714 2.606716e-10
715 1.765745e-10
716 1.221926e-10
717 8.608021e-11
718 6.119581e-11
719 4.340889e-11
720 3.037814e-11
721 2.077331e-11
722 0.000000e+00
723 0.000000e+00
724 0.000000e+00
725 3.028817e-08
726 2.580230e-08
727 2.121142e-08
728 1.691403e-08
729 1.315430e-08
730 9.983397e-09
731 7.336273e-09
732 5.173250e-09
733 3.531551e-09
734 2.379025e-09
735 1.570742e-09
736 1.025157e-09
737 6.673379e-10
738 4.372243e-10
739 2.897478e-10
740 1.957870e-10
741 1.352117e-10
742 9.514824e-11
743 6.770145e-11
744 4.812563e-11
745 3.379185e-11
746 2.320145e-11
747 0.000000e+00
748 0.000000e+00
749 0.000000e+00
750 3.210272e-08
751 2.744381e-08
752 2.262799e-08
753 1.808261e-08
754 1.409315e-08
755 1.072638e-08
756 7.908940e-09
757 5.592269e-09
758 3.820827e-09
759 2.577158e-09
760 1.703405e-09
761 1.111667e-09
762 7.231920e-10
763 4.734346e-10
764 3.131971e-10
765 2.113075e-10
766 1.457523e-10
767 1.025042e-10
768 7.295374e-11
769 5.195247e-11
770 3.656388e-11
771 2.516611e-11
772 0.000000e+00
773 0.000000e+00
774 0.000000e+00
775 3.358693e-08
776 2.878526e-08
777 2.378538e-08
778 1.903962e-08
779 1.486205e-08
780 1.133429e-08
781 8.378509e-09
782 5.934865e-09
783 4.057403e-09
784 2.739138e-09
785 1.812330e-09
786 1.182708e-09
787 7.690090e-10
788 5.031976e-10
789 3.325196e-10
790 2.240998e-10
791 1.543976e-10
792 1.085588e-10
793 7.727112e-11
794 5.507908e-11
795 3.883215e-11
796 2.678629e-11
797 0.000000e+00
798 0.000000e+00
799 0.000000e+00
800 3.486611e-08
801 2.994499e-08
802 2.478180e-08
803 1.986567e-08
804 1.552680e-08
805 1.185884e-08
806 8.783285e-09
807 6.231507e-09
808 4.262130e-09
809 2.879216e-09
810 1.905749e-09
811 1.243950e-09
812 8.085593e-10
813 5.287227e-10
814 3.492212e-10
815 2.350902e-10
816 1.618413e-10
817 1.137488e-10
818 8.100727e-11
819 5.777637e-11
820 4.078681e-11
821 2.817750e-11
822 0.000000e+00
823 0.000000e+00
824 0.000000e+00
825 3.651814e-08
826 3.143751e-08
827 2.607072e-08
828 2.092785e-08
829 1.637989e-08
830 1.253402e-08
831 9.303655e-09
832 6.613348e-09
833 4.526049e-09
834 3.060001e-09
835 2.026479e-09
836 1.322543e-09
837 8.593328e-10
838 5.616739e-10
839 3.705380e-10
840 2.491665e-10
841 1.714173e-10
842 1.204294e-10
843 8.577879e-11
844 6.125608e-11
845 4.330536e-11
846 2.996806e-11
847 0.000000e+00
848 0.000000e+00
849 0.000000e+00
850 3.228535e-08
851 2.772642e-08
852 2.297885e-08
853 1.845080e-08
854 1.442986e-08
855 1.101330e-08
856 8.158725e-09
857 5.817635e-09
858 4.003111e-09
859 2.704348e-09
860 1.797113e-09
861 1.175667e-09
862 7.656922e-10
863 5.009057e-10
864 3.307483e-10
865 2.222716e-10
866 1.525859e-10
867 1.068601e-10
868 7.580863e-11
869 5.392830e-11
870 3.802923e-11
871 2.630755e-11
872 0.000000e+00
873 0.000000e+00
874 0.000000e+00
875 3.551377e-08
876 3.074334e-08
877 2.566588e-08
878 2.073335e-08
879 1.629987e-08
880 1.250812e-08
881 9.334309e-09
882 6.710717e-09
883 4.643765e-09
884 3.145171e-09
885 2.098776e-09
886 1.374934e-09
887 8.955518e-10
888 5.848292e-10
889 3.851107e-10
890 2.577209e-10
891 1.761105e-10
892 1.228929e-10
893 8.708864e-11
894 6.203913e-11
895 4.392167e-11
896 3.057101e-11
897 0.000000e+00
898 0.000000e+00
899 0.000000e+00
900 3.810782e-08
901 3.316058e-08
902 2.781334e-08
903 2.255498e-08
904 1.778500e-08
905 1.369540e-08
906 1.026614e-08
907 7.418570e-09
908 5.148707e-09
909 3.491320e-09
910 2.335671e-09
911 1.531033e-09
912 9.971836e-10
913 6.504913e-10
914 4.275443e-10
915 2.853824e-10
916 1.945729e-10
917 1.355164e-10
918 9.596515e-11
919 6.844529e-11
920 4.858436e-11
921 3.393580e-11
922 0.000000e+00
923 0.000000e+00
924 0.000000e+00
925 4.022233e-08
926 3.513116e-08
927 2.956382e-08
928 2.403877e-08
929 1.899747e-08
930 1.466247e-08
931 1.102606e-08
932 7.994502e-09
933 5.559890e-09
934 3.773041e-09
935 2.528640e-09
936 1.658037e-09
937 1.079883e-09
938 7.040364e-10
939 4.621646e-10
940 3.080016e-10
941 2.095900e-10
942 1.457993e-10
943 1.032083e-10
944 7.365950e-11
945 5.238150e-11
946 3.668972e-11
947 0.000000e+00
948 0.000000e+00
949 0.000000e+00
950 4.204717e-08
951 3.683341e-08
952 3.107410e-08
953 2.531949e-08
954 2.004392e-08
955 1.549703e-08
956 1.168124e-08
957 8.491975e-09
958 5.914684e-09
959 4.016273e-09
960 2.694549e-09
961 1.767702e-09
962 1.151198e-09
963 7.500842e-10
964 4.920559e-10
965 3.274557e-10
966 2.225245e-10
967 1.546599e-10
968 1.094457e-10
969 7.815835e-11
970 5.565603e-11
971 3.905877e-11
972 0.000000e+00
973 0.000000e+00
974 0.000000e+00
975 4.440571e-08
976 3.902904e-08
977 3.302206e-08
978 2.697450e-08
979 2.139284e-08
980 1.657545e-08
981 1.252857e-08
982 9.133804e-09
983 6.373120e-09
984 4.330259e-09
985 2.909616e-09
986 1.909192e-09
987 1.243463e-09
988 8.095971e-10
989 5.305787e-10
990 3.525878e-10
991 2.392868e-10
992 1.661192e-10
993 1.175004e-10
994 8.396995e-11
995 5.990761e-11
996 4.212072e-11
997 0.000000e+00
998 0.000000e+00
999 0.000000e+00
1000 3.981799e-08
1001 3.485599e-08
1002 2.941980e-08
1003 2.399941e-08
1004 1.901936e-08
1005 1.470355e-08
1006 1.107574e-08
1007 8.062148e-09
1008 5.643597e-09
1009 3.841132e-09
1010 2.577555e-09
1011 1.696505e-09
1012 1.106569e-09
1013 7.211144e-10
1014 4.733055e-10
1015 3.147978e-10
1016 2.135667e-10
1017 1.480612e-10
1018 1.044848e-10
1019 7.440794e-11
1020 5.287592e-11
1021 3.709915e-11
1022 0.000000e+00
1023 0.000000e+00
1024 0.000000e+00
1025 4.333458e-08
1026 3.821922e-08
1027 3.249283e-08
1028 2.667255e-08
1029 2.124616e-08
1030 1.650482e-08
1031 1.250523e-08
1032 9.171918e-09
1033 6.465115e-09
1034 4.415246e-09
1035 2.971351e-09
1036 1.961819e-09
1037 1.280604e-09
1038 8.336917e-10
1039 5.460785e-10
1040 3.618653e-10
1041 2.444796e-10
1042 1.687877e-10
1043 1.187969e-10
1044 8.457393e-11
1045 6.024352e-11
1046 4.245170e-11
1047 0.000000e+00
1048 0.000000e+00
1049 0.000000e+00
1050 4.617491e-08
1051 4.093049e-08
1052 3.496520e-08
1053 2.882373e-08
1054 2.303541e-08
1055 1.794711e-08
1056 1.364865e-08
1057 1.005938e-08
1058 7.120612e-09
1059 4.871277e-09
1060 3.284193e-09
1061 2.172326e-09
1062 1.418404e-09
1063 9.227789e-10
1064 6.038731e-10
1065 3.992048e-10
1066 2.689612e-10
1067 1.852756e-10
1068 1.301801e-10
1069 9.267031e-11
1070 6.612261e-11
1071 4.674427e-11
1072 0.000000e+00
1073 0.000000e+00
1074 0.000000e+00
1075 4.862491e-08
1076 4.327363e-08
1077 3.709869e-08
1078 3.067716e-08
1079 2.457726e-08
1080 1.919047e-08
1081 1.463404e-08
1082 1.082344e-08
1083 7.684978e-09
1084 5.264203e-09
1085 3.553064e-09
1086 2.353701e-09
1087 1.537087e-09
1088 9.993565e-10
1089 6.534076e-10
1090 4.312914e-10
1091 2.900222e-10
1092 1.994199e-10
1093 1.399895e-10
1094 9.964982e-11
1095 7.118278e-11
1096 5.042983e-11
1097 0.000000e+00
1098 0.000000e+00
1099 0.000000e+00
1100 5.178953e-08
1101 4.629238e-08
1102 3.984786e-08
1103 3.307107e-08
1104 2.656614e-08
1105 2.079653e-08
1106 1.590751e-08
1107 1.181141e-08
1108 8.414414e-09
1109 5.771607e-09
1110 3.901045e-09
1111 2.587773e-09
1112 1.690304e-09
1113 1.098459e-09
1114 7.176468e-10
1115 4.728046e-10
1116 3.172836e-10
1117 2.177341e-10
1118 1.526432e-10
1119 1.086749e-10
1120 7.775133e-11
1121 5.520553e-11
1122 0.000000e+00
1123 0.000000e+00
1124 0.000000e+00
1125 4.786628e-08
1126 4.264080e-08
1127 3.662176e-08
1128 3.034784e-08
1129 2.436907e-08
1130 1.905793e-08
1131 1.454521e-08
1132 1.077551e-08
1133 7.683674e-09
1134 5.287160e-09
1135 3.570141e-09
1136 2.371792e-09
1137 1.550953e-09
1138 1.009535e-09
1139 6.597634e-10
1140 4.351065e-10
1141 2.920800e-10
1142 2.002839e-10
1143 1.401996e-10
1144 9.955793e-11
1145 7.099524e-11
1146 5.028046e-11
1147 0.000000e+00
1148 0.000000e+00
1149 0.000000e+00
1150 5.157473e-08
1151 4.625156e-08
1152 4.000317e-08
1153 3.336188e-08
1154 2.693078e-08
1155 2.115494e-08
1156 1.622180e-08
1157 1.209379e-08
1158 8.685307e-09
1159 6.004817e-09
1160 4.064281e-09
1161 2.709525e-09
1162 1.773997e-09
1163 1.154535e-09
1164 7.535857e-10
1165 4.957019e-10
1166 3.313409e-10
1167 2.263071e-10
1168 1.578273e-10
1169 1.118853e-10
1170 7.983334e-11
1171 5.672350e-11
1172 0.000000e+00
1173 0.000000e+00
1174 0.000000e+00
1175 5.474950e-08
1176 4.935708e-08
1177 4.288935e-08
1178 3.593182e-08
1179 2.911001e-08
1180 2.293765e-08
1181 1.764554e-08
1182 1.321148e-08
1183 9.534461e-09
1184 6.611770e-09
1185 4.480470e-09
1186 2.994585e-09
1187 1.961832e-09
1188 1.276731e-09
1189 8.324262e-10
1190 5.465821e-10
1191 3.643646e-10
1192 2.481322e-10
1193 1.727318e-10
1194 1.222996e-10
1195 8.733727e-11
1196 6.217666e-11
1197 0.000000e+00
1198 0.000000e+00
1199 0.000000e+00
1200 5.884694e-08
1201 5.335017e-08
1202 4.661707e-08
1203 3.924743e-08
1204 3.192535e-08
1205 2.523667e-08
1206 1.948329e-08
1207 1.465531e-08
1208 1.062976e-08
1209 7.394745e-09
1210 5.018402e-09
1211 3.362115e-09
1212 2.204135e-09
1213 1.434542e-09
1214 9.340301e-10
1215 6.122663e-10
1216 4.070823e-10
1217 2.764153e-10
1218 1.918989e-10
1219 1.357599e-10
1220 9.701878e-11
1221 6.922829e-11
1222 0.000000e+00
1223 0.000000e+00
1224 0.000000e+00
1225 5.621030e-08
1226 5.085379e-08
1227 4.438647e-08
1228 3.734759e-08
1229 3.038512e-08
1230 2.402206e-08
1231 1.853311e-08
1232 1.392462e-08
1233 1.010144e-08
1234 7.046983e-09
1235 4.787569e-09
1236 3.206395e-09
1237 2.106438e-09
1238 1.372284e-09
1239 8.939875e-10
1240 5.863749e-10
1241 3.897719e-10
1242 2.645029e-10
1243 1.833660e-10
1244 1.294601e-10
1245 9.227859e-11
1246 6.572506e-11
1247 0.000000e+00
1248 0.000000e+00
1249 0.000000e+00
1250 6.022726e-08
1251 5.484154e-08
1252 4.817433e-08
1253 4.079759e-08
1254 3.337282e-08
1255 2.650526e-08
1256 2.053526e-08
1257 1.550920e-08
1258 1.132875e-08
1259 7.950565e-09
1260 5.416358e-09
1261 3.637473e-09
1262 2.395577e-09
1263 1.561536e-09
1264 1.015864e-09
1265 6.649968e-10
1266 4.405370e-10
1267 2.976304e-10
1268 2.055536e-10
1269 1.446770e-10
1270 1.030827e-10
1271 7.352515e-11
1272 0.000000e+00
1273 0.000000e+00
1274 0.000000e+00
1275 6.535177e-08
1276 5.993623e-08
1277 5.302932e-08
1278 4.520324e-08
1279 3.718938e-08
1280 2.966968e-08
1281 2.308630e-08
1282 1.752893e-08
1283 1.288908e-08
1284 9.098214e-09
1285 6.212974e-09
1286 4.183393e-09
1287 2.761208e-09
1288 1.800869e-09
1289 1.170172e-09
1290 7.645063e-10
1291 5.047345e-10
1292 3.396061e-10
1293 2.335937e-10
1294 1.640613e-10
1295 1.168098e-10
1296 8.346083e-11
1297 0.000000e+00
1298 0.000000e+00
1299 0.000000e+00
1300 6.515702e-08
1301 5.981298e-08
1302 5.299497e-08
1303 4.526936e-08
1304 3.732539e-08
1305 2.984177e-08
1306 2.325240e-08
1307 1.767502e-08
1308 1.302430e-08
1309 9.228897e-09
1310 6.322585e-09
1311 4.259191e-09
1312 2.818944e-09
1313 1.839691e-09
1314 1.195940e-09
1315 7.810765e-10
1316 5.151290e-10
1317 3.459034e-10
1318 2.373602e-10
1319 1.661873e-10
1320 1.180684e-10
1321 8.424246e-11
1322 0.000000e+00
1323 0.000000e+00
1324 0.000000e+00
1325 7.150027e-08
1326 6.622461e-08
1327 5.920696e-08
1328 5.103262e-08
1329 4.242305e-08
1330 3.414638e-08
1331 2.675915e-08
1332 2.047088e-08
1333 1.521174e-08
1334 1.087784e-08
1335 7.493388e-09
1336 5.062022e-09
1337 3.365202e-09
1338 2.199014e-09
1339 1.428555e-09
1340 9.309677e-10
1341 6.115115e-10
1342 4.082597e-10
1343 2.783862e-10
1344 1.939908e-10
1345 1.374251e-10
1346 9.807802e-11
1347 0.000000e+00
1348 0.000000e+00
1349 0.000000e+00
1350 7.992907e-08
1351 7.490084e-08
1352 6.781759e-08
1353 5.922989e-08
1354 4.986965e-08
1355 4.059088e-08
1356 3.210632e-08
1357 2.477793e-08
1358 1.862136e-08
1359 1.351303e-08
1360 9.428915e-09
1361 6.404332e-09
1362 4.285513e-09
1363 2.813243e-09
1364 1.829649e-09
1365 1.188714e-09
1366 7.770082e-10
1367 5.142630e-10
1368 3.470167e-10
1369 2.393333e-10
1370 1.682055e-10
1371 1.195921e-10
1372 0.000000e+00
1373 0.000000e+00
1374 0.000000e+00
1375 5.238473e-07
1376 4.580987e-07
1377 3.806452e-07
1378 3.114357e-07
1379 2.559252e-07
1380 2.010840e-07
1381 1.460867e-07
1382 1.020937e-07
1383 7.096263e-08
1384 4.715286e-08
1385 3.081463e-08
1386 0.000000e+00
1387 0.000000e+00
1388 0.000000e+00
1389 0.000000e+00
1390 0.000000e+00
1391 0.000000e+00
1392 0.000000e+00
1393 0.000000e+00
1394 0.000000e+00
1395 0.000000e+00
1396 0.000000e+00
1397 0.000000e+00
1398 0.000000e+00
1399 0.000000e+00
1400 6.716202e-07
1401 5.900719e-07
1402 4.918086e-07
1403 4.023034e-07
1404 3.303321e-07
1405 2.609775e-07
1406 1.909243e-07
1407 1.333640e-07
1408 9.294125e-08
1409 6.189866e-08
1410 4.052274e-08
1411 0.000000e+00
1412 0.000000e+00
1413 0.000000e+00
1414 0.000000e+00
1415 0.000000e+00
1416 0.000000e+00
1417 0.000000e+00
1418 0.000000e+00
1419 0.000000e+00
1420 0.000000e+00
1421 0.000000e+00
1422 0.000000e+00
1423 0.000000e+00
1424 0.000000e+00
1425 7.706507e-07
1426 6.784352e-07
1427 5.661905e-07
1428 4.630977e-07
1429 3.801306e-07
1430 3.010404e-07
1431 2.208683e-07
1432 1.542431e-07
1433 1.076157e-07
1434 7.173858e-08
1435 4.699799e-08
1436 0.000000e+00
1437 0.000000e+00
1438 0.000000e+00
1439 0.000000e+00
1440 0.000000e+00
1441 0.000000e+00
1442 0.000000e+00
1443 0.000000e+00
1444 0.000000e+00
1445 0.000000e+00
1446 0.000000e+00
1447 0.000000e+00
1448 0.000000e+00
1449 0.000000e+00
1450 8.459754e-07
1451 7.456548e-07
1452 6.227647e-07
1453 5.093381e-07
1454 4.180050e-07
1455 3.315107e-07
1456 2.436433e-07
1457 1.701235e-07
1458 1.187769e-07
1459 7.922267e-08
1460 5.192298e-08
1461 0.000000e+00
1462 0.000000e+00
1463 0.000000e+00
1464 0.000000e+00
1465 0.000000e+00
1466 0.000000e+00
1467 0.000000e+00
1468 0.000000e+00
1469 0.000000e+00
1470 0.000000e+00
1471 0.000000e+00
1472 0.000000e+00
1473 0.000000e+00
1474 0.000000e+00
1475 9.074019e-07
1476 8.004667e-07
1477 6.689012e-07
1478 5.470467e-07
1479 4.488911e-07
1480 3.563588e-07
1481 2.622160e-07
1482 1.830736e-07
1483 1.278786e-07
1484 8.532573e-08
1485 5.593924e-08
1486 0.000000e+00
1487 0.000000e+00
1488 0.000000e+00
1489 0.000000e+00
1490 0.000000e+00
1491 0.000000e+00
1492 0.000000e+00
1493 0.000000e+00
1494 0.000000e+00
1495 0.000000e+00
1496 0.000000e+00
1497 0.000000e+00
1498 0.000000e+00
1499 0.000000e+00
1500 9.575497e-07
1501 8.452148e-07
1502 7.065669e-07
1503 5.778320e-07
1504 4.741065e-07
1505 3.766448e-07
1506 2.773790e-07
1507 1.936460e-07
1508 1.353094e-07
1509 9.030834e-08
1510 5.921809e-08
1511 0.000000e+00
1512 0.000000e+00
1513 0.000000e+00
1514 0.000000e+00
1515 0.000000e+00
1516 0.000000e+00
1517 0.000000e+00
1518 0.000000e+00
1519 0.000000e+00
1520 0.000000e+00
1521 0.000000e+00
1522 0.000000e+00
1523 0.000000e+00
1524 0.000000e+00
1525 1.000879e-06
1526 8.838696e-07
1527 7.391031e-07
1528 6.044248e-07
1529 4.958881e-07
1530 3.941680e-07
1531 2.904761e-07
1532 2.027783e-07
1533 1.417278e-07
1534 9.461208e-08
1535 6.205020e-08
1536 0.000000e+00
1537 0.000000e+00
1538 0.000000e+00
1539 0.000000e+00
1540 0.000000e+00
1541 0.000000e+00
1542 0.000000e+00
1543 0.000000e+00
1544 0.000000e+00
1545 0.000000e+00
1546 0.000000e+00
1547 0.000000e+00
1548 0.000000e+00
1549 0.000000e+00
1550 1.056690e-06
1551 9.336708e-07
1552 7.810220e-07
1553 6.386861e-07
1554 5.239507e-07
1555 4.167449e-07
1556 3.073510e-07
1557 2.145444e-07
1558 1.499974e-07
1559 1.001573e-07
1560 6.569921e-08
1561 0.000000e+00
1562 0.000000e+00
1563 0.000000e+00
1564 0.000000e+00
1565 0.000000e+00
1566 0.000000e+00
1567 0.000000e+00
1568 0.000000e+00
1569 0.000000e+00
1570 0.000000e+00
1571 0.000000e+00
1572 0.000000e+00
1573 0.000000e+00
1574 0.000000e+00
1575 2.311348e-07
1576 2.273554e-07
1577 2.091122e-07
1578 1.791308e-07
1579 1.461823e-07
1580 1.191923e-07
1581 9.902353e-08
1582 7.640328e-08
1583 5.251392e-08
1584 3.769388e-08
1585 2.543209e-08
1586 1.679218e-08
1587 1.086916e-08
1588 0.000000e+00
1589 0.000000e+00
1590 0.000000e+00
1591 0.000000e+00
1592 0.000000e+00
1593 0.000000e+00
1594 0.000000e+00
1595 0.000000e+00
1596 0.000000e+00
1597 0.000000e+00
1598 0.000000e+00
1599 0.000000e+00
1600 3.403623e-07
1601 3.355693e-07
1602 3.097129e-07
1603 2.662518e-07
1604 2.176338e-07
1605 1.772191e-07
1606 1.471550e-07
1607 1.144138e-07
1608 7.894813e-08
1609 5.649719e-08
1610 3.825019e-08
1611 2.533026e-08
1612 1.637619e-08
1613 0.000000e+00
1614 0.000000e+00
1615 0.000000e+00
1616 0.000000e+00
1617 0.000000e+00
1618 0.000000e+00
1619 0.000000e+00
1620 0.000000e+00
1621 0.000000e+00
1622 0.000000e+00
1623 0.000000e+00
1624 0.000000e+00
1625 4.205963e-07
1626 4.150205e-07
1627 3.835154e-07
1628 3.301339e-07
1629 2.700046e-07
1630 2.197605e-07
1631 1.824440e-07
1632 1.422412e-07
1633 9.827317e-08
1634 7.026198e-08
1635 4.762457e-08
1636 3.157092e-08
1637 2.040232e-08
1638 0.000000e+00
1639 0.000000e+00
1640 0.000000e+00
1641 0.000000e+00
1642 0.000000e+00
1643 0.000000e+00
1644 0.000000e+00
1645 0.000000e+00
1646 0.000000e+00
1647 0.000000e+00
1648 0.000000e+00
1649 0.000000e+00
1650 4.859534e-07
1651 4.797207e-07
1652 4.436455e-07
1653 3.821314e-07
1654 3.126414e-07
1655 2.543952e-07
1656 2.111708e-07
1657 1.648991e-07
1658 1.140094e-07
1659 8.146932e-08
1660 5.525737e-08
1661 3.665279e-08
1662 2.368098e-08
1663 0.000000e+00
1664 0.000000e+00
1665 0.000000e+00
1666 0.000000e+00
1667 0.000000e+00
1668 0.000000e+00
1669 0.000000e+00
1670 0.000000e+00
1671 0.000000e+00
1672 0.000000e+00
1673 0.000000e+00
1674 0.000000e+00
1675 5.393254e-07
1676 5.325672e-07
1677 4.927063e-07
1678 4.245919e-07
1679 3.474512e-07
1680 2.826590e-07
1681 2.346286e-07
1682 1.834004e-07
1683 1.268571e-07
1684 9.061932e-08
1685 6.148771e-08
1686 4.080163e-08
1687 2.635730e-08
1688 0.000000e+00
1689 0.000000e+00
1690 0.000000e+00
1691 0.000000e+00
1692 0.000000e+00
1693 0.000000e+00
1694 0.000000e+00
1695 0.000000e+00
1696 0.000000e+00
1697 0.000000e+00
1698 0.000000e+00
1699 0.000000e+00
1700 5.853944e-07
1701 5.781762e-07
1702 5.350785e-07
1703 4.612532e-07
1704 3.774892e-07
1705 3.070855e-07
1706 2.548790e-07
1707 1.993744e-07
1708 1.379511e-07
1709 9.852045e-08
1710 6.686829e-08
1711 4.438461e-08
1712 2.866874e-08
1713 0.000000e+00
1714 0.000000e+00
1715 0.000000e+00
1716 0.000000e+00
1717 0.000000e+00
1718 0.000000e+00
1719 0.000000e+00
1720 0.000000e+00
1721 0.000000e+00
1722 0.000000e+00
1723 0.000000e+00
1724 0.000000e+00
1725 6.447216e-07
1726 6.369512e-07
1727 5.896449e-07
1728 5.084849e-07
1729 4.162142e-07
1730 3.385341e-07
1731 2.809762e-07
1732 2.199585e-07
1733 1.522470e-07
1734 1.087019e-07
1735 7.380029e-08
1736 4.899936e-08
1737 3.164635e-08
1738 0.000000e+00
1739 0.000000e+00
1740 0.000000e+00
1741 0.000000e+00
1742 0.000000e+00
1743 0.000000e+00
1744 0.000000e+00
1745 0.000000e+00
1746 0.000000e+00
1747 0.000000e+00
1748 0.000000e+00
1749 0.000000e+00
1750 1.189099e-07
1751 1.236634e-07
1752 1.217969e-07
1753 1.120277e-07
1754 9.582723e-08
1755 7.800645e-08
1756 6.352036e-08
1757 5.292532e-08
1758 4.081797e-08
1759 2.767036e-08
1760 2.015410e-08
1761 1.346095e-08
1762 8.870692e-09
1763 5.747088e-09
1764 0.000000e+00
1765 0.000000e+00
1766 0.000000e+00
1767 0.000000e+00
1768 0.000000e+00
1769 0.000000e+00
1770 0.000000e+00
1771 0.000000e+00
1772 0.000000e+00
1773 0.000000e+00
1774 0.000000e+00
1775 2.000416e-07
1776 2.081362e-07
1777 2.053955e-07
1778 1.895681e-07
1779 1.626817e-07
1780 1.326083e-07
1781 1.078246e-07
1782 8.978676e-08
1783 6.981537e-08
1784 4.749916e-08
1785 3.449027e-08
1786 2.308448e-08
1787 1.527783e-08
1788 9.877759e-09
1789 0.000000e+00
1790 0.000000e+00
1791 0.000000e+00
1792 0.000000e+00
1793 0.000000e+00
1794 0.000000e+00
1795 0.000000e+00
1796 0.000000e+00
1797 0.000000e+00
1798 0.000000e+00
1799 0.000000e+00
1800 2.629689e-07
1801 2.736253e-07
1802 2.702162e-07
1803 2.496396e-07
1804 2.144477e-07
1805 1.748925e-07
1806 1.421430e-07
1807 1.183409e-07
1808 9.224205e-08
1809 6.283090e-08
1810 4.558090e-08
1811 3.053016e-08
1812 2.023000e-08
1813 1.307173e-08
1814 0.000000e+00
1815 0.000000e+00
1816 0.000000e+00
1817 0.000000e+00
1818 0.000000e+00
1819 0.000000e+00
1820 0.000000e+00
1821 0.000000e+00
1822 0.000000e+00
1823 0.000000e+00
1824 0.000000e+00
1825 3.142140e-07
1826 3.269851e-07
1827 3.229690e-07
1828 2.985321e-07
1829 2.565887e-07
1830 2.092986e-07
1831 1.700680e-07
1832 1.415761e-07
1833 1.104932e-07
1834 7.530433e-08
1835 5.460515e-08
1836 3.658679e-08
1837 2.425860e-08
1838 1.567004e-08
1839 0.000000e+00
1840 0.000000e+00
1841 0.000000e+00
1842 0.000000e+00
1843 0.000000e+00
1844 0.000000e+00
1845 0.000000e+00
1846 0.000000e+00
1847 0.000000e+00
1848 0.000000e+00
1849 0.000000e+00
1850 3.584591e-07
1851 3.730404e-07
1852 3.685455e-07
1853 3.407626e-07
1854 2.929818e-07
1855 2.390165e-07
1856 1.941879e-07
1857 1.616453e-07
1858 1.262575e-07
1859 8.607818e-08
1860 6.240640e-08
1861 4.181818e-08
1862 2.774011e-08
1863 1.791432e-08
1864 0.000000e+00
1865 0.000000e+00
1866 0.000000e+00
1867 0.000000e+00
1868 0.000000e+00
1869 0.000000e+00
1870 0.000000e+00
1871 0.000000e+00
1872 0.000000e+00
1873 0.000000e+00
1874 0.000000e+00
1875 4.155088e-07
1876 4.324253e-07
1877 4.273161e-07
1878 3.952308e-07
1879 3.399210e-07
1880 2.773462e-07
1881 2.252973e-07
1882 1.875302e-07
1883 1.465980e-07
1884 9.998341e-08
1885 7.245182e-08
1886 4.856552e-08
1887 3.222841e-08
1888 2.080790e-08
1889 0.000000e+00
1890 0.000000e+00
1891 0.000000e+00
1892 0.000000e+00
1893 0.000000e+00
1894 0.000000e+00
1895 0.000000e+00
1896 0.000000e+00
1897 0.000000e+00
1898 0.000000e+00
1899 0.000000e+00
1900 1.317167e-07
1901 1.413766e-07
1902 1.452190e-07
1903 1.408843e-07
1904 1.274162e-07
1905 1.073939e-07
1906 8.693204e-08
1907 7.118701e-08
1908 5.921725e-08
1909 4.404853e-08
1910 2.979311e-08
1911 2.151045e-08
1912 1.438771e-08
1913 9.305818e-09
1914 6.050622e-09
1915 0.000000e+00
1916 0.000000e+00
1917 0.000000e+00
1918 0.000000e+00
1919 0.000000e+00
1920 0.000000e+00
1921 0.000000e+00
1922 0.000000e+00
1923 0.000000e+00
1924 0.000000e+00
1925 1.800378e-07
1926 1.931782e-07
1927 1.984794e-07
1928 1.926768e-07
1929 1.744009e-07
1930 1.471076e-07
1931 1.191023e-07
1932 9.747653e-08
1933 8.110140e-08
1934 6.047835e-08
1935 4.088099e-08
1936 2.956038e-08
1937 1.975764e-08
1938 1.279304e-08
1939 8.315970e-09
1940 0.000000e+00
1941 0.000000e+00
1942 0.000000e+00
1943 0.000000e+00
1944 0.000000e+00
1945 0.000000e+00
1946 0.000000e+00
1947 0.000000e+00
1948 0.000000e+00
1949 0.000000e+00
1950 2.215925e-07
1951 2.377263e-07
1952 2.442772e-07
1953 2.372103e-07
1954 2.147990e-07
1955 1.812541e-07
1956 1.467613e-07
1957 1.200800e-07
1958 9.991808e-08
1959 7.460237e-08
1960 5.041177e-08
1961 3.648002e-08
1962 2.437337e-08
1963 1.579044e-08
1964 1.026319e-08
1965 0.000000e+00
1966 0.000000e+00
1967 0.000000e+00
1968 0.000000e+00
1969 0.000000e+00
1970 0.000000e+00
1971 0.000000e+00
1972 0.000000e+00
1973 0.000000e+00
1974 0.000000e+00
1975 2.751544e-07
1976 2.951458e-07
1977 3.033109e-07
1978 2.946144e-07
1979 2.668678e-07
1980 2.252653e-07
1981 1.824110e-07
1982 1.492137e-07
1983 1.241706e-07
1984 9.280654e-08
1985 6.269617e-08
1986 4.539670e-08
1987 3.032269e-08
1988 1.965288e-08
1989 1.277291e-08
1990 0.000000e+00
1991 0.000000e+00
1992 0.000000e+00
1993 0.000000e+00
1994 0.000000e+00
1995 0.000000e+00
1996 0.000000e+00
1997 0.000000e+00
1998 0.000000e+00
1999 0.000000e+00
2000 9.284825e-08
2001 1.017543e-07
2002 1.073462e-07
2003 1.079647e-07
2004 1.020234e-07
2005 8.944783e-08
2006 7.361873e-08
2007 5.949118e-08
2008 4.935045e-08
2009 4.001110e-08
2010 2.782405e-08
2011 1.976399e-08
2012 1.340589e-08
2013 9.031429e-09
2014 5.767140e-09
2015 0.000000e+00
2016 0.000000e+00
2017 0.000000e+00
2018 0.000000e+00
2019 0.000000e+00
2020 0.000000e+00
2021 0.000000e+00
2022 0.000000e+00
2023 0.000000e+00
2024 0.000000e+00
2025 1.316402e-07
2026 1.441766e-07
2027 1.520786e-07
2028 1.529976e-07
2029 1.446543e-07
2030 1.269492e-07
2031 1.045367e-07
2032 8.446296e-08
2033 7.003521e-08
2034 5.685792e-08
2035 3.961803e-08
2036 2.807903e-08
2037 1.908378e-08
2038 1.286060e-08
2039 8.209634e-09
2040 0.000000e+00
2041 0.000000e+00
2042 0.000000e+00
2043 0.000000e+00
2044 0.000000e+00
2045 0.000000e+00
2046 0.000000e+00
2047 0.000000e+00
2048 0.000000e+00
2049 0.000000e+00
2050 1.814319e-07
2051 1.986325e-07
2052 2.094971e-07
2053 2.107882e-07
2054 1.993766e-07
2055 1.750767e-07
2056 1.442315e-07
2057 1.165092e-07
2058 9.658093e-08
2059 7.848199e-08
2060 5.474786e-08
2061 3.874891e-08
2062 2.636762e-08
2063 1.777279e-08
2064 1.134185e-08
2065 0.000000e+00
2066 0.000000e+00
2067 0.000000e+00
2068 0.000000e+00
2069 0.000000e+00
2070 0.000000e+00
2071 0.000000e+00
2072 0.000000e+00
2073 0.000000e+00
2074 0.000000e+00
2075 7.048632e-08
2076 7.846866e-08
2077 8.453961e-08
2078 8.726822e-08
2079 8.508487e-08
2080 7.735081e-08
2081 6.552001e-08
2082 5.305666e-08
2083 4.331908e-08
2084 3.610151e-08
2085 2.720854e-08
2086 1.821827e-08
2087 1.329613e-08
2088 8.834163e-09
2089 5.718305e-09
2090 3.706565e-09
2091 0.000000e+00
2092 0.000000e+00
2093 0.000000e+00
2094 0.000000e+00
2095 0.000000e+00
2096 0.000000e+00
2097 0.000000e+00
2098 0.000000e+00
2099 0.000000e+00
2100 1.165516e-07
2101 1.295924e-07
2102 1.395410e-07
2103 1.440610e-07
2104 1.405450e-07
2105 1.278574e-07
2106 1.083734e-07
2107 8.777977e-08
2108 7.163041e-08
2109 5.970115e-08
2110 4.509318e-08
2111 3.019017e-08
2112 2.206076e-08
2113 1.464518e-08
2114 9.491177e-09
2115 6.149835e-09
2116 0.000000e+00
2117 0.000000e+00
2118 0.000000e+00
2119 0.000000e+00
2120 0.000000e+00
2121 0.000000e+00
2122 0.000000e+00
2123 0.000000e+00
2124 0.000000e+00
2125 7.098709e-08
2126 7.999684e-08
2127 8.736079e-08
2128 9.183490e-08
2129 9.204563e-08
2130 8.655632e-08
2131 7.538182e-08
2132 6.180445e-08
2133 4.994794e-08
2134 4.151999e-08
2135 3.337090e-08
2136 2.293771e-08
2137 1.648908e-08
2138 1.101846e-08
2139 7.389803e-09
2140 4.708525e-09
2141 0.000000e+00
2142 0.000000e+00
2143 0.000000e+00
2144 0.000000e+00
2145 0.000000e+00
2146 0.000000e+00
2147 0.000000e+00
2148 0.000000e+00
2149 0.000000e+00
2150 3.674615e-08
2151 4.187412e-08
2152 4.639833e-08
2153 4.963301e-08
2154 5.067912e-08
2155 4.880132e-08
2156 4.382011e-08
2157 3.665909e-08
2158 2.958407e-08
2159 2.431183e-08
2160 2.020441e-08
2161 1.471052e-08
2162 9.970418e-09
2163 7.070841e-09
2164 4.743198e-09
2165 3.013691e-09
2166 1.946606e-09
2167 0.000000e+00
2168 0.000000e+00
2169 0.000000e+00
2170 0.000000e+00
2171 0.000000e+00
2172 0.000000e+00
2173 0.000000e+00
2174 0.000000e+00
2175 4.055021e-05
2176 3.569631e-05
2177 2.974620e-05
2178 2.428314e-05
2179 1.996332e-05
2180 1.588959e-05
2181 1.160594e-05
2182 8.093830e-06
2183 5.666228e-06
2184 3.770373e-06
2185 2.466069e-06
2186 0.000000e+00
2187 0.000000e+00
2188 0.000000e+00
2189 0.000000e+00
2190 0.000000e+00
2191 0.000000e+00
2192 0.000000e+00
2193 0.000000e+00
2194 0.000000e+00
2195 0.000000e+00
2196 0.000000e+00
2197 0.000000e+00
2198 0.000000e+00
2199 0.000000e+00
2200 2.255902e-05
2201 2.229091e-05
2202 2.064579e-05
2203 1.779945e-05
2204 1.455060e-05
2205 1.182257e-05
2206 9.832954e-06
2207 7.720192e-06
2208 5.303712e-06
2209 3.819449e-06
2210 2.577239e-06
2211 1.714023e-06
2212 1.106692e-06
2213 0.000000e+00
2214 0.000000e+00
2215 0.000000e+00
2216 0.000000e+00
2217 0.000000e+00
2218 0.000000e+00
2219 0.000000e+00
2220 0.000000e+00
2221 0.000000e+00
2222 0.000000e+00
2223 0.000000e+00
2224 0.000000e+00
2225 1.455618e-05
2226 1.514264e-05
2227 1.497010e-05
2228 1.384771e-05
2229 1.190743e-05
2230 9.711150e-06
2231 7.882170e-06
2232 6.566752e-06
2233 5.142759e-06
2234 3.493425e-06
2235 2.548795e-06
2236 1.700256e-06
2237 1.129570e-06
2238 7.295741e-07
2239 0.000000e+00
2240 0.000000e+00
2241 0.000000e+00
2242 0.000000e+00
2243 0.000000e+00
2244 0.000000e+00
2245 0.000000e+00
2246 0.000000e+00
2247 0.000000e+00
2248 0.000000e+00
2249 0.000000e+00
2250 9.855986e-06
2251 1.056284e-05
2252 1.085255e-05
2253 1.053869e-05
2254 9.548853e-06
2255 8.065317e-06
2256 6.527493e-06
2257 5.337240e-06
2258 4.446227e-06
2259 3.330060e-06
2260 2.238774e-06
2261 1.628449e-06
2262 1.086970e-06
2263 7.038658e-07
2264 4.579527e-07
2265 0.000000e+00
2266 0.000000e+00
2267 0.000000e+00
2268 0.000000e+00
2269 0.000000e+00
2270 0.000000e+00
2271 0.000000e+00
2272 0.000000e+00
2273 0.000000e+00
2274 0.000000e+00
2275 6.957570e-06
2276 7.604014e-06
2277 8.011333e-06
2278 8.058841e-06
2279 7.631335e-06
2280 6.705010e-06
2281 5.521889e-06
2282 4.459195e-06
2283 3.695980e-06
2284 3.012649e-06
2285 2.100314e-06
2286 1.484972e-06
2287 1.010143e-06
2288 6.825211e-07
2289 4.349473e-07
2290 0.000000e+00
2291 0.000000e+00
2292 0.000000e+00
2293 0.000000e+00
2294 0.000000e+00
2295 0.000000e+00
2296 0.000000e+00
2297 0.000000e+00
2298 0.000000e+00
2299 0.000000e+00
2300 5.070117e-06
2301 5.622943e-06
2302 6.047986e-06
2303 6.244764e-06
2304 6.092449e-06
2305 5.544256e-06
2306 4.702828e-06
2307 3.808949e-06
2308 3.106460e-06
2309 2.589691e-06
2310 1.961037e-06
2311 1.308921e-06
2312 9.601933e-07
2313 6.366688e-07
2314 4.128560e-07
2315 2.676245e-07
2316 0.000000e+00
2317 0.000000e+00
2318 0.000000e+00
2319 0.000000e+00
2320 0.000000e+00
2321 0.000000e+00
2322 0.000000e+00
2323 0.000000e+00
2324 0.000000e+00
2325 3.788005e-06
2326 4.255402e-06
2327 4.638215e-06
2328 4.871311e-06
2329 4.882578e-06
2330 4.597939e-06
2331 4.006728e-06
2332 3.285611e-06
2333 2.654451e-06
2334 2.205924e-06
2335 1.777451e-06
2336 1.223157e-06
2337 8.776749e-07
2338 5.867932e-07
2339 3.942548e-07
2340 2.509952e-07
2341 0.000000e+00
2342 0.000000e+00
2343 0.000000e+00
2344 0.000000e+00
2345 0.000000e+00
2346 0.000000e+00
2347 0.000000e+00
2348 0.000000e+00
2349 0.000000e+00
2350 2.626086e-06
2351 2.975934e-06
2352 3.287410e-06
2353 3.513411e-06
2354 3.586992e-06
2355 3.455814e-06
2356 3.106828e-06
2357 2.603329e-06
2358 2.100274e-06
2359 1.724352e-06
2360 1.434161e-06
2361 1.049774e-06
2362 7.085184e-07
2363 5.046766e-07
2364 3.381602e-07
2365 2.149752e-07
2366 1.389387e-07
2367 0.000000e+00
2368 0.000000e+00
2369 0.000000e+00
2370 0.000000e+00
2371 0.000000e+00
2372 0.000000e+00
2373 0.000000e+00
2374 0.000000e+00
2375 1.505055e-06
2376 1.723826e-06
2377 1.924855e-06
2378 2.084478e-06
2379 2.174017e-06
2380 2.155266e-06
2381 1.993243e-06
2382 1.711038e-06
2383 1.393942e-06
2384 1.129353e-06
2385 9.418431e-07
2386 7.356971e-07
2387 4.957854e-07
2388 3.646738e-07
2389 2.394993e-07
2390 1.576463e-07
2391 1.008468e-07
2392 0.000000e+00
2393 0.000000e+00
2394 0.000000e+00
2395 0.000000e+00
2396 0.000000e+00
2397 0.000000e+00
2398 0.000000e+00
2399 0.000000e+00
2400 6.649308e-07
2401 7.678215e-07
2402 8.679616e-07
2403 9.545494e-07
2404 1.011966e-06
2405 1.024614e-06
2406 9.781615e-07
2407 8.687134e-07
2408 7.196831e-07
2409 5.806215e-07
2410 4.791063e-07
2411 3.954342e-07
2412 2.800650e-07
2413 1.939587e-07
2414 1.339314e-07
2415 9.007160e-08
2416 5.678448e-08
2417 3.634788e-08
2418 0.000000e+00
2419 0.000000e+00
2420 0.000000e+00
2421 0.000000e+00
2422 0.000000e+00
2423 0.000000e+00
2424 0.000000e+00
2425 0.000000e+00
2426 0.000000e+00
2427 0.000000e+00
2428 0.000000e+00
2429 0.000000e+00
2430 0.000000e+00
2431 0.000000e+00
2432 2.577297e-07
2433 1.803554e-07
2434 1.205157e-07
2435 7.909774e-08
2436 0.000000e+00
2437 0.000000e+00
2438 0.000000e+00
2439 0.000000e+00
2440 0.000000e+00
2441 0.000000e+00
2442 0.000000e+00
2443 0.000000e+00
2444 0.000000e+00
2445 0.000000e+00
2446 0.000000e+00
2447 0.000000e+00
2448 0.000000e+00
2449 0.000000e+00
2450 0.000000e+00
2451 0.000000e+00
2452 0.000000e+00
2453 0.000000e+00
2454 0.000000e+00
2455 0.000000e+00
2456 0.000000e+00
2457 2.955547e-07
2458 2.047622e-07
2459 1.461022e-07
2460 9.927029e-08
2461 6.595512e-08
2462 4.258540e-08
2463 0.000000e+00
2464 0.000000e+00
2465 0.000000e+00
2466 0.000000e+00
2467 0.000000e+00
2468 0.000000e+00
2469 0.000000e+00
2470 0.000000e+00
2471 0.000000e+00
2472 0.000000e+00
2473 0.000000e+00
2474 0.000000e+00
2475 0.000000e+00
2476 0.000000e+00
2477 0.000000e+00
2478 0.000000e+00
2479 0.000000e+00
2480 0.000000e+00
2481 0.000000e+00
2482 2.824701e-07
2483 2.211640e-07
2484 1.509543e-07
2485 1.093254e-07
2486 7.331790e-08
2487 4.869409e-08
2488 3.142639e-08
2489 0.000000e+00
2490 0.000000e+00
2491 0.000000e+00
2492 0.000000e+00
2493 0.000000e+00
2494 0.000000e+00
2495 0.000000e+00
2496 0.000000e+00
2497 0.000000e+00
2498 0.000000e+00
2499 0.000000e+00
2500 0.000000e+00
2501 0.000000e+00
2502 0.000000e+00
2503 0.000000e+00
2504 0.000000e+00
2505 0.000000e+00
2506 0.000000e+00
2507 2.561540e-07
2508 2.131942e-07
2509 1.596258e-07
2510 1.077876e-07
2511 7.813559e-08
2512 5.216082e-08
2513 3.383424e-08
2514 2.198541e-08
2515 0.000000e+00
2516 0.000000e+00
2517 0.000000e+00
2518 0.000000e+00
2519 0.000000e+00
2520 0.000000e+00
2521 0.000000e+00
2522 0.000000e+00
2523 0.000000e+00
2524 0.000000e+00
2525 0.000000e+00
2526 0.000000e+00
2527 0.000000e+00
2528 0.000000e+00
2529 0.000000e+00
2530 0.000000e+00
2531 0.000000e+00
2532 2.341219e-07
2533 1.940063e-07
2534 1.578626e-07
2535 1.102914e-07
2536 7.791870e-08
2537 5.311184e-08
2538 3.580644e-08
2539 2.284410e-08
2540 0.000000e+00
2541 0.000000e+00
2542 0.000000e+00
2543 0.000000e+00
2544 0.000000e+00
2545 0.000000e+00
2546 0.000000e+00
2547 0.000000e+00
2548 0.000000e+00
2549 0.000000e+00
2550 0.000000e+00
2551 0.000000e+00
2552 0.000000e+00
2553 0.000000e+00
2554 0.000000e+00
2555 0.000000e+00
2556 0.000000e+00
2557 2.150095e-07
2558 1.753671e-07
2559 1.461703e-07
2560 1.106198e-07
2561 7.405313e-08
2562 5.417263e-08
2563 3.593591e-08
2564 2.331381e-08
2565 1.510148e-08
2566 0.000000e+00
2567 0.000000e+00
2568 0.000000e+00
2569 0.000000e+00
2570 0.000000e+00
2571 0.000000e+00
2572 0.000000e+00
2573 0.000000e+00
2574 0.000000e+00
2575 0.000000e+00
2576 0.000000e+00
2577 0.000000e+00
2578 0.000000e+00
2579 0.000000e+00
2580 0.000000e+00
2581 0.000000e+00
2582 1.969700e-07
2583 1.591469e-07
2584 1.322324e-07
2585 1.065065e-07
2586 7.332514e-08
2587 5.258258e-08
2588 3.520505e-08
2589 2.363178e-08
2590 1.504681e-08
2591 0.000000e+00
2592 0.000000e+00
2593 0.000000e+00
2594 0.000000e+00
2595 0.000000e+00
2596 0.000000e+00
2597 0.000000e+00
2598 0.000000e+00
2599 0.000000e+00
2600 0.000000e+00
2601 0.000000e+00
2602 0.000000e+00
2603 0.000000e+00
2604 0.000000e+00
2605 0.000000e+00
2606 0.000000e+00
2607 1.780763e-07
2608 1.437175e-07
2609 1.179867e-07
2610 9.809412e-08
2611 7.178245e-08
2612 4.849601e-08
2613 3.455033e-08
2614 2.313844e-08
2615 1.472390e-08
2616 9.512005e-09
2617 0.000000e+00
2618 0.000000e+00
2619 0.000000e+00
2620 0.000000e+00
2621 0.000000e+00
2622 0.000000e+00
2623 0.000000e+00
2624 0.000000e+00
2625 0.000000e+00
2626 0.000000e+00
2627 0.000000e+00
2628 0.000000e+00
2629 0.000000e+00
2630 0.000000e+00
2631 0.000000e+00
2632 1.531810e-07
2633 1.247978e-07
2634 1.011322e-07
2635 8.431794e-08
2636 6.588177e-08
2637 4.442806e-08
2638 3.260557e-08
2639 2.145126e-08
2640 1.412263e-08
2641 9.031983e-09
2642 0.000000e+00
2643 0.000000e+00
2644 0.000000e+00
2645 0.000000e+00
2646 0.000000e+00
2647 0.000000e+00
2648 0.000000e+00
2649 0.000000e+00
2650 0.000000e+00
2651 0.000000e+00
2652 0.000000e+00
2653 0.000000e+00
2654 0.000000e+00
2655 0.000000e+00
2656 0.000000e+00
2657 1.213357e-07
2658 1.008357e-07
2659 8.138945e-08
2660 6.706647e-08
2661 5.538385e-08
2662 3.963943e-08
2663 2.728613e-08
2664 1.901050e-08
2665 1.274563e-08
2666 8.059760e-09
2667 5.161589e-09
2668 0.000000e+00
2669 0.000000e+00
2670 0.000000e+00
2671 0.000000e+00
2672 0.000000e+00
2673 0.000000e+00
2674 0.000000e+00
2675 0.000000e+00
2676 0.000000e+00
2677 0.000000e+00
2678 0.000000e+00
2679 0.000000e+00
2680 0.000000e+00
2681 0.000000e+00
2682 4.608450e-10
2683 2.952462e-10
2684 1.910660e-10
2685 1.256820e-10
2686 8.428034e-11
2687 5.795313e-11
2688 4.078344e-11
2689 2.907133e-11
2690 2.071406e-11
2691 1.454393e-11
2692 9.938564e-12
2693 6.554183e-12
2694 4.157666e-12
2695 2.542128e-12
2696 0.000000e+00
2697 0.000000e+00
2698 0.000000e+00
2699 0.000000e+00
2700 0.000000e+00
2701 0.000000e+00
2702 0.000000e+00
2703 0.000000e+00
2704 0.000000e+00
2705 0.000000e+00
2706 0.000000e+00
2707 2.420545e-09
2708 1.613354e-09
2709 1.050457e-09
2710 6.811598e-10
2711 4.434542e-10
2712 2.913679e-10
2713 1.947666e-10
2714 1.333085e-10
2715 9.329151e-11
2716 6.629980e-11
2717 4.728429e-11
2718 3.338814e-11
2719 2.305926e-11
2720 1.544430e-11
2721 0.000000e+00
2722 0.000000e+00
2723 0.000000e+00
2724 0.000000e+00
2725 0.000000e+00
2726 0.000000e+00
2727 0.000000e+00
2728 0.000000e+00
2729 0.000000e+00
2730 0.000000e+00
2731 0.000000e+00
2732 4.961984e-09
2733 3.362856e-09
2734 2.248297e-09
2735 1.467987e-09
2736 9.532139e-10
2737 6.210057e-10
2738 4.074462e-10
2739 2.718522e-10
2740 1.855604e-10
2741 1.295792e-10
2742 9.206719e-11
2743 6.582788e-11
2744 4.673521e-11
2745 3.254677e-11
2746 0.000000e+00
2747 0.000000e+00
2748 0.000000e+00
2749 0.000000e+00
2750 0.000000e+00
2751 0.000000e+00
2752 0.000000e+00
2753 0.000000e+00
2754 0.000000e+00
2755 0.000000e+00
2756 0.000000e+00
2757 8.016957e-09
2758 5.494829e-09
2759 3.723539e-09
2760 2.470920e-09
2761 1.612533e-09
2762 1.046667e-09
2763 6.831314e-10
2764 4.493184e-10
2765 3.012576e-10
2766 2.067206e-10
2767 1.450655e-10
2768 1.034157e-10
2769 7.404616e-11
2770 5.257638e-11
2771 0.000000e+00
2772 0.000000e+00
2773 0.000000e+00
2774 0.000000e+00
2775 0.000000e+00
2776 0.000000e+00
2777 0.000000e+00
2778 0.000000e+00
2779 0.000000e+00
2780 0.000000e+00
2781 0.000000e+00
2782 1.149484e-08
2783 8.057675e-09
2784 5.485300e-09
2785 3.699710e-09
2786 2.429502e-09
2787 1.582216e-09
2788 1.028555e-09
2789 6.721972e-10
2790 4.449165e-10
2791 3.007622e-10
2792 2.082084e-10
2793 1.471489e-10
2794 1.053224e-10
2795 7.541943e-11
2796 0.000000e+00
2797 0.000000e+00
2798 0.000000e+00
2799 0.000000e+00
2800 0.000000e+00
2801 0.000000e+00
2802 0.000000e+00
2803 0.000000e+00
2804 0.000000e+00
2805 0.000000e+00
2806 0.000000e+00
2807 1.543561e-08
2808 1.109357e-08
2809 7.636423e-09
2810 5.179380e-09
2811 3.447912e-09
2812 2.253500e-09
2813 1.462070e-09
2814 9.530091e-10
2815 6.250570e-10
2816 4.172483e-10
2817 2.849318e-10
2818 1.991980e-10
2819 1.417743e-10
2820 1.017169e-10
2821 0.000000e+00
2822 0.000000e+00
2823 0.000000e+00
2824 0.000000e+00
2825 0.000000e+00
2826 0.000000e+00
2827 0.000000e+00
2828 0.000000e+00
2829 0.000000e+00
2830 0.000000e+00
2831 0.000000e+00
2832 1.995574e-08
2833 1.465415e-08
2834 1.027277e-08
2835 6.993147e-09
2836 4.712832e-09
2837 3.094233e-09
2838 2.013612e-09
2839 1.307904e-09
2840 8.534054e-10
2841 5.638126e-10
2842 3.801814e-10
2843 2.624691e-10
2844 1.851880e-10
2845 1.324875e-10
2846 0.000000e+00
2847 0.000000e+00
2848 0.000000e+00
2849 0.000000e+00
2850 0.000000e+00
2851 0.000000e+00
2852 0.000000e+00
2853 0.000000e+00
2854 0.000000e+00
2855 0.000000e+00
2856 0.000000e+00
2857 2.495016e-08
2858 1.862528e-08
2859 1.331544e-08
2860 9.140784e-09
2861 6.189992e-09
2862 4.105601e-09
2863 2.679469e-09
2864 1.736537e-09
2865 1.130212e-09
2866 7.405670e-10
2867 4.939008e-10
2868 3.367855e-10
2869 2.350881e-10
2870 1.671470e-10
2871 0.000000e+00
2872 0.000000e+00
2873 0.000000e+00
2874 0.000000e+00
2875 0.000000e+00
2876 0.000000e+00
2877 0.000000e+00
2878 0.000000e+00
2879 0.000000e+00
2880 0.000000e+00
2881 0.000000e+00
2882 3.067289e-08
2883 2.319662e-08
2884 1.689149e-08
2885 1.175571e-08
2886 7.984202e-09
2887 5.354920e-09
2888 3.505479e-09
2889 2.274809e-09
2890 1.476273e-09
2891 9.619710e-10
2892 6.349819e-10
2893 4.279247e-10
2894 2.951337e-10
2895 2.078777e-10
2896 0.000000e+00
2897 0.000000e+00
2898 0.000000e+00
2899 0.000000e+00
2900 0.000000e+00
2901 0.000000e+00
2902 0.000000e+00
2903 0.000000e+00
2904 0.000000e+00
2905 0.000000e+00
2906 0.000000e+00
2907 4.112907e-08
2908 3.157537e-08
2909 2.353930e-08
2910 1.682816e-08
2911 1.156454e-08
2912 7.819028e-09
2913 5.182718e-09
2914 3.377658e-09
2915 2.184742e-09
2916 1.416414e-09
2917 9.235458e-10
2918 6.114499e-10
2919 4.134622e-10
2920 2.858809e-10
2921 0.000000e+00
2922 0.000000e+00
2923 0.000000e+00
2924 0.000000e+00
2925 0.000000e+00
2926 0.000000e+00
2927 0.000000e+00
2928 0.000000e+00
2929 0.000000e+00
2930 0.000000e+00
2931 0.000000e+00
2932 1.342455e-07
2933 1.095327e-07
2934 8.675410e-08
2935 6.713121e-08
2936 5.068349e-08
2937 3.687730e-08
2938 2.558384e-08
2939 1.730238e-08
2940 1.155307e-08
2941 7.499770e-09
2942 4.804614e-09
2943 3.066038e-09
2944 1.948435e-09
2945 1.243115e-09
2946 0.000000e+00
2947 0.000000e+00
2948 0.000000e+00
2949 0.000000e+00
2950 0.000000e+00
2951 0.000000e+00
2952 0.000000e+00
2953 0.000000e+00
2954 0.000000e+00
2955 0.000000e+00
2956 1.442180e-12
2957 1.042037e-12
2958 7.622614e-13
2959 5.443922e-13
2960 3.917139e-13
2961 0.000000e+00
2962 0.000000e+00
2963 0.000000e+00
2964 0.000000e+00
2965 0.000000e+00
2966 0.000000e+00
2967 0.000000e+00
2968 0.000000e+00
2969 0.000000e+00
2970 0.000000e+00
2971 0.000000e+00
2972 0.000000e+00
2973 0.000000e+00
2974 0.000000e+00
2975 0.000000e+00
2976 0.000000e+00
2977 0.000000e+00
2978 0.000000e+00
2979 0.000000e+00
2980 0.000000e+00
2981 1.248147e-12
2982 9.885434e-13
2983 6.991726e-13
2984 5.140286e-13
2985 3.667160e-13
2986 2.604018e-13
2987 1.845265e-13
2988 0.000000e+00
2989 0.000000e+00
2990 0.000000e+00
2991 0.000000e+00
2992 0.000000e+00
2993 0.000000e+00
2994 0.000000e+00
2995 0.000000e+00
2996 0.000000e+00
2997 0.000000e+00
2998 0.000000e+00
2999 0.000000e+00
3000 0.000000e+00
3001 0.000000e+00
3002 0.000000e+00
3003 0.000000e+00
3004 0.000000e+00
3005 0.000000e+00
3006 1.059904e-12
3007 8.833990e-13
3008 6.972818e-13
3009 4.834311e-13
3010 3.576743e-13
3011 2.499857e-13
3012 1.761886e-13
3013 1.231265e-13
3014 0.000000e+00
3015 0.000000e+00
3016 0.000000e+00
3017 0.000000e+00
3018 0.000000e+00
3019 0.000000e+00
3020 0.000000e+00
3021 0.000000e+00
3022 0.000000e+00
3023 0.000000e+00
3024 0.000000e+00
3025 0.000000e+00
3026 0.000000e+00
3027 0.000000e+00
3028 0.000000e+00
3029 0.000000e+00
3030 0.000000e+00
3031 9.501595e-13
3032 7.769407e-13
3033 6.476365e-13
3034 4.886355e-13
3035 3.330170e-13
3036 2.472350e-13
3037 1.706245e-13
3038 1.169039e-13
3039 8.150334e-14
3040 0.000000e+00
3041 0.000000e+00
3042 0.000000e+00
3043 0.000000e+00
3044 0.000000e+00
3045 0.000000e+00
3046 0.000000e+00
3047 0.000000e+00
3048 0.000000e+00
3049 0.000000e+00
3050 0.000000e+00
3051 0.000000e+00
3052 0.000000e+00
3053 0.000000e+00
3054 0.000000e+00
3055 0.000000e+00
3056 8.694303e-13
3057 7.022563e-13
3058 5.814346e-13
3059 4.747503e-13
3060 3.349639e-13
3061 2.370981e-13
3062 1.651877e-13
3063 1.148413e-13
3064 7.693827e-14
3065 0.000000e+00
3066 0.000000e+00
3067 0.000000e+00
3068 0.000000e+00
3069 0.000000e+00
3070 0.000000e+00
3071 0.000000e+00
3072 0.000000e+00
3073 0.000000e+00
3074 0.000000e+00
3075 0.000000e+00
3076 0.000000e+00
3077 0.000000e+00
3078 0.000000e+00
3079 0.000000e+00
3080 0.000000e+00
3081 7.996420e-13
3082 6.477702e-13
3083 5.282857e-13
3084 4.407539e-13
3085 3.351349e-13
3086 2.247586e-13
3087 1.663894e-13
3088 1.120364e-13
3089 7.482163e-14
3090 5.027077e-14
3091 0.000000e+00
3092 0.000000e+00
3093 0.000000e+00
3094 0.000000e+00
3095 0.000000e+00
3096 0.000000e+00
3097 0.000000e+00
3098 0.000000e+00
3099 0.000000e+00
3100 0.000000e+00
3101 0.000000e+00
3102 0.000000e+00
3103 0.000000e+00
3104 0.000000e+00
3105 0.000000e+00
3106 7.414106e-13
3107 6.091043e-13
3108 4.917540e-13
3109 4.080737e-13
3110 3.302231e-13
3111 2.293012e-13
3112 1.633003e-13
3113 1.102970e-13
3114 7.540234e-14
3115 4.915877e-14
3116 0.000000e+00
3117 0.000000e+00
3118 0.000000e+00
3119 0.000000e+00
3120 0.000000e+00
3121 0.000000e+00
3122 0.000000e+00
3123 0.000000e+00
3124 0.000000e+00
3125 0.000000e+00
3126 0.000000e+00
3127 0.000000e+00
3128 0.000000e+00
3129 0.000000e+00
3130 0.000000e+00
3131 6.889009e-13
3132 5.775416e-13
3133 4.665150e-13
3134 3.829480e-13
3135 3.183349e-13
3136 2.338605e-13
3137 1.578456e-13
3138 1.138516e-13
3139 7.613183e-14
3140 4.894789e-14
3141 3.229810e-14
3142 0.000000e+00
3143 0.000000e+00
3144 0.000000e+00
3145 0.000000e+00
3146 0.000000e+00
3147 0.000000e+00
3148 0.000000e+00
3149 0.000000e+00
3150 0.000000e+00
3151 0.000000e+00
3152 0.000000e+00
3153 0.000000e+00
3154 0.000000e+00
3155 0.000000e+00
3156 6.342110e-13
3157 5.456427e-13
3158 4.447287e-13
3159 3.599118e-13
3160 3.001472e-13
3161 2.361298e-13
3162 1.597186e-13
3163 1.165860e-13
3164 7.700585e-14
3165 5.128176e-14
3166 3.277537e-14
3167 0.000000e+00
3168 0.000000e+00
3169 0.000000e+00
3170 0.000000e+00
3171 0.000000e+00
3172 0.000000e+00
3173 0.000000e+00
3174 0.000000e+00
3175 0.000000e+00
3176 0.000000e+00
3177 0.000000e+00
3178 0.000000e+00
3179 0.000000e+00
3180 0.000000e+00
3181 5.764486e-13
3182 5.144677e-13
3183 4.286485e-13
3184 3.462132e-13
3185 2.848660e-13
3186 2.355431e-13
3187 1.701141e-13
3188 1.164475e-13
3189 8.183641e-14
3190 5.465879e-14
3191 3.471503e-14
3192 2.233185e-14
3193 0.000000e+00
3194 0.000000e+00
3195 0.000000e+00
3196 0.000000e+00
3197 0.000000e+00
3198 0.000000e+00
3199 0.000000e+00
3200 0.000000e+00
3201 0.000000e+00
3202 0.000000e+00
3203 0.000000e+00
3204 0.000000e+00
3205 0.000000e+00
3206 1.022406e-14
3207 7.926112e-15
3208 6.212982e-15
3209 4.919110e-15
3210 3.904547e-15
3211 3.079586e-15
3212 2.392540e-15
3213 1.814145e-15
3214 1.329690e-15
3215 9.333096e-16
3216 6.219782e-16
3217 3.910296e-16
3218 2.314301e-16
3219 1.293502e-16
3220 6.871897e-17
3221 3.482113e-17
3222 0.000000e+00
3223 0.000000e+00
3224 0.000000e+00
3225 0.000000e+00
3226 0.000000e+00
3227 0.000000e+00
3228 0.000000e+00
3229 0.000000e+00
3230 0.000000e+00
3231 2.534165e-14
3232 1.895673e-14
3233 1.434903e-14
3234 1.096667e-14
3235 8.520248e-15
3236 6.713533e-15
3237 5.328648e-15
3238 4.225703e-15
3239 3.315037e-15
3240 2.545149e-15
3241 1.890678e-15
3242 1.345162e-15
3243 9.079857e-16
3244 5.778735e-16
3245 3.463703e-16
3246 1.963337e-16
3247 0.000000e+00
3248 0.000000e+00
3249 0.000000e+00
3250 0.000000e+00
3251 0.000000e+00
3252 0.000000e+00
3253 0.000000e+00
3254 0.000000e+00
3255 0.000000e+00
3256 3.965246e-14
3257 2.939280e-14
3258 2.190230e-14
3259 1.649790e-14
3260 1.253164e-14
3261 9.678809e-15
3262 7.589882e-15
3263 6.002200e-15
3264 4.752211e-15
3265 3.729144e-15
3266 2.869439e-15
3267 2.141529e-15
3268 1.533902e-15
3269 1.044633e-15
3270 6.718361e-16
3271 4.066113e-16
3272 0.000000e+00
3273 0.000000e+00
3274 0.000000e+00
3275 0.000000e+00
3276 0.000000e+00
3277 0.000000e+00
3278 0.000000e+00
3279 0.000000e+00
3280 0.000000e+00
3281 5.419121e-14
3282 4.056040e-14
3283 2.995396e-14
3284 2.233014e-14
3285 1.677372e-14
3286 1.274585e-14
3287 9.840249e-15
3288 7.711953e-15
3289 6.086251e-15
3290 4.801566e-15
3291 3.747724e-15
3292 2.863266e-15
3293 2.118436e-15
3294 1.502850e-15
3295 1.013172e-15
3296 6.447968e-16
3297 0.000000e+00
3298 0.000000e+00
3299 0.000000e+00
3300 0.000000e+00
3301 0.000000e+00
3302 0.000000e+00
3303 0.000000e+00
3304 0.000000e+00
3305 0.000000e+00
3306 6.927448e-14
3307 5.250297e-14
3308 3.891168e-14
3309 2.870536e-14
3310 2.142489e-14
3311 1.607251e-14
3312 1.224729e-14
3313 9.479474e-15
3314 7.427880e-15
3315 5.848923e-15
3316 4.587932e-15
3317 3.548620e-15
3318 2.677167e-15
3319 1.950499e-15
3320 1.359213e-15
3321 8.984704e-16
3322 0.000000e+00
3323 0.000000e+00
3324 0.000000e+00
3325 0.000000e+00
3326 0.000000e+00
3327 0.000000e+00
3328 0.000000e+00
3329 0.000000e+00
3330 0.000000e+00
3331 8.554579e-14
3332 6.551120e-14
3333 4.901877e-14
3334 3.603128e-14
3335 2.664244e-14
3336 1.985617e-14
3337 1.493967e-14
3338 1.141521e-14
3339 8.859689e-15
3340 6.935083e-15
3341 5.437953e-15
3342 4.229225e-15
3343 3.228951e-15
3344 2.395089e-15
3345 1.709740e-15
3346 1.164055e-15
3347 0.000000e+00
3348 0.000000e+00
3349 0.000000e+00
3350 0.000000e+00
3351 0.000000e+00
3352 0.000000e+00
3353 0.000000e+00
3354 0.000000e+00
3355 0.000000e+00
3356 1.036578e-13
3357 8.002685e-14
3358 6.050442e-14
3359 4.465185e-14
3360 3.273952e-14
3361 2.425699e-14
3362 1.804546e-14
3363 1.362903e-14
3364 1.045215e-14
3365 8.115964e-15
3366 6.335963e-15
3367 4.932153e-15
3368 3.789824e-15
3369 2.845434e-15
3370 2.066934e-15
3371 1.439766e-15
3372 0.000000e+00
3373 0.000000e+00
3374 0.000000e+00
3375 0.000000e+00
3376 0.000000e+00
3377 0.000000e+00
3378 0.000000e+00
3379 0.000000e+00
3380 0.000000e+00
3381 1.232814e-13
3382 9.578512e-14
3383 7.307841e-14
3384 5.436670e-14
3385 3.972251e-14
3386 2.919484e-14
3387 2.157567e-14
3388 1.610742e-14
3389 1.219816e-14
3390 9.380056e-15
3391 7.272345e-15
3392 5.644983e-15
3393 4.346635e-15
3394 3.286892e-15
3395 2.416078e-15
3396 1.711172e-15
3397 0.000000e+00
3398 0.000000e+00
3399 0.000000e+00
3400 0.000000e+00
3401 0.000000e+00
3402 0.000000e+00
3403 0.000000e+00
3404 0.000000e+00
3405 0.000000e+00
3406 1.455234e-13
3407 1.137331e-13
3408 8.742764e-14
3409 6.566895e-14
3410 4.810179e-14
3411 3.506659e-14
3412 2.578554e-14
3413 1.902412e-14
3414 1.423851e-14
3415 1.081897e-14
3416 8.311576e-15
3417 6.412974e-15
3418 4.929685e-15
3419 3.738286e-15
3420 2.769134e-15
3421 1.985092e-15
3422 0.000000e+00
3423 0.000000e+00
3424 0.000000e+00
3425 0.000000e+00
3426 0.000000e+00
3427 0.000000e+00
3428 0.000000e+00
3429 0.000000e+00
3430 0.000000e+00
3431 1.863005e-13
3432 1.470869e-13
3433 1.142128e-13
3434 8.700018e-14
3435 6.455387e-14
3436 4.687587e-14
3437 3.406488e-14
3438 2.485266e-14
3439 1.824681e-14
3440 1.357016e-14
3441 1.023389e-14
3442 7.778491e-15
3443 5.921638e-15
3444 4.476268e-15
3445 3.327071e-15
3446 2.408645e-15
3447 0.000000e+00
3448 0.000000e+00
3449 0.000000e+00
3450 0.000000e+00
3451 0.000000e+00
3452 0.000000e+00
3453 0.000000e+00
3454 0.000000e+00
3455 0.000000e+00
3456 0.000000e+00
3457 3.988937e-13
3458 3.206897e-13
3459 2.527713e-13
3460 1.967527e-13
3461 1.492985e-13
3462 1.075908e-13
3463 7.583065e-14
3464 5.390576e-14
3465 3.757117e-14
3466 2.620891e-14
3467 1.849088e-14
3468 1.313373e-14
3469 9.390118e-15
3470 6.723401e-15
3471 0.000000e+00
3472 0.000000e+00
3473 0.000000e+00
3474 0.000000e+00
3475 0.000000e+00
3476 0.000000e+00
3477 0.000000e+00
3478 0.000000e+00
3479 0.000000e+00
3480 0.000000e+00
3481 3.704990e-18
3482 3.124212e-18
3483 2.609538e-18
3484 2.173910e-18
3485 1.815376e-18
3486 1.510991e-18
3487 1.237163e-18
3488 1.007931e-18
3489 8.250415e-19
3490 6.686940e-19
3491 5.378615e-19
3492 4.281139e-19
3493 3.348864e-19
3494 2.560886e-19
3495 1.901440e-19
3496 1.359815e-19
3497 9.273748e-20
3498 5.967176e-20
3499 3.585250e-20
