0 2.557515e-09
1 1.940187e-09
2 1.436315e-09
3 1.043161e-09
4 7.533687e-10
5 5.460376e-10
6 3.976956e-10
7 2.943469e-10
8 2.215032e-10
9 1.691118e-10
10 1.300513e-10
11 9.997609e-11
12 7.608580e-11
13 5.684730e-11
14 4.142045e-11
15 2.930224e-11
16 2.008609e-11
17 1.334560e-11
18 8.612050e-12
19 5.411456e-12
20 3.319188e-12
21 1.990751e-12
22 0.000000e+00
23 0.000000e+00
24 0.000000e+00
25 4.119952e-09
26 3.163464e-09
27 2.373314e-09
28 1.729712e-09
29 1.231375e-09
30 8.770404e-10
31 6.333375e-10
32 4.602279e-10
33 3.422037e-10
34 2.598755e-10
35 2.005855e-10
36 1.558391e-10
37 1.207355e-10
38 9.223932e-11
39 6.883365e-11
40 4.979992e-11
41 3.475971e-11
42 2.336177e-11
43 1.513603e-11
44 9.489178e-12
45 5.784065e-12
46 3.443463e-12
47 0.000000e+00
48 0.000000e+00
49 0.000000e+00
50 4.375978e-09
51 3.354042e-09
52 2.515026e-09
53 1.828556e-09
54 1.291560e-09
55 9.116631e-10
56 6.576706e-10
57 4.768957e-10
58 3.544824e-10
59 2.699214e-10
60 2.094282e-10
61 1.635426e-10
62 1.274064e-10
63 9.780894e-11
64 7.324162e-11
65 5.306191e-11
66 3.698371e-11
67 2.473717e-11
68 1.589484e-11
69 9.851513e-12
70 5.924954e-12
71 3.477899e-12
72 0.000000e+00
73 0.000000e+00
74 0.000000e+00
75 4.526308e-09
76 3.466996e-09
77 2.599522e-09
78 1.888348e-09
79 1.328828e-09
80 9.340498e-10
81 6.734990e-10
82 4.877730e-10
83 3.624619e-10
84 2.763107e-10
85 2.148997e-10
86 1.682124e-10
87 1.313905e-10
88 1.011044e-10
89 7.584126e-11
90 5.498909e-11
91 3.831162e-11
92 2.557577e-11
93 1.637351e-11
94 1.009659e-11
95 6.035457e-12
96 3.519435e-12
97 0.000000e+00
98 0.000000e+00
99 0.000000e+00
100 4.626980e-09
101 3.542679e-09
102 2.656343e-09
103 1.928366e-09
104 1.353777e-09
105 9.489819e-10
106 6.840815e-10
107 4.950352e-10
108 3.677993e-10
109 2.805877e-10
110 2.185575e-10
111 1.713382e-10
112 1.340603e-10
113 1.033107e-10
114 7.758369e-11
115 5.628314e-11
116 3.920159e-11
117 2.613674e-11
118 1.669456e-11
119 1.026064e-11
120 6.108492e-12
121 3.546594e-12
122 0.000000e+00
123 0.000000e+00
124 0.000000e+00
125 4.703825e-09
126 3.600402e-09
127 2.699643e-09
128 1.958855e-09
129 1.372815e-09
130 9.603921e-10
131 6.921829e-10
132 5.005886e-10
133 3.718793e-10
134 2.838469e-10
135 2.213574e-10
136 1.737213e-10
137 1.360899e-10
138 1.049942e-10
139 7.891308e-11
140 5.726697e-11
141 3.987921e-11
142 2.656463e-11
143 1.693883e-11
144 1.038539e-11
145 6.164503e-12
146 3.567655e-12
147 0.000000e+00
148 0.000000e+00
149 0.000000e+00
150 4.766198e-09
151 3.647389e-09
152 2.734662e-09
153 1.983556e-09
154 1.388201e-09
155 9.696297e-10
156 6.986975e-10
157 5.050649e-10
158 3.751800e-10
159 2.864898e-10
160 2.236179e-10
161 1.756590e-10
162 1.377455e-10
163 1.063625e-10
164 7.999283e-11
165 5.806890e-11
166 4.043305e-11
167 2.691308e-11
168 1.713747e-11
169 1.048665e-11
170 6.210092e-12
171 3.584575e-12
172 0.000000e+00
173 0.000000e+00
174 0.000000e+00
175 4.817799e-09
176 3.685909e-09
177 2.763619e-09
178 2.003942e-09
179 1.400920e-09
180 9.772657e-10
181 7.041259e-10
182 5.087830e-10
183 3.779024e-10
184 2.886739e-10
185 2.254796e-10
186 1.772565e-10
187 1.391099e-10
188 1.074904e-10
189 8.087857e-11
190 5.872867e-11
191 4.088597e-11
192 2.719826e-11
193 1.730087e-11
194 1.057070e-11
195 6.248007e-12
196 3.598689e-12
197 0.000000e+00
198 0.000000e+00
199 0.000000e+00
200 4.862707e-09
201 3.719794e-09
202 2.789072e-09
203 2.021882e-09
204 1.412113e-09
205 9.839970e-10
206 7.088596e-10
207 5.120423e-10
208 3.802967e-10
209 2.905950e-10
210 2.271223e-10
211 1.786567e-10
212 1.403029e-10
213 1.084786e-10
214 8.166165e-11
215 5.930692e-11
216 4.128392e-11
217 2.745007e-11
218 1.744498e-11
219 1.064423e-11
220 6.280843e-12
221 3.611164e-12
222 0.000000e+00
223 0.000000e+00
224 0.000000e+00
225 4.919993e-09
226 3.762870e-09
227 2.821235e-09
228 2.044584e-09
229 1.426261e-09
230 9.924639e-10
231 7.148818e-10
232 5.161810e-10
233 3.833297e-10
234 2.930194e-10
235 2.292030e-10
236 1.804306e-10
237 1.418214e-10
238 1.097328e-10
239 8.265082e-11
240 6.004184e-11
241 4.178949e-11
242 2.776928e-11
243 1.762715e-11
244 1.073765e-11
245 6.322780e-12
246 3.626819e-12
247 0.000000e+00
248 0.000000e+00
249 0.000000e+00
250 1.089504e-08
251 8.719872e-09
252 6.830609e-09
253 5.236009e-09
254 3.904719e-09
255 2.827736e-09
256 2.020432e-09
257 1.445743e-09
258 1.034085e-09
259 7.501381e-10
260 5.544077e-10
261 4.179018e-10
262 3.198832e-10
263 2.469177e-10
264 1.902164e-10
265 1.447874e-10
266 1.078696e-10
267 7.810048e-11
268 5.472048e-11
269 3.703057e-11
270 2.423033e-11
271 1.536814e-11
272 0.000000e+00
273 0.000000e+00
274 0.000000e+00
275 1.314297e-08
276 1.057475e-08
277 8.321216e-09
278 6.421067e-09
279 4.829811e-09
280 3.514135e-09
281 2.500245e-09
282 1.784855e-09
283 1.273410e-09
284 9.165437e-10
285 6.724024e-10
286 5.043810e-10
287 3.848997e-10
288 2.972268e-10
289 2.299192e-10
290 1.762504e-10
291 1.325623e-10
292 9.700634e-11
293 6.867917e-11
294 4.690979e-11
295 3.091883e-11
296 1.971314e-11
297 0.000000e+00
298 0.000000e+00
299 0.000000e+00
300 1.431160e-08
301 1.152807e-08
302 9.080343e-09
303 7.021084e-09
304 5.296308e-09
305 3.856939e-09
306 2.735979e-09
307 1.949456e-09
308 1.389823e-09
309 9.969878e-10
310 7.297750e-10
311 5.468452e-10
312 4.172247e-10
313 3.225291e-10
314 2.501161e-10
315 1.923828e-10
316 1.452322e-10
317 1.066771e-10
318 7.576720e-11
319 5.186014e-11
320 3.421258e-11
321 2.181515e-11
322 0.000000e+00
323 0.000000e+00
324 0.000000e+00
325 1.511009e-08
326 1.218129e-08
327 9.601620e-09
328 7.433741e-09
329 5.617352e-09
330 4.092884e-09
331 2.898582e-09
332 2.063756e-09
333 1.470626e-09
334 1.052789e-09
335 7.695756e-10
336 5.762033e-10
337 4.394605e-10
338 3.399305e-10
339 2.639836e-10
340 2.034127e-10
341 1.539050e-10
342 1.132968e-10
343 8.062504e-11
344 5.526727e-11
345 3.649079e-11
346 2.327099e-11
347 0.000000e+00
348 0.000000e+00
349 0.000000e+00
350 1.571608e-08
351 1.267813e-08
352 9.997471e-09
353 7.747090e-09
354 5.860865e-09
355 4.271750e-09
356 3.022018e-09
357 2.150359e-09
358 1.531690e-09
359 1.095082e-09
360 7.997503e-10
361 5.985318e-10
362 4.563353e-10
363 3.531059e-10
364 2.744400e-10
365 2.117755e-10
366 1.604649e-10
367 1.183236e-10
368 8.430393e-11
369 5.783944e-11
370 3.821632e-11
371 2.437743e-11
372 0.000000e+00
373 0.000000e+00
374 0.000000e+00
375 1.620749e-08
376 1.307946e-08
377 1.031811e-08
378 8.001160e-09
379 6.058488e-09
380 4.417045e-09
381 3.122140e-09
382 2.220540e-09
383 1.581449e-09
384 1.129446e-09
385 8.242679e-10
386 6.165150e-10
387 4.700547e-10
388 3.638502e-10
389 2.830077e-10
390 2.185865e-10
391 1.658366e-10
392 1.224014e-10
393 8.730554e-11
394 5.994390e-11
395 3.961949e-11
396 2.527263e-11
397 0.000000e+00
398 0.000000e+00
399 0.000000e+00
400 1.661244e-08
401 1.341108e-08
402 1.058278e-08
403 8.210392e-09
404 6.221206e-09
405 4.536869e-09
406 3.204745e-09
407 2.278438e-09
408 1.622326e-09
409 1.157714e-09
410 8.444000e-10
411 6.315418e-10
412 4.813982e-10
413 3.727578e-10
414 2.900843e-10
415 2.242311e-10
416 1.702527e-10
417 1.257722e-10
418 8.977579e-11
419 6.167717e-11
420 4.077630e-11
421 2.601168e-11
422 0.000000e+00
423 0.000000e+00
424 0.000000e+00
425 1.696831e-08
426 1.370268e-08
427 1.081550e-08
428 8.394411e-09
429 6.364110e-09
430 4.641779e-09
431 3.277309e-09
432 2.329337e-09
433 1.658226e-09
434 1.182636e-09
435 8.621390e-10
436 6.446235e-10
437 4.913363e-10
438 3.804984e-10
439 2.962365e-10
440 2.291635e-10
441 1.741221e-10
442 1.287262e-10
443 9.194365e-11
444 6.319752e-11
445 4.178940e-11
446 2.666142e-11
447 0.000000e+00
448 0.000000e+00
449 0.000000e+00
450 1.741763e-08
451 1.407007e-08
452 1.110915e-08
453 8.627225e-09
454 6.544942e-09
455 4.774973e-09
456 3.369159e-09
457 2.393691e-09
458 1.703786e-09
459 1.214109e-09
460 8.845339e-10
461 6.611999e-10
462 5.039127e-10
463 3.903575e-10
464 3.040390e-10
465 2.353692e-10
466 1.790160e-10
467 1.324668e-10
468 9.468156e-11
469 6.511841e-11
470 4.307378e-11
471 2.748205e-11
472 0.000000e+00
473 0.000000e+00
474 0.000000e+00
475 1.821834e-08
476 1.501014e-08
477 1.203068e-08
478 9.430750e-09
479 7.236897e-09
480 5.407188e-09
481 3.920965e-09
482 2.794379e-09
483 1.991216e-09
484 1.418462e-09
485 1.021451e-09
486 7.488307e-10
487 5.600589e-10
488 4.258670e-10
489 3.273164e-10
490 2.517890e-10
491 1.919168e-10
492 1.435862e-10
493 1.046432e-10
494 7.391210e-11
495 5.046469e-11
496 3.330709e-11
497 0.000000e+00
498 0.000000e+00
499 0.000000e+00
500 2.087049e-08
501 1.731533e-08
502 1.394710e-08
503 1.097907e-08
504 8.469496e-09
505 6.372422e-09
506 4.643506e-09
507 3.303566e-09
508 2.349821e-09
509 1.671324e-09
510 1.196467e-09
511 8.714820e-10
512 6.485604e-10
513 4.913270e-10
514 3.771707e-10
515 2.906482e-10
516 2.225367e-10
517 1.676406e-10
518 1.232115e-10
519 8.780098e-11
520 6.046877e-11
521 4.020493e-11
522 0.000000e+00
523 0.000000e+00
524 0.000000e+00
525 2.261965e-08
526 1.882806e-08
527 1.519902e-08
528 1.198540e-08
529 9.270140e-09
530 6.997923e-09
531 5.109228e-09
532 3.629567e-09
533 2.578732e-09
534 1.832439e-09
535 1.307883e-09
536 9.496825e-10
537 7.052708e-10
538 5.333916e-10
539 4.094148e-10
540 3.159397e-10
541 2.425628e-10
542 1.833815e-10
543 1.353373e-10
544 9.685501e-11
545 6.695000e-11
546 4.465333e-11
547 0.000000e+00
548 0.000000e+00
549 0.000000e+00
550 2.395106e-08
551 1.998065e-08
552 1.615304e-08
553 1.275430e-08
554 9.880750e-09
555 7.476156e-09
556 5.466153e-09
557 3.879747e-09
558 2.754524e-09
559 1.956489e-09
560 1.393771e-09
561 1.009702e-09
562 7.488328e-10
563 5.657385e-10
564 4.341386e-10
565 3.352739e-10
566 2.578357e-10
567 1.954008e-10
568 1.445981e-10
569 1.037694e-10
570 7.190881e-11
571 4.806307e-11
572 0.000000e+00
573 0.000000e+00
574 0.000000e+00
575 2.503347e-08
576 2.091837e-08
577 1.693123e-08
578 1.338054e-08
579 1.037885e-08
580 7.864731e-09
581 5.756174e-09
582 4.083032e-09
583 2.897274e-09
584 2.056929e-09
585 1.463241e-09
586 1.058636e-09
587 7.842061e-10
588 5.919341e-10
589 4.541484e-10
590 3.509529e-10
591 2.702226e-10
592 2.051375e-10
593 1.521323e-10
594 1.093915e-10
595 7.593843e-11
596 5.083093e-11
597 0.000000e+00
598 0.000000e+00
599 0.000000e+00
600 2.592306e-08
601 2.168921e-08
602 1.756959e-08
603 1.389371e-08
604 1.078719e-08
605 8.184611e-09
606 5.994379e-09
607 4.250146e-09
608 3.015015e-09
609 2.140130e-09
610 1.520552e-09
611 1.098827e-09
612 8.134146e-10
613 6.136062e-10
614 4.706916e-10
615 3.638825e-10
616 2.804746e-10
617 2.132047e-10
618 1.583187e-10
619 1.140085e-10
620 7.925542e-11
621 5.310348e-11
622 0.000000e+00
623 0.000000e+00
624 0.000000e+00
625 2.670638e-08
626 2.236574e-08
627 1.813088e-08
628 1.434551e-08
629 1.114671e-08
630 8.465818e-09
631 6.204436e-09
632 4.397009e-09
633 3.118084e-09
634 2.212952e-09
635 1.570752e-09
636 1.134147e-09
637 8.389179e-10
638 6.324585e-10
639 4.851600e-10
640 3.752547e-10
641 2.894167e-10
642 2.202442e-10
643 1.637470e-10
644 1.180659e-10
645 8.215968e-11
646 5.510992e-11
647 0.000000e+00
648 0.000000e+00
649 0.000000e+00
650 2.769643e-08
651 2.322403e-08
652 1.884184e-08
653 1.491727e-08
654 1.160125e-08
655 8.821160e-09
656 6.469216e-09
657 4.582783e-09
658 3.248748e-09
659 2.304959e-09
660 1.634669e-09
661 1.178849e-09
662 8.713481e-10
663 6.565121e-10
664 5.035592e-10
665 3.896108e-10
666 3.008071e-10
667 2.291905e-10
668 1.706404e-10
669 1.232117e-10
670 8.585679e-11
671 5.763586e-11
672 0.000000e+00
673 0.000000e+00
674 0.000000e+00
675 2.542784e-08
676 2.146488e-08
677 1.754820e-08
678 1.397430e-08
679 1.089134e-08
680 8.300710e-09
681 6.149100e-09
682 4.424531e-09
683 3.141834e-09
684 2.232387e-09
685 1.586201e-09
686 1.141405e-09
687 8.366072e-10
688 6.254483e-10
689 4.751575e-10
690 3.644328e-10
691 2.794311e-10
692 2.121387e-10
693 1.579826e-10
694 1.145941e-10
695 8.057806e-11
696 5.478776e-11
697 0.000000e+00
698 0.000000e+00
699 0.000000e+00
700 2.833980e-08
701 2.409522e-08
702 1.981499e-08
703 1.584739e-08
704 1.239998e-08
705 9.499011e-09
706 7.080111e-09
707 5.112251e-09
708 3.624653e-09
709 2.572899e-09
710 1.822664e-09
711 1.305546e-09
712 9.513897e-10
713 7.077862e-10
714 5.357802e-10
715 4.104079e-10
716 3.151050e-10
717 2.401254e-10
718 1.798849e-10
719 1.314408e-10
720 9.315826e-11
721 6.384216e-11
722 0.000000e+00
723 0.000000e+00
724 0.000000e+00
725 3.051274e-08
726 2.605772e-08
727 2.149746e-08
728 1.723393e-08
729 1.351402e-08
730 1.038362e-08
731 7.767080e-09
732 5.617488e-09
733 3.977065e-09
734 2.822210e-09
735 1.995989e-09
736 1.425315e-09
737 1.035098e-09
738 7.682968e-10
739 5.803722e-10
740 4.443351e-10
741 3.415193e-10
742 2.608932e-10
743 1.961396e-10
744 1.439359e-10
745 1.024759e-10
746 7.053748e-11
747 0.000000e+00
748 0.000000e+00
749 0.000000e+00
750 3.228365e-08
751 2.765439e-08
752 2.287188e-08
753 1.836775e-08
754 1.442494e-08
755 1.110632e-08
756 8.328119e-09
757 6.031077e-09
758 4.266000e-09
759 3.026221e-09
760 2.137777e-09
761 1.523807e-09
762 1.103854e-09
763 8.177140e-10
764 6.168179e-10
765 4.720118e-10
766 3.630654e-10
767 2.778128e-10
768 2.094135e-10
769 1.541382e-10
770 1.100841e-10
771 7.600055e-11
772 0.000000e+00
773 0.000000e+00
774 0.000000e+00
775 3.374336e-08
776 2.897068e-08
777 2.400300e-08
778 1.929944e-08
779 1.517414e-08
780 1.170084e-08
781 8.789460e-09
782 6.370929e-09
783 4.503878e-09
784 3.194445e-09
785 2.254446e-09
786 1.604612e-09
787 1.160394e-09
788 8.585324e-10
789 6.468937e-10
790 4.949022e-10
791 3.808861e-10
792 2.918046e-10
793 2.203650e-10
794 1.625467e-10
795 1.163628e-10
796 8.050451e-11
797 0.000000e+00
798 0.000000e+00
799 0.000000e+00
800 3.502315e-08
801 3.012566e-08
802 2.499686e-08
803 2.011874e-08
804 1.583296e-08
805 1.222457e-08
806 9.196140e-09
807 6.670100e-09
808 4.713073e-09
809 3.342331e-09
810 2.357075e-09
811 1.675690e-09
812 1.210050e-09
813 8.942051e-10
814 6.732558e-10
815 5.149427e-10
816 3.964475e-10
817 3.040668e-10
818 2.299310e-10
819 1.699140e-10
820 1.218959e-10
821 8.446065e-11
822 0.000000e+00
823 0.000000e+00
824 0.000000e+00
825 3.664524e-08
826 3.158897e-08
827 2.625335e-08
828 2.115636e-08
829 1.666700e-08
830 1.288599e-08
831 9.709531e-09
832 7.048376e-09
833 4.977515e-09
834 3.529111e-09
835 2.486944e-09
836 1.765734e-09
837 1.272948e-09
838 9.395046e-10
839 7.066904e-10
840 5.403134e-10
841 4.161995e-10
842 3.195951e-10
843 2.420616e-10
844 1.792453e-10
845 1.288199e-10
846 8.945886e-11
847 0.000000e+00
848 0.000000e+00
849 0.000000e+00
850 3.270916e-08
851 2.819126e-08
852 2.347593e-08
853 1.897024e-08
854 1.496504e-08
855 1.155836e-08
856 8.709419e-09
857 6.364383e-09
858 4.535129e-09
859 3.211171e-09
860 2.273133e-09
861 1.615483e-09
862 1.165020e-09
863 8.569777e-10
864 6.421719e-10
865 4.883342e-10
866 3.738004e-10
867 2.853712e-10
868 2.151605e-10
869 1.588622e-10
870 1.141466e-10
871 7.946798e-11
872 0.000000e+00
873 0.000000e+00
874 0.000000e+00
875 3.587284e-08
876 3.114124e-08
877 2.609404e-08
878 2.119020e-08
879 1.677915e-08
880 1.301074e-08
881 9.855089e-09
882 7.239464e-09
883 5.166316e-09
884 3.652801e-09
885 2.585120e-09
886 1.828937e-09
887 1.312566e-09
888 9.606342e-10
889 7.164451e-10
890 5.430828e-10
891 4.154174e-10
892 3.176244e-10
893 2.403538e-10
894 1.784561e-10
895 1.290991e-10
896 9.057592e-11
897 0.000000e+00
898 0.000000e+00
899 0.000000e+00
900 3.841941e-08
901 3.350810e-08
902 2.819375e-08
903 2.296699e-08
904 1.822900e-08
905 1.416991e-08
906 1.076972e-08
907 7.937427e-09
908 5.667848e-09
909 4.002321e-09
910 2.831952e-09
911 1.998381e-09
912 1.429664e-09
913 1.042688e-09
914 7.754910e-10
915 5.866786e-10
916 4.485609e-10
917 3.433596e-10
918 2.605478e-10
919 1.941664e-10
920 1.410846e-10
921 9.944796e-11
922 0.000000e+00
923 0.000000e+00
924 0.000000e+00
925 4.052191e-08
926 3.546462e-08
927 2.992786e-08
928 2.443374e-08
929 1.942601e-08
930 1.512891e-08
931 1.152561e-08
932 8.515508e-09
933 6.084392e-09
934 4.292581e-09
935 3.037023e-09
936 2.138659e-09
937 1.526883e-09
938 1.110833e-09
939 8.244031e-10
940 6.228812e-10
941 4.760877e-10
942 3.647012e-10
943 2.772097e-10
944 2.071554e-10
945 1.510082e-10
946 1.067862e-10
947 0.000000e+00
948 0.000000e+00
949 0.000000e+00
950 4.236675e-08
951 3.718120e-08
952 3.145252e-08
953 2.572284e-08
954 2.047796e-08
955 1.596953e-08
956 1.218984e-08
957 9.021715e-09
958 6.448861e-09
959 4.547110e-09
960 3.216690e-09
961 2.261779e-09
962 1.612085e-09
963 1.170569e-09
964 8.673669e-10
965 6.545413e-10
966 5.001718e-10
967 3.834281e-10
968 2.918706e-10
969 2.185365e-10
970 1.597371e-10
971 1.132429e-10
972 0.000000e+00
973 0.000000e+00
974 0.000000e+00
975 4.470474e-08
976 3.935813e-08
977 3.338049e-08
978 2.735641e-08
979 2.181102e-08
980 1.703505e-08
981 1.303039e-08
982 9.664202e-09
983 6.911247e-09
984 4.869872e-09
985 3.444383e-09
986 2.417883e-09
987 1.719987e-09
988 1.246429e-09
989 9.220796e-10
990 6.947151e-10
991 5.307274e-10
992 4.071451e-10
993 3.104483e-10
994 2.329754e-10
995 1.706981e-10
996 1.213948e-10
997 0.000000e+00
998 0.000000e+00
999 0.000000e+00
1000 4.027460e-08
1001 3.536268e-08
1002 2.996170e-08
1003 2.456835e-08
1004 1.960429e-08
1005 1.530183e-08
1006 1.167992e-08
1007 8.666293e-09
1008 6.235662e-09
1009 4.411104e-09
1010 3.116406e-09
1011 2.198174e-09
1012 1.565935e-09
1013 1.134499e-09
1014 8.383979e-10
1015 6.303223e-10
1016 4.796298e-10
1017 3.661960e-10
1018 2.778152e-10
1019 2.075480e-10
1020 1.515619e-10
1021 1.076035e-10
1022 0.000000e+00
1023 0.000000e+00
1024 0.000000e+00
1025 4.373402e-08
1026 3.866397e-08
1027 3.297327e-08
1028 2.718702e-08
1029 2.178393e-08
1030 1.706241e-08
1031 1.308098e-08
1032 9.758446e-09
1033 7.048946e-09
1034 4.983843e-09
1035 3.518262e-09
1036 2.477560e-09
1037 1.757308e-09
1038 1.266136e-09
1039 9.310497e-10
1040 6.969062e-10
1041 5.289346e-10
1042 4.036784e-10
1043 3.068835e-10
1044 2.301870e-10
1045 1.690326e-10
1046 1.208076e-10
1047 0.000000e+00
1048 0.000000e+00
1049 0.000000e+00
1050 4.656609e-08
1051 4.136909e-08
1052 3.543330e-08
1053 2.931957e-08
1054 2.355818e-08
1055 1.849534e-08
1056 1.421995e-08
1057 1.064693e-08
1058 7.710028e-09
1059 5.448637e-09
1060 3.843405e-09
1061 2.703294e-09
1062 1.912183e-09
1063 1.372739e-09
1064 1.006273e-09
1065 7.509881e-10
1066 5.691051e-10
1067 4.343083e-10
1068 3.305637e-10
1069 2.486626e-10
1070 1.833095e-10
1071 1.316053e-10
1072 0.000000e+00
1073 0.000000e+00
1074 0.000000e+00
1075 4.905558e-08
1076 4.374030e-08
1077 3.759829e-08
1078 3.119820e-08
1079 2.511863e-08
1080 1.975564e-08
1081 1.522302e-08
1082 1.142823e-08
1083 8.291162e-09
1084 5.857549e-09
1085 4.130512e-09
1086 2.902075e-09
1087 2.048579e-09
1088 1.466658e-09
1089 1.072577e-09
1090 7.985373e-10
1091 6.043631e-10
1092 4.611611e-10
1093 3.514301e-10
1094 2.648938e-10
1095 1.958892e-10
1096 1.410866e-10
1097 0.000000e+00
1098 0.000000e+00
1099 0.000000e+00
1100 5.220931e-08
1101 4.674856e-08
1102 4.033794e-08
1103 3.357768e-08
1104 2.709646e-08
1105 2.135210e-08
1106 1.649286e-08
1107 1.241911e-08
1108 9.028607e-09
1109 6.376297e-09
1110 4.493539e-09
1111 3.154421e-09
1112 2.221513e-09
1113 1.585695e-09
1114 1.156480e-09
1115 8.589726e-10
1116 6.491803e-10
1117 4.952612e-10
1118 3.778322e-10
1119 2.854728e-10
1120 2.117153e-10
1121 1.531016e-10
1122 0.000000e+00
1123 0.000000e+00
1124 0.000000e+00
1125 4.832232e-08
1126 4.315205e-08
1127 3.717840e-08
1128 3.094013e-08
1129 2.498449e-08
1130 1.968908e-08
1131 1.518820e-08
1132 1.142263e-08
1133 8.324217e-09
1134 5.908957e-09
1135 4.164565e-09
1136 2.930499e-09
1137 2.066513e-09
1138 1.477383e-09
1139 1.076605e-09
1140 7.990468e-10
1141 6.023917e-10
1142 4.580886e-10
1143 3.481998e-10
1144 2.620179e-10
1145 1.936370e-10
1146 1.396424e-10
1147 0.000000e+00
1148 0.000000e+00
1149 0.000000e+00
1150 5.201906e-08
1151 4.675483e-08
1152 4.054021e-08
1153 3.393119e-08
1154 2.752390e-08
1155 2.176956e-08
1156 1.685357e-08
1157 1.273647e-08
1158 9.328102e-09
1159 6.633645e-09
1160 4.669147e-09
1161 3.284064e-09
1162 2.307895e-09
1163 1.642275e-09
1164 1.190512e-09
1165 8.793538e-10
1166 6.604059e-10
1167 5.012283e-10
1168 3.810215e-10
1169 2.874310e-10
1170 2.133162e-10
1171 1.547062e-10
1172 0.000000e+00
1173 0.000000e+00
1174 0.000000e+00
1175 5.525212e-08
1176 4.990468e-08
1177 4.347278e-08
1178 3.653907e-08
1179 2.973826e-08
1180 2.357894e-08
1181 1.830228e-08
1182 1.387768e-08
1183 1.019945e-08
1184 7.261631e-09
1185 5.106946e-09
1186 3.590575e-09
1187 2.516539e-09
1188 1.785219e-09
1189 1.289457e-09
1190 9.488808e-10
1191 7.107654e-10
1192 5.387969e-10
1193 4.096812e-10
1194 3.095810e-10
1195 2.305022e-10
1196 1.678234e-10
1197 0.000000e+00
1198 0.000000e+00
1199 0.000000e+00
1200 5.934265e-08
1201 5.389288e-08
1202 4.719273e-08
1203 3.984790e-08
1204 3.254507e-08
1205 2.587369e-08
1206 2.013921e-08
1207 1.532764e-08
1208 1.130651e-08
1209 8.058898e-09
1210 5.662060e-09
1211 3.979915e-09
1212 2.781769e-09
1213 1.966662e-09
1214 1.415060e-09
1215 1.037311e-09
1216 7.746621e-10
1217 5.863584e-10
1218 4.459573e-10
1219 3.376710e-10
1220 2.522045e-10
1221 1.844764e-10
1222 0.000000e+00
1223 0.000000e+00
1224 0.000000e+00
1225 5.674581e-08
1226 5.146173e-08
1227 4.503131e-08
1228 3.802465e-08
1229 3.108606e-08
1230 2.473430e-08
1231 1.925027e-08
1232 1.464230e-08
1233 1.081111e-08
1234 7.736408e-09
1235 5.445980e-09
1236 3.826260e-09
1237 2.681080e-09
1238 1.895977e-09
1239 1.363042e-09
1240 9.985986e-10
1241 7.444595e-10
1242 5.621060e-10
1243 4.263166e-10
1244 3.218669e-10
1245 2.397931e-10
1246 1.750346e-10
1247 0.000000e+00
1248 0.000000e+00
1249 0.000000e+00
1250 6.082347e-08
1251 5.550858e-08
1252 4.888320e-08
1253 4.152883e-08
1254 3.412137e-08
1255 2.725601e-08
1256 2.128728e-08
1257 1.625828e-08
1258 1.206691e-08
1259 8.666843e-09
1260 6.100024e-09
1261 4.281940e-09
1262 2.994459e-09
1263 2.109284e-09
1264 1.508198e-09
1265 1.099080e-09
1266 8.154623e-10
1267 6.137269e-10
1268 4.649036e-10
1269 3.512867e-10
1270 2.625101e-10
1271 1.924563e-10
1272 0.000000e+00
1273 0.000000e+00
1274 0.000000e+00
1275 6.597511e-08
1276 6.061820e-08
1277 5.374694e-08
1278 4.595107e-08
1279 3.794892e-08
1280 3.043514e-08
1281 2.385151e-08
1282 1.829489e-08
1283 1.364846e-08
1284 9.837167e-09
1285 6.919924e-09
1286 4.854618e-09
1287 3.388206e-09
1288 2.377004e-09
1289 1.690507e-09
1290 1.225563e-09
1291 9.050764e-10
1292 6.787507e-10
1293 5.135389e-10
1294 3.884448e-10
1295 2.911043e-10
1296 2.144774e-10
1297 0.000000e+00
1298 0.000000e+00
1299 0.000000e+00
1300 6.593478e-08
1301 6.067082e-08
1302 5.390004e-08
1303 4.619449e-08
1304 3.825483e-08
1305 3.075851e-08
1306 2.414699e-08
1307 1.854512e-08
1308 1.386457e-08
1309 1.003272e-08
1310 7.079712e-09
1311 4.962974e-09
1312 3.467809e-09
1313 2.429634e-09
1314 1.724454e-09
1315 1.246596e-09
1316 9.174752e-10
1317 6.859197e-10
1318 5.174956e-10
1319 3.905724e-10
1320 2.924064e-10
1321 2.153132e-10
1322 0.000000e+00
1323 0.000000e+00
1324 0.000000e+00
1325 7.234188e-08
1326 6.713688e-08
1327 6.017319e-08
1328 5.201973e-08
1329 4.340996e-08
1330 3.511451e-08
1331 2.769976e-08
1332 2.138430e-08
1333 1.609436e-08
1334 1.172319e-08
1335 8.288459e-09
1336 5.803169e-09
1337 4.051486e-09
1338 2.824722e-09
1339 1.991369e-09
1340 1.428666e-09
1341 1.043914e-09
1342 7.755046e-10
1343 5.829066e-10
1344 4.397807e-10
1345 3.297685e-10
1346 2.439044e-10
1347 0.000000e+00
1348 0.000000e+00
1349 0.000000e+00
1350 8.091702e-08
1351 7.597480e-08
1352 6.895973e-08
1353 6.039844e-08
1354 5.103769e-08
1355 4.173366e-08
1356 3.320318e-08
1357 2.582742e-08
1358 1.962159e-08
1359 1.446215e-08
1360 1.031595e-08
1361 7.223325e-09
1362 5.037625e-09
1363 3.496813e-09
1364 2.443259e-09
1365 1.731149e-09
1366 1.249188e-09
1367 9.167174e-10
1368 6.824409e-10
1369 5.119467e-10
1370 3.831954e-10
1371 2.843170e-10
1372 0.000000e+00
1373 0.000000e+00
1374 0.000000e+00
1375 5.266207e-07
1376 4.607451e-07
1377 3.830983e-07
1378 3.137971e-07
1379 2.585303e-07
1380 2.043319e-07
1381 1.500839e-07
1382 1.066517e-07
1383 7.588727e-08
1384 5.221069e-08
1385 3.586400e-08
1386 0.000000e+00
1387 0.000000e+00
1388 0.000000e+00
1389 0.000000e+00
1390 0.000000e+00
1391 0.000000e+00
1392 0.000000e+00
1393 0.000000e+00
1394 0.000000e+00
1395 0.000000e+00
1396 0.000000e+00
1397 0.000000e+00
1398 0.000000e+00
1399 0.000000e+00
1400 6.730330e-07
1401 5.914232e-07
1402 4.931369e-07
1403 4.038056e-07
1404 3.323867e-07
1405 2.639943e-07
1406 1.950435e-07
1407 1.384474e-07
1408 9.867981e-08
1409 6.795608e-08
1410 4.667413e-08
1411 0.000000e+00
1412 0.000000e+00
1413 0.000000e+00
1414 0.000000e+00
1415 0.000000e+00
1416 0.000000e+00
1417 0.000000e+00
1418 0.000000e+00
1419 0.000000e+00
1420 0.000000e+00
1421 0.000000e+00
1422 0.000000e+00
1423 0.000000e+00
1424 0.000000e+00
1425 7.721417e-07
1426 6.798642e-07
1427 5.676036e-07
1428 4.647147e-07
1429 3.823727e-07
1430 3.043707e-07
1431 2.254605e-07
1432 1.599556e-07
1433 1.140997e-07
1434 7.860667e-08
1435 5.398643e-08
1436 0.000000e+00
1437 0.000000e+00
1438 0.000000e+00
1439 0.000000e+00
1440 0.000000e+00
1441 0.000000e+00
1442 0.000000e+00
1443 0.000000e+00
1444 0.000000e+00
1445 0.000000e+00
1446 0.000000e+00
1447 0.000000e+00
1448 0.000000e+00
1449 0.000000e+00
1450 8.472149e-07
1451 7.468663e-07
1452 6.240101e-07
1453 5.108525e-07
1454 4.202338e-07
1455 3.349537e-07
1456 2.485014e-07
1457 1.762479e-07
1458 1.257802e-07
1459 8.667447e-08
1460 5.952547e-08
1461 0.000000e+00
1462 0.000000e+00
1463 0.000000e+00
1464 0.000000e+00
1465 0.000000e+00
1466 0.000000e+00
1467 0.000000e+00
1468 0.000000e+00
1469 0.000000e+00
1470 0.000000e+00
1471 0.000000e+00
1472 0.000000e+00
1473 0.000000e+00
1474 0.000000e+00
1475 9.081400e-07
1476 8.012362e-07
1477 6.697869e-07
1478 5.482954e-07
1479 4.509596e-07
1480 3.597727e-07
1481 2.671994e-07
1482 1.894695e-07
1483 1.352592e-07
1484 9.322170e-08
1485 6.402057e-08
1486 0.000000e+00
1487 0.000000e+00
1488 0.000000e+00
1489 0.000000e+00
1490 0.000000e+00
1491 0.000000e+00
1492 0.000000e+00
1493 0.000000e+00
1494 0.000000e+00
1495 0.000000e+00
1496 0.000000e+00
1497 0.000000e+00
1498 0.000000e+00
1499 0.000000e+00
1500 9.583539e-07
1501 8.460471e-07
1502 7.075154e-07
1503 5.791552e-07
1504 4.762833e-07
1505 3.802280e-07
1506 2.826100e-07
1507 2.003665e-07
1508 1.430716e-07
1509 9.861771e-08
1510 6.772524e-08
1511 0.000000e+00
1512 0.000000e+00
1513 0.000000e+00
1514 0.000000e+00
1515 0.000000e+00
1516 0.000000e+00
1517 0.000000e+00
1518 0.000000e+00
1519 0.000000e+00
1520 0.000000e+00
1521 0.000000e+00
1522 0.000000e+00
1523 0.000000e+00
1524 0.000000e+00
1525 1.002404e-06
1526 8.853500e-07
1527 7.406066e-07
1528 6.062219e-07
1529 4.984945e-07
1530 3.981692e-07
1531 2.961267e-07
1532 2.099242e-07
1533 1.499237e-07
1534 1.033506e-07
1535 7.097467e-08
1536 0.000000e+00
1537 0.000000e+00
1538 0.000000e+00
1539 0.000000e+00
1540 0.000000e+00
1541 0.000000e+00
1542 0.000000e+00
1543 0.000000e+00
1544 0.000000e+00
1545 0.000000e+00
1546 0.000000e+00
1547 0.000000e+00
1548 0.000000e+00
1549 0.000000e+00
1550 1.058214e-06
1551 9.351536e-07
1552 7.825381e-07
1553 6.405191e-07
1554 5.266394e-07
1555 4.209040e-07
1556 3.132536e-07
1557 2.220347e-07
1558 1.586064e-07
1559 1.093476e-07
1560 7.509202e-08
1561 0.000000e+00
1562 0.000000e+00
1563 0.000000e+00
1564 0.000000e+00
1565 0.000000e+00
1566 0.000000e+00
1567 0.000000e+00
1568 0.000000e+00
1569 0.000000e+00
1570 0.000000e+00
1571 0.000000e+00
1572 0.000000e+00
1573 0.000000e+00
1574 0.000000e+00
1575 2.360411e-07
1576 2.322401e-07
1577 2.136922e-07
1578 1.831372e-07
1579 1.494980e-07
1580 1.219417e-07
1581 1.014451e-07
1582 7.862779e-08
1583 5.451291e-08
1584 3.963346e-08
1585 2.729946e-08
1586 1.857296e-08
1587 1.254453e-08
1588 0.000000e+00
1589 0.000000e+00
1590 0.000000e+00
1591 0.000000e+00
1592 0.000000e+00
1593 0.000000e+00
1594 0.000000e+00
1595 0.000000e+00
1596 0.000000e+00
1597 0.000000e+00
1598 0.000000e+00
1599 0.000000e+00
1600 3.428099e-07
1601 3.379980e-07
1602 3.119787e-07
1603 2.682305e-07
1604 2.192939e-07
1605 1.786544e-07
1606 1.485382e-07
1607 1.158927e-07
1608 8.060622e-08
1609 5.841494e-08
1610 4.033962e-08
1611 2.748727e-08
1612 1.852659e-08
1613 0.000000e+00
1614 0.000000e+00
1615 0.000000e+00
1616 0.000000e+00
1617 0.000000e+00
1618 0.000000e+00
1619 0.000000e+00
1620 0.000000e+00
1621 0.000000e+00
1622 0.000000e+00
1623 0.000000e+00
1624 0.000000e+00
1625 4.227404e-07
1626 4.171293e-07
1627 3.855035e-07
1628 3.318540e-07
1629 2.714583e-07
1630 2.210459e-07
1631 1.837424e-07
1632 1.437311e-07
1633 1.000768e-07
1634 7.244497e-08
1635 5.007253e-08
1636 3.414063e-08
1637 2.299063e-08
1638 0.000000e+00
1639 0.000000e+00
1640 0.000000e+00
1641 0.000000e+00
1642 0.000000e+00
1643 0.000000e+00
1644 0.000000e+00
1645 0.000000e+00
1646 0.000000e+00
1647 0.000000e+00
1648 0.000000e+00
1649 0.000000e+00
1650 4.876113e-07
1651 4.813664e-07
1652 4.451834e-07
1653 3.834827e-07
1654 3.137987e-07
1655 2.554539e-07
1656 2.123127e-07
1657 1.663306e-07
1658 1.158784e-07
1659 8.383447e-08
1660 5.797325e-08
1661 3.954247e-08
1662 2.661519e-08
1663 0.000000e+00
1664 0.000000e+00
1665 0.000000e+00
1666 0.000000e+00
1667 0.000000e+00
1668 0.000000e+00
1669 0.000000e+00
1670 0.000000e+00
1671 0.000000e+00
1672 0.000000e+00
1673 0.000000e+00
1674 0.000000e+00
1675 5.410865e-07
1676 5.343155e-07
1677 4.943402e-07
1678 4.260283e-07
1679 3.486830e-07
1680 2.837898e-07
1681 2.358565e-07
1682 1.849531e-07
1683 1.288991e-07
1684 9.321832e-08
1685 6.448273e-08
1686 4.399264e-08
1687 2.960150e-08
1688 0.000000e+00
1689 0.000000e+00
1690 0.000000e+00
1691 0.000000e+00
1692 0.000000e+00
1693 0.000000e+00
1694 0.000000e+00
1695 0.000000e+00
1696 0.000000e+00
1697 0.000000e+00
1698 0.000000e+00
1699 0.000000e+00
1700 5.879606e-07
1701 5.807457e-07
1702 5.374760e-07
1703 4.633455e-07
1704 3.792681e-07
1705 3.086577e-07
1706 2.565069e-07
1707 2.012894e-07
1708 1.403241e-07
1709 1.014512e-07
1710 7.019288e-08
1711 4.789766e-08
1712 3.222152e-08
1713 0.000000e+00
1714 0.000000e+00
1715 0.000000e+00
1716 0.000000e+00
1717 0.000000e+00
1718 0.000000e+00
1719 0.000000e+00
1720 0.000000e+00
1721 0.000000e+00
1722 0.000000e+00
1723 0.000000e+00
1724 0.000000e+00
1725 6.473370e-07
1726 6.395465e-07
1727 5.920674e-07
1728 5.106077e-07
1729 4.180182e-07
1730 3.401527e-07
1731 2.826606e-07
1732 2.219778e-07
1733 1.547927e-07
1734 1.118758e-07
1735 7.742416e-08
1736 5.284148e-08
1737 3.553951e-08
1738 0.000000e+00
1739 0.000000e+00
1740 0.000000e+00
1741 0.000000e+00
1742 0.000000e+00
1743 0.000000e+00
1744 0.000000e+00
1745 0.000000e+00
1746 0.000000e+00
1747 0.000000e+00
1748 0.000000e+00
1749 0.000000e+00
1750 1.232725e-07
1751 1.282074e-07
1752 1.262863e-07
1753 1.161883e-07
1754 9.939177e-08
1755 8.092320e-08
1756 6.590146e-08
1757 5.495139e-08
1758 4.248435e-08
1759 2.895290e-08
1760 2.129058e-08
1761 1.444125e-08
1762 9.744648e-09
1763 6.525490e-09
1764 0.000000e+00
1765 0.000000e+00
1766 0.000000e+00
1767 0.000000e+00
1768 0.000000e+00
1769 0.000000e+00
1770 0.000000e+00
1771 0.000000e+00
1772 0.000000e+00
1773 0.000000e+00
1774 0.000000e+00
1775 2.024241e-07
1776 2.106179e-07
1777 2.078540e-07
1778 1.918488e-07
1779 1.646508e-07
1780 1.342337e-07
1781 1.091675e-07
1782 9.096081e-08
1783 7.086886e-08
1784 4.845933e-08
1785 3.549546e-08
1786 2.412203e-08
1787 1.632443e-08
1788 1.089961e-08
1789 0.000000e+00
1790 0.000000e+00
1791 0.000000e+00
1792 0.000000e+00
1793 0.000000e+00
1794 0.000000e+00
1795 0.000000e+00
1796 0.000000e+00
1797 0.000000e+00
1798 0.000000e+00
1799 0.000000e+00
1800 2.647624e-07
1801 2.754713e-07
1802 2.720436e-07
1803 2.513353e-07
1804 2.159206e-07
1805 1.761021e-07
1806 1.431559e-07
1807 1.192568e-07
1808 9.312473e-08
1809 6.374051e-08
1810 4.664192e-08
1811 3.171253e-08
1812 2.147940e-08
1813 1.432918e-08
1814 0.000000e+00
1815 0.000000e+00
1816 0.000000e+00
1817 0.000000e+00
1818 0.000000e+00
1819 0.000000e+00
1820 0.000000e+00
1821 0.000000e+00
1822 0.000000e+00
1823 0.000000e+00
1824 0.000000e+00
1825 3.161114e-07
1826 3.289605e-07
1827 3.249242e-07
1828 3.003466e-07
1829 2.581581e-07
1830 2.105947e-07
1831 1.711565e-07
1832 1.425679e-07
1833 1.114649e-07
1834 7.633093e-08
1835 5.582568e-08
1836 3.796533e-08
1837 2.572716e-08
1838 1.715459e-08
1839 0.000000e+00
1840 0.000000e+00
1841 0.000000e+00
1842 0.000000e+00
1843 0.000000e+00
1844 0.000000e+00
1845 0.000000e+00
1846 0.000000e+00
1847 0.000000e+00
1848 0.000000e+00
1849 0.000000e+00
1850 3.611564e-07
1851 3.758483e-07
1852 3.713247e-07
1853 3.433410e-07
1854 2.952103e-07
1855 2.408527e-07
1856 1.957196e-07
1857 1.630172e-07
1858 1.275536e-07
1859 8.737563e-08
1860 6.388195e-08
1861 4.345048e-08
1862 2.945311e-08
1863 1.963424e-08
1864 0.000000e+00
1865 0.000000e+00
1866 0.000000e+00
1867 0.000000e+00
1868 0.000000e+00
1869 0.000000e+00
1870 0.000000e+00
1871 0.000000e+00
1872 0.000000e+00
1873 0.000000e+00
1874 0.000000e+00
1875 4.182445e-07
1876 4.352722e-07
1877 4.301177e-07
1878 3.978308e-07
1879 3.421694e-07
1880 2.792012e-07
1881 2.268503e-07
1882 1.889342e-07
1883 1.479442e-07
1884 1.013777e-07
1885 7.409081e-08
1886 5.040234e-08
1887 3.417761e-08
1888 2.277571e-08
1889 0.000000e+00
1890 0.000000e+00
1891 0.000000e+00
1892 0.000000e+00
1893 0.000000e+00
1894 0.000000e+00
1895 0.000000e+00
1896 0.000000e+00
1897 0.000000e+00
1898 0.000000e+00
1899 0.000000e+00
1900 1.335897e-07
1901 1.433845e-07
1902 1.472875e-07
1903 1.428967e-07
1904 1.292475e-07
1905 1.089434e-07
1906 8.819317e-08
1907 7.222844e-08
1908 6.010758e-08
1909 4.477961e-08
1910 3.039892e-08
1911 2.210728e-08
1912 1.496988e-08
1913 9.871957e-09
1914 6.595048e-09
1915 0.000000e+00
1916 0.000000e+00
1917 0.000000e+00
1918 0.000000e+00
1919 0.000000e+00
1920 0.000000e+00
1921 0.000000e+00
1922 0.000000e+00
1923 0.000000e+00
1924 0.000000e+00
1925 1.818290e-07
1926 1.951014e-07
1927 2.004537e-07
1928 1.945968e-07
1929 1.761432e-07
1930 1.485823e-07
1931 1.203025e-07
1932 9.847149e-08
1933 8.196293e-08
1934 6.120326e-08
1935 4.151945e-08
1936 3.023440e-08
1937 2.045568e-08
1938 1.350025e-08
1939 9.014181e-09
1940 0.000000e+00
1941 0.000000e+00
1942 0.000000e+00
1943 0.000000e+00
1944 0.000000e+00
1945 0.000000e+00
1946 0.000000e+00
1947 0.000000e+00
1948 0.000000e+00
1949 0.000000e+00
1950 2.241468e-07
1951 2.404646e-07
1952 2.470924e-07
1953 2.399480e-07
1954 2.172833e-07
1955 1.833565e-07
1956 1.484711e-07
1957 1.214945e-07
1958 1.011360e-07
1959 7.561180e-08
1960 5.127210e-08
1961 3.736434e-08
1962 2.526811e-08
1963 1.668336e-08
1964 1.113638e-08
1965 0.000000e+00
1966 0.000000e+00
1967 0.000000e+00
1968 0.000000e+00
1969 0.000000e+00
1970 0.000000e+00
1971 0.000000e+00
1972 0.000000e+00
1973 0.000000e+00
1974 0.000000e+00
1975 2.777620e-07
1976 2.979413e-07
1977 3.061852e-07
1978 2.974096e-07
1979 2.694044e-07
1980 2.274126e-07
1981 1.841587e-07
1982 1.506630e-07
1983 1.254266e-07
1984 9.386614e-08
1985 6.363484e-08
1986 4.639541e-08
1987 3.136524e-08
1988 2.071522e-08
1989 1.382510e-08
1990 0.000000e+00
1991 0.000000e+00
1992 0.000000e+00
1993 0.000000e+00
1994 0.000000e+00
1995 0.000000e+00
1996 0.000000e+00
1997 0.000000e+00
1998 0.000000e+00
1999 0.000000e+00
2000 9.464709e-08
2001 1.037205e-07
2002 1.094201e-07
2003 1.100537e-07
2004 1.040014e-07
2005 9.119174e-08
2006 7.505871e-08
2007 6.065058e-08
2008 5.031576e-08
2009 4.081307e-08
2010 2.842319e-08
2011 2.024312e-08
2012 1.382043e-08
2013 9.410429e-09
2014 6.110970e-09
2015 0.000000e+00
2016 0.000000e+00
2017 0.000000e+00
2018 0.000000e+00
2019 0.000000e+00
2020 0.000000e+00
2021 0.000000e+00
2022 0.000000e+00
2023 0.000000e+00
2024 0.000000e+00
2025 1.339903e-07
2026 1.467480e-07
2027 1.547889e-07
2028 1.557254e-07
2029 1.472373e-07
2030 1.292215e-07
2031 1.064114e-07
2032 8.598020e-08
2033 7.129971e-08
2034 5.790742e-08
2035 4.039860e-08
2036 2.870960e-08
2037 1.963516e-08
2038 1.337159e-08
2039 8.679891e-09
2040 0.000000e+00
2041 0.000000e+00
2042 0.000000e+00
2043 0.000000e+00
2044 0.000000e+00
2045 0.000000e+00
2046 0.000000e+00
2047 0.000000e+00
2048 0.000000e+00
2049 0.000000e+00
2050 1.838475e-07
2051 2.012743e-07
2052 2.122827e-07
2053 2.135919e-07
2054 2.020317e-07
2055 1.774125e-07
2056 1.461591e-07
2057 1.180702e-07
2058 9.788428e-08
2059 7.956990e-08
2060 5.557146e-08
2061 3.943823e-08
2062 2.700246e-08
2063 1.839038e-08
2064 1.193267e-08
2065 0.000000e+00
2066 0.000000e+00
2067 0.000000e+00
2068 0.000000e+00
2069 0.000000e+00
2070 0.000000e+00
2071 0.000000e+00
2072 0.000000e+00
2073 0.000000e+00
2074 0.000000e+00
2075 7.272139e-08
2076 8.094887e-08
2077 8.720810e-08
2078 9.002403e-08
2079 8.777713e-08
2080 7.980384e-08
2081 6.760239e-08
2082 5.474486e-08
2083 4.469667e-08
2084 3.725340e-08
2085 2.809148e-08
2086 1.882894e-08
2087 1.377876e-08
2088 9.205050e-09
2089 6.017185e-09
2090 3.956665e-09
2091 0.000000e+00
2092 0.000000e+00
2093 0.000000e+00
2094 0.000000e+00
2095 0.000000e+00
2096 0.000000e+00
2097 0.000000e+00
2098 0.000000e+00
2099 0.000000e+00
2100 1.187546e-07
2101 1.320370e-07
2102 1.421697e-07
2103 1.467775e-07
2104 1.431976e-07
2105 1.302732e-07
2106 1.104235e-07
2107 8.944185e-08
2108 7.298800e-08
2109 6.083808e-08
2110 4.596865e-08
2111 3.080741e-08
2112 2.256915e-08
2113 1.506391e-08
2114 9.856449e-09
2115 6.477606e-09
2116 0.000000e+00
2117 0.000000e+00
2118 0.000000e+00
2119 0.000000e+00
2120 0.000000e+00
2121 0.000000e+00
2122 0.000000e+00
2123 0.000000e+00
2124 0.000000e+00
2125 7.299555e-08
2126 8.225656e-08
2127 8.982452e-08
2128 9.442508e-08
2129 9.464230e-08
2130 8.900129e-08
2131 7.751478e-08
2132 6.355454e-08
2133 5.136238e-08
2134 4.269631e-08
2135 3.432239e-08
2136 2.360114e-08
2137 1.697911e-08
2138 1.137434e-08
2139 7.666816e-09
2140 4.926937e-09
2141 0.000000e+00
2142 0.000000e+00
2143 0.000000e+00
2144 0.000000e+00
2145 0.000000e+00
2146 0.000000e+00
2147 0.000000e+00
2148 0.000000e+00
2149 0.000000e+00
2150 3.887763e-08
2151 4.428880e-08
2152 4.906553e-08
2153 5.248375e-08
2154 5.359206e-08
2155 5.161018e-08
2156 4.634717e-08
2157 3.877847e-08
2158 3.129469e-08
2159 2.571567e-08
2160 2.137253e-08
2161 1.556921e-08
2162 1.055279e-08
2163 7.493550e-09
2164 5.036961e-09
2165 3.215447e-09
2166 2.092396e-09
2167 0.000000e+00
2168 0.000000e+00
2169 0.000000e+00
2170 0.000000e+00
2171 0.000000e+00
2172 0.000000e+00
2173 0.000000e+00
2174 0.000000e+00
2175 4.050835e-05
2176 3.566376e-05
2177 2.972907e-05
2178 2.429178e-05
2179 2.001596e-05
2180 1.600973e-05
2181 1.180545e-05
2182 8.364303e-06
2183 5.985469e-06
2184 4.115713e-06
2185 2.821855e-06
2186 0.000000e+00
2187 0.000000e+00
2188 0.000000e+00
2189 0.000000e+00
2190 0.000000e+00
2191 0.000000e+00
2192 0.000000e+00
2193 0.000000e+00
2194 0.000000e+00
2195 0.000000e+00
2196 0.000000e+00
2197 0.000000e+00
2198 0.000000e+00
2199 0.000000e+00
2200 2.255428e-05
2201 2.228638e-05
2202 2.064195e-05
2203 1.779694e-05
2204 1.455059e-05
2205 1.182754e-05
2206 9.848315e-06
2207 7.755548e-06
2208 5.367790e-06
2209 3.912492e-06
2210 2.691518e-06
2211 1.839725e-06
2212 1.236817e-06
2213 0.000000e+00
2214 0.000000e+00
2215 0.000000e+00
2216 0.000000e+00
2217 0.000000e+00
2218 0.000000e+00
2219 0.000000e+00
2220 0.000000e+00
2221 0.000000e+00
2222 0.000000e+00
2223 0.000000e+00
2224 0.000000e+00
2225 1.456022e-05
2226 1.514686e-05
2227 1.497433e-05
2228 1.385172e-05
2229 1.191113e-05
2230 9.714780e-06
2231 7.886661e-06
2232 6.574202e-06
2233 5.157048e-06
2234 3.519322e-06
2235 2.589127e-06
2236 1.752919e-06
2237 1.189880e-06
2238 7.929234e-07
2239 0.000000e+00
2240 0.000000e+00
2241 0.000000e+00
2242 0.000000e+00
2243 0.000000e+00
2244 0.000000e+00
2245 0.000000e+00
2246 0.000000e+00
2247 0.000000e+00
2248 0.000000e+00
2249 0.000000e+00
2250 9.860890e-06
2251 1.056810e-05
2252 1.085796e-05
2253 1.054397e-05
2254 9.553672e-06
2255 8.069493e-06
2256 6.531153e-06
2257 5.340943e-06
2258 4.450982e-06
2259 3.337554e-06
2260 2.251540e-06
2261 1.648910e-06
2262 1.113862e-06
2263 7.348756e-07
2264 4.908391e-07
2265 0.000000e+00
2266 0.000000e+00
2267 0.000000e+00
2268 0.000000e+00
2269 0.000000e+00
2270 0.000000e+00
2271 0.000000e+00
2272 0.000000e+00
2273 0.000000e+00
2274 0.000000e+00
2275 6.961703e-06
2276 7.608533e-06
2277 8.016097e-06
2278 8.063639e-06
2279 7.635890e-06
2280 6.709040e-06
2281 5.525272e-06
2282 4.462079e-06
2283 3.698732e-06
2284 3.015826e-06
2285 2.104813e-06
2286 1.492115e-06
2287 1.021091e-06
2288 6.969901e-07
2289 4.515672e-07
2290 0.000000e+00
2291 0.000000e+00
2292 0.000000e+00
2293 0.000000e+00
2294 0.000000e+00
2295 0.000000e+00
2296 0.000000e+00
2297 0.000000e+00
2298 0.000000e+00
2299 0.000000e+00
2300 5.073290e-06
2301 5.626463e-06
2302 6.051773e-06
2303 6.248676e-06
2304 6.096270e-06
2305 5.547741e-06
2306 4.705801e-06
2307 3.811395e-06
2308 3.108551e-06
2309 2.591662e-06
2310 1.963076e-06
2311 1.311534e-06
2312 9.644413e-07
2313 6.428920e-07
2314 4.208094e-07
2315 2.765957e-07
2316 0.000000e+00
2317 0.000000e+00
2318 0.000000e+00
2319 0.000000e+00
2320 0.000000e+00
2321 0.000000e+00
2322 0.000000e+00
2323 0.000000e+00
2324 0.000000e+00
2325 3.790361e-06
2326 4.258049e-06
2327 4.641101e-06
2328 4.874343e-06
2329 4.885620e-06
2330 4.600807e-06
2331 4.009233e-06
2332 3.287679e-06
2333 2.656147e-06
2334 2.207392e-06
2335 1.778789e-06
2336 1.224459e-06
2337 8.793315e-07
2338 5.892523e-07
2339 3.978228e-07
2340 2.553999e-07
2341 0.000000e+00
2342 0.000000e+00
2343 0.000000e+00
2344 0.000000e+00
2345 0.000000e+00
2346 0.000000e+00
2347 0.000000e+00
2348 0.000000e+00
2349 0.000000e+00
2350 2.627885e-06
2351 2.977973e-06
2352 3.289669e-06
2353 3.515820e-06
2354 3.589453e-06
2355 3.458193e-06
2356 3.108965e-06
2357 2.605125e-06
2358 2.101731e-06
2359 1.725565e-06
2360 1.435205e-06
2361 1.050628e-06
2362 7.093056e-07
2363 5.056664e-07
2364 3.395109e-07
2365 2.167758e-07
2366 1.411031e-07
2367 0.000000e+00
2368 0.000000e+00
2369 0.000000e+00
2370 0.000000e+00
2371 0.000000e+00
2372 0.000000e+00
2373 0.000000e+00
2374 0.000000e+00
2375 1.506352e-06
2376 1.725312e-06
2377 1.926515e-06
2378 2.086276e-06
2379 2.175894e-06
2380 2.157090e-06
2381 1.994967e-06
2382 1.712577e-06
2383 1.395152e-06
2384 1.130349e-06
2385 9.427025e-07
2386 7.363729e-07
2387 4.962670e-07
2388 3.651010e-07
2389 2.399352e-07
2390 1.581932e-07
2391 1.015096e-07
2392 0.000000e+00
2393 0.000000e+00
2394 0.000000e+00
2395 0.000000e+00
2396 0.000000e+00
2397 0.000000e+00
2398 0.000000e+00
2399 0.000000e+00
2400 6.657399e-07
2401 7.687947e-07
2402 8.690617e-07
2403 9.557695e-07
2404 1.013156e-06
2405 1.025834e-06
2406 9.793460e-07
2407 8.697669e-07
2408 7.205150e-07
2409 5.813680e-07
2410 4.796416e-07
2411 3.959303e-07
2412 2.804380e-07
2413 1.942003e-07
2414 1.341265e-07
2415 9.023149e-08
2416 5.693519e-08
2417 3.650995e-08
2418 0.000000e+00
2419 0.000000e+00
2420 0.000000e+00
2421 0.000000e+00
2422 0.000000e+00
2423 0.000000e+00
2424 0.000000e+00
