0 2.758350e-09
1 2.096998e-09
2 1.556495e-09
3 1.131816e-09
4 8.155198e-10
5 5.891162e-10
6 4.285713e-10
7 3.161300e-10
8 2.373994e-10
9 1.810323e-10
10 1.392869e-10
11 1.072414e-10
12 8.185243e-11
13 6.139104e-11
14 4.492553e-11
15 3.191879e-11
16 2.196125e-11
17 1.463111e-11
18 9.453959e-12
19 5.941274e-12
20 3.641708e-12
21 2.182150e-12
22 0.000000e+00
23 0.000000e+00
24 0.000000e+00
25 4.581642e-09
26 3.542636e-09
27 2.677344e-09
28 1.970102e-09
29 1.417220e-09
30 1.013615e-09
31 7.298119e-10
32 5.293298e-10
33 3.905346e-10
34 2.940179e-10
35 2.250596e-10
36 1.738463e-10
37 1.343240e-10
38 1.027356e-10
39 7.705827e-11
40 5.625028e-11
41 3.975443e-11
42 2.713518e-11
43 1.789183e-11
44 1.142442e-11
45 7.089452e-12
46 4.291619e-12
47 0.000000e+00
48 0.000000e+00
49 0.000000e+00
50 4.972293e-09
51 3.845047e-09
52 2.909162e-09
53 2.141999e-09
54 1.536477e-09
55 1.092599e-09
56 7.842440e-10
57 5.678104e-10
58 4.177857e-10
59 3.144342e-10
60 2.410777e-10
61 1.867353e-10
62 1.448269e-10
63 1.112661e-10
64 8.381570e-11
65 6.140616e-11
66 4.350308e-11
67 2.970665e-11
68 1.955367e-11
69 1.243730e-11
70 7.676100e-12
71 4.617364e-12
72 0.000000e+00
73 0.000000e+00
74 0.000000e+00
75 5.191329e-09
76 4.014586e-09
77 3.038737e-09
78 2.237875e-09
79 1.602967e-09
80 1.136681e-09
81 8.144206e-10
82 5.891120e-10
83 4.329066e-10
84 3.257653e-10
85 2.499677e-10
86 1.938947e-10
87 1.506732e-10
88 1.160174e-10
89 8.758651e-11
90 6.428676e-11
91 4.559331e-11
92 3.114355e-11
93 2.048312e-11
94 1.300285e-11
95 8.002063e-12
96 4.797486e-12
97 0.000000e+00
98 0.000000e+00
99 0.000000e+00
100 5.340552e-09
101 4.130065e-09
102 3.127344e-09
103 2.303671e-09
104 1.648608e-09
105 1.166961e-09
106 8.352384e-10
107 6.038251e-10
108 4.433121e-10
109 3.335583e-10
110 2.560766e-10
111 1.988245e-10
112 1.546834e-10
113 1.192595e-10
114 9.015735e-11
115 6.624981e-11
116 4.702642e-11
117 3.212854e-11
118 2.112058e-11
119 1.339189e-11
120 8.227421e-12
121 4.922527e-12
122 0.000000e+00
123 0.000000e+00
124 0.000000e+00
125 5.454908e-09
126 4.218369e-09
127 3.194749e-09
128 2.353810e-09
129 1.683413e-09
130 1.190092e-09
131 8.511531e-10
132 6.150426e-10
133 4.512603e-10
134 3.394883e-10
135 2.607247e-10
136 2.025626e-10
137 1.577355e-10
138 1.217380e-10
139 9.212525e-11
140 6.775234e-11
141 4.811909e-11
142 3.288059e-11
143 2.160617e-11
144 1.368805e-11
145 8.398681e-12
146 5.017968e-12
147 0.000000e+00
148 0.000000e+00
149 0.000000e+00
150 5.547279e-09
151 4.290178e-09
152 3.250111e-09
153 2.394604e-09
154 1.711753e-09
155 1.208874e-09
156 8.640695e-10
157 6.241055e-10
158 4.577098e-10
159 3.443331e-10
160 2.645121e-10
161 2.056166e-10
162 1.602260e-10
163 1.237578e-10
164 9.372282e-11
165 6.897590e-11
166 4.900844e-11
167 3.349197e-11
168 2.200217e-11
169 1.392937e-11
170 8.538948e-12
171 5.095438e-12
172 0.000000e+00
173 0.000000e+00
174 0.000000e+00
175 5.623034e-09
176 4.348673e-09
177 3.295003e-09
178 2.427808e-09
179 1.734913e-09
180 1.224240e-09
181 8.746617e-10
182 6.316005e-10
183 4.630262e-10
184 3.482887e-10
185 2.676174e-10
186 2.081072e-10
187 1.622571e-10
188 1.254067e-10
189 9.502903e-11
190 6.997556e-11
191 4.973493e-11
192 3.399073e-11
193 2.232490e-11
194 1.412730e-11
195 8.653567e-12
196 5.159046e-12
197 0.000000e+00
198 0.000000e+00
199 0.000000e+00
200 5.688637e-09
201 4.399557e-09
202 3.333712e-09
203 2.456578e-09
204 1.754814e-09
205 1.237460e-09
206 8.837382e-10
207 6.379635e-10
208 4.675442e-10
209 3.516862e-10
210 2.702995e-10
211 2.102509e-10
212 1.640066e-10
213 1.268217e-10
214 9.615767e-11
215 7.083389e-11
216 5.036324e-11
217 3.442194e-11
218 2.260298e-11
219 1.429716e-11
220 8.751582e-12
221 5.213606e-12
222 0.000000e+00
223 0.000000e+00
224 0.000000e+00
225 5.773196e-09
226 4.464945e-09
227 3.383934e-09
228 2.493725e-09
229 1.780632e-09
230 1.254572e-09
231 8.954501e-10
232 6.462967e-10
233 4.734547e-10
234 3.560969e-10
235 2.737436e-10
236 2.130347e-10
237 1.662755e-10
238 1.286696e-10
239 9.761617e-11
240 7.194762e-11
241 5.117094e-11
242 3.497786e-11
243 2.296369e-11
244 1.451679e-11
245 8.879482e-12
246 5.284210e-12
247 0.000000e+00
248 0.000000e+00
249 0.000000e+00
250 1.087160e-08
251 8.698091e-09
252 6.811808e-09
253 5.219405e-09
254 3.890341e-09
255 2.817331e-09
256 2.012921e-09
257 1.439151e-09
258 1.030399e-09
259 7.473252e-10
260 5.524489e-10
261 4.166025e-10
262 3.190355e-10
263 2.463206e-10
264 1.897627e-10
265 1.444104e-10
266 1.075534e-10
267 7.784611e-11
268 5.451645e-11
269 3.687654e-11
270 2.411597e-11
271 1.528750e-11
272 0.000000e+00
273 0.000000e+00
274 0.000000e+00
275 1.334015e-08
276 1.076324e-08
277 8.488538e-09
278 6.558380e-09
279 4.940667e-09
280 3.607927e-09
281 2.577949e-09
282 1.838849e-09
283 1.312649e-09
284 9.442218e-10
285 6.913982e-10
286 5.170765e-10
287 3.936805e-10
288 3.032946e-10
289 2.342609e-10
290 1.794696e-10
291 1.350642e-10
292 9.901950e-11
293 7.031813e-11
294 4.822553e-11
295 3.194261e-11
296 2.047363e-11
297 0.000000e+00
298 0.000000e+00
299 0.000000e+00
300 1.462992e-08
301 1.183229e-08
302 9.349564e-09
303 7.242527e-09
304 5.475154e-09
305 4.007262e-09
306 2.859833e-09
307 2.036273e-09
308 1.452309e-09
309 1.041227e-09
310 7.602022e-10
311 5.672108e-10
312 4.311645e-10
313 3.322419e-10
314 2.570069e-10
315 1.975215e-10
316 1.492325e-10
317 1.098923e-10
318 7.840356e-11
319 5.398419e-11
320 3.585060e-11
321 2.303756e-11
322 0.000000e+00
323 0.000000e+00
324 0.000000e+00
325 1.549906e-08
326 1.255346e-08
327 9.929894e-09
328 7.703657e-09
329 5.834673e-09
330 4.276820e-09
331 3.049944e-09
332 2.169340e-09
333 1.546162e-09
334 1.106423e-09
335 8.062537e-10
336 6.007287e-10
337 4.563710e-10
338 3.516717e-10
339 2.723536e-10
340 2.097092e-10
341 1.588292e-10
342 1.172702e-10
343 8.385424e-11
344 5.785999e-11
345 3.849832e-11
346 2.475612e-11
347 0.000000e+00
348 0.000000e+00
349 0.000000e+00
350 1.616606e-08
351 1.310709e-08
352 1.037556e-08
353 8.057082e-09
354 6.111192e-09
355 4.482186e-09
356 3.195436e-09
357 2.270832e-09
358 1.618047e-09
359 1.156461e-09
360 8.417890e-10
361 6.265912e-10
362 4.757230e-10
363 3.665849e-10
364 2.841185e-10
365 2.190745e-10
366 1.661946e-10
367 1.229239e-10
368 8.805587e-11
369 6.083626e-11
370 4.052908e-11
371 2.608143e-11
372 0.000000e+00
373 0.000000e+00
374 0.000000e+00
375 1.671095e-08
376 1.355711e-08
377 1.073693e-08
378 8.346132e-09
379 6.335944e-09
380 4.650098e-09
381 3.314080e-09
382 2.353972e-09
383 1.676700e-09
384 1.197109e-09
385 8.705678e-10
386 6.476793e-10
387 4.915153e-10
388 3.787801e-10
389 2.937387e-10
390 2.266520e-10
391 1.721463e-10
392 1.274953e-10
393 9.144488e-11
394 6.326366e-11
395 4.218301e-11
396 2.715620e-11
397 0.000000e+00
398 0.000000e+00
399 0.000000e+00
400 1.715436e-08
401 1.392568e-08
402 1.103431e-08
403 8.581253e-09
404 6.519390e-09
405 4.787266e-09
406 3.410896e-09
407 2.421640e-09
408 1.724618e-09
409 1.230530e-09
410 8.942409e-10
411 6.648272e-10
412 5.044089e-10
413 3.887298e-10
414 3.015522e-10
415 2.328685e-10
416 1.770080e-10
417 1.312316e-10
418 9.421995e-11
419 6.524257e-11
420 4.353054e-11
421 2.803958e-11
422 0.000000e+00
423 0.000000e+00
424 0.000000e+00
425 1.753716e-08
426 1.424358e-08
427 1.129047e-08
428 8.784403e-09
429 6.678230e-09
430 4.905765e-09
431 3.494636e-09
432 2.480228e-09
433 1.765916e-09
434 1.259284e-09
435 9.146332e-10
436 6.796308e-10
437 5.155436e-10
438 3.972972e-10
439 3.083245e-10
440 2.382234e-10
441 1.812380e-10
442 1.344678e-10
443 9.662148e-11
444 6.695136e-11
445 4.469279e-11
446 2.879900e-11
447 0.000000e+00
448 0.000000e+00
449 0.000000e+00
450 1.803086e-08
451 1.465125e-08
452 1.161971e-08
453 9.045734e-09
454 6.882509e-09
455 5.058394e-09
456 3.602440e-09
457 2.555757e-09
458 1.819227e-09
459 1.296376e-09
460 9.408300e-10
461 6.987346e-10
462 5.298631e-10
463 4.083077e-10
464 3.170137e-10
465 2.451164e-10
466 1.866600e-10
467 1.386410e-10
468 9.971688e-11
469 6.914923e-11
470 4.619087e-11
471 2.977956e-11
472 0.000000e+00
473 0.000000e+00
474 0.000000e+00
475 1.810736e-08
476 1.490845e-08
477 1.194081e-08
478 9.356992e-09
479 7.176693e-09
480 5.358501e-09
481 3.882304e-09
482 2.765926e-09
483 1.970528e-09
484 1.404281e-09
485 1.011344e-09
486 7.419283e-10
487 5.552719e-10
488 4.225641e-10
489 3.249075e-10
490 2.499688e-10
491 1.905275e-10
492 1.424894e-10
493 1.037881e-10
494 7.324224e-11
495 4.995977e-11
496 3.293204e-11
497 0.000000e+00
498 0.000000e+00
499 0.000000e+00
500 2.089205e-08
501 1.734906e-08
502 1.398811e-08
503 1.102127e-08
504 8.506682e-09
505 6.402180e-09
506 4.670319e-09
507 3.329872e-09
508 2.368421e-09
509 1.684230e-09
510 1.205879e-09
511 8.779866e-10
512 6.526729e-10
513 4.939580e-10
514 3.787732e-10
515 2.916616e-10
516 2.232005e-10
517 1.681080e-10
518 1.235751e-10
519 8.810979e-11
520 6.076753e-11
521 4.047756e-11
522 0.000000e+00
523 0.000000e+00
524 0.000000e+00
525 2.272036e-08
526 1.894377e-08
527 1.531962e-08
528 1.209863e-08
529 9.364959e-09
530 7.074941e-09
531 5.175795e-09
532 3.688388e-09
533 2.620551e-09
534 1.862039e-09
535 1.329033e-09
536 9.641305e-10
537 7.146586e-10
538 5.396321e-10
539 4.134979e-10
540 3.186669e-10
541 2.444417e-10
542 1.847838e-10
543 1.364453e-10
544 9.778577e-11
545 6.774504e-11
546 4.531571e-11
547 0.000000e+00
548 0.000000e+00
549 0.000000e+00
550 2.411010e-08
551 2.015476e-08
552 1.632935e-08
553 1.291501e-08
554 1.001497e-08
555 7.584252e-09
556 5.558033e-09
557 3.960110e-09
558 2.811087e-09
559 1.996364e-09
560 1.422076e-09
561 1.029654e-09
562 7.614583e-10
563 5.742010e-10
564 4.397198e-10
565 3.390606e-10
566 2.605244e-10
567 1.974139e-10
568 1.462108e-10
569 1.051011e-10
570 7.303054e-11
571 4.898088e-11
572 0.000000e+00
573 0.000000e+00
574 0.000000e+00
575 2.524061e-08
576 2.114020e-08
577 1.715183e-08
578 1.358028e-08
579 1.054534e-08
580 7.999162e-09
581 5.870313e-09
582 4.181961e-09
583 2.966896e-09
584 2.105945e-09
585 1.497708e-09
586 1.082471e-09
587 7.997991e-10
588 6.024294e-10
589 4.611326e-10
590 3.557402e-10
591 2.736731e-10
592 2.076889e-10
593 1.541678e-10
594 1.110751e-10
595 7.734178e-11
596 5.196717e-11
597 0.000000e+00
598 0.000000e+00
599 0.000000e+00
600 2.616644e-08
601 2.194734e-08
602 1.782544e-08
603 1.412558e-08
604 1.098006e-08
605 8.340122e-09
606 6.125110e-09
607 4.362691e-09
608 3.093613e-09
609 2.195358e-09
610 1.559785e-09
611 1.126250e-09
612 8.310343e-10
613 6.255699e-10
614 4.787183e-10
615 3.693775e-10
616 2.844177e-10
617 2.161690e-10
618 1.606724e-10
619 1.159550e-10
620 8.087499e-11
621 5.440317e-11
622 0.000000e+00
623 0.000000e+00
624 0.000000e+00
625 2.696119e-08
626 2.264114e-08
627 1.840381e-08
628 1.459426e-08
629 1.135327e-08
630 8.631815e-09
631 6.345317e-09
632 4.519161e-09
633 3.203275e-09
634 2.272982e-09
635 1.613333e-09
636 1.163604e-09
637 8.579751e-10
638 6.453125e-10
639 4.937185e-10
640 3.810354e-10
641 2.936224e-10
642 2.233876e-10
643 1.662825e-10
644 1.201479e-10
645 8.390665e-11
646 5.651443e-11
647 0.000000e+00
648 0.000000e+00
649 0.000000e+00
650 2.799304e-08
651 2.353976e-08
652 1.915503e-08
653 1.520028e-08
654 1.183704e-08
655 9.010883e-09
656 6.629651e-09
657 4.721175e-09
658 3.345725e-09
659 2.372815e-09
660 1.682603e-09
661 1.212236e-09
662 8.928792e-10
663 6.711019e-10
664 5.132746e-10
665 3.962866e-10
666 3.055896e-10
667 2.328069e-10
668 1.735370e-10
669 1.255974e-10
670 8.783761e-11
671 5.923633e-11
672 0.000000e+00
673 0.000000e+00
674 0.000000e+00
675 2.524635e-08
676 2.129506e-08
677 1.739544e-08
678 1.384392e-08
679 1.078477e-08
680 8.215698e-09
681 6.081165e-09
682 4.372385e-09
683 3.104247e-09
684 2.205353e-09
685 1.567406e-09
686 1.128537e-09
687 8.278551e-10
688 6.192425e-10
689 4.707488e-10
690 3.611785e-10
691 2.769883e-10
692 2.102837e-10
693 1.565161e-10
694 1.134316e-10
695 7.970529e-11
696 5.413760e-11
697 0.000000e+00
698 0.000000e+00
699 0.000000e+00
700 2.824342e-08
701 2.401845e-08
702 1.975600e-08
703 1.580734e-08
704 1.237130e-08
705 9.478016e-09
706 7.064031e-09
707 5.103030e-09
708 3.621461e-09
709 2.570359e-09
710 1.821947e-09
711 1.304578e-09
712 9.506253e-10
713 7.070068e-10
714 5.349532e-10
715 4.095707e-10
716 3.143534e-10
717 2.394468e-10
718 1.793037e-10
719 1.309982e-10
720 9.285037e-11
721 6.365623e-11
722 0.000000e+00
723 0.000000e+00
724 0.000000e+00
725 3.047674e-08
726 2.604001e-08
727 2.149998e-08
728 1.725149e-08
729 1.353643e-08
730 1.040314e-08
731 7.783907e-09
732 5.636434e-09
733 3.997272e-09
734 2.834917e-09
735 2.006603e-09
736 1.432253e-09
737 1.039727e-09
738 7.708754e-10
739 5.818823e-10
740 4.450560e-10
741 3.418236e-10
742 2.609783e-10
743 1.961548e-10
744 1.439559e-10
745 1.025425e-10
746 7.065192e-11
747 0.000000e+00
748 0.000000e+00
749 0.000000e+00
750 3.228968e-08
751 2.768131e-08
752 2.291837e-08
753 1.842417e-08
754 1.448260e-08
755 1.115466e-08
756 8.367808e-09
757 6.068757e-09
758 4.301654e-09
759 3.049314e-09
760 2.155981e-09
761 1.535474e-09
762 1.112011e-09
763 8.226364e-10
764 6.199354e-10
765 4.738800e-10
766 3.641636e-10
767 2.784465e-10
768 2.098370e-10
769 1.544837e-10
770 1.104155e-10
771 7.633754e-11
772 0.000000e+00
773 0.000000e+00
774 0.000000e+00
775 3.377645e-08
776 2.902364e-08
777 2.407555e-08
778 1.938449e-08
779 1.525568e-08
780 1.176960e-08
781 8.846817e-09
782 6.422409e-09
783 4.550649e-09
784 3.224872e-09
785 2.278205e-09
786 1.620003e-09
787 1.171406e-09
788 8.654089e-10
789 6.510619e-10
790 4.974794e-10
791 3.824479e-10
792 2.927580e-10
793 2.210351e-10
794 1.630939e-10
795 1.168699e-10
796 8.098314e-11
797 0.000000e+00
798 0.000000e+00
799 0.000000e+00
800 3.505553e-08
801 3.018619e-08
802 2.507812e-08
803 2.021526e-08
804 1.592567e-08
805 1.230145e-08
806 9.259358e-09
807 6.728472e-09
808 4.765870e-09
809 3.376479e-09
810 2.384299e-09
811 1.693385e-09
812 1.222213e-09
813 9.017611e-10
814 6.781300e-10
815 5.178137e-10
816 3.982117e-10
817 3.051704e-10
818 2.307188e-10
819 1.705323e-10
820 1.224269e-10
821 8.499222e-11
822 0.000000e+00
823 0.000000e+00
824 0.000000e+00
825 3.670486e-08
826 3.167967e-08
827 2.636924e-08
828 2.128223e-08
829 1.678507e-08
830 1.298421e-08
831 9.790578e-09
832 7.122225e-09
833 5.043808e-09
834 3.572093e-09
835 2.520044e-09
836 1.787404e-09
837 1.287935e-09
838 9.488812e-10
839 7.126505e-10
840 5.440110e-10
841 4.185049e-10
842 3.211034e-10
843 2.431239e-10
844 1.801000e-10
845 1.295782e-10
846 9.015279e-11
847 0.000000e+00
848 0.000000e+00
849 0.000000e+00
850 3.247072e-08
851 2.796515e-08
852 2.326878e-08
853 1.879194e-08
854 1.481552e-08
855 1.143787e-08
856 8.612590e-09
857 6.288392e-09
858 4.478699e-09
859 3.172021e-09
860 2.245459e-09
861 1.596064e-09
862 1.151621e-09
863 8.478666e-10
864 6.357235e-10
865 4.837159e-10
866 3.703917e-10
867 2.828046e-10
868 2.131530e-10
869 1.572964e-10
870 1.129461e-10
871 7.858027e-11
872 0.000000e+00
873 0.000000e+00
874 0.000000e+00
875 3.570201e-08
876 3.098297e-08
877 2.595932e-08
878 2.108180e-08
879 1.669376e-08
880 1.294413e-08
881 9.803278e-09
882 7.200831e-09
883 5.140738e-09
884 3.636183e-09
885 2.572668e-09
886 1.821326e-09
887 1.307121e-09
888 9.564684e-10
889 7.134413e-10
890 5.407276e-10
891 4.134436e-10
892 3.160581e-10
893 2.390953e-10
894 1.774547e-10
895 1.283319e-10
896 9.001339e-11
897 0.000000e+00
898 0.000000e+00
899 0.000000e+00
900 3.829371e-08
901 3.340071e-08
902 2.811040e-08
903 2.290483e-08
904 1.818676e-08
905 1.414178e-08
906 1.074776e-08
907 7.922987e-09
908 5.663367e-09
909 4.001803e-09
910 2.829877e-09
911 1.998185e-09
912 1.429473e-09
913 1.042119e-09
914 7.747397e-10
915 5.859377e-10
916 4.477432e-10
917 3.425143e-10
918 2.597874e-10
919 1.935514e-10
920 1.406224e-10
921 9.911321e-11
922 0.000000e+00
923 0.000000e+00
924 0.000000e+00
925 4.041224e-08
926 3.537170e-08
927 2.986069e-08
928 2.439228e-08
929 1.940394e-08
930 1.511514e-08
931 1.151765e-08
932 8.511411e-09
933 6.088697e-09
934 4.299512e-09
935 3.039161e-09
936 2.142361e-09
937 1.528984e-09
938 1.112283e-09
939 8.248908e-10
940 6.227406e-10
941 4.756636e-10
942 3.641059e-10
943 2.766544e-10
944 2.066746e-10
945 1.506498e-10
946 1.065689e-10
947 0.000000e+00
948 0.000000e+00
949 0.000000e+00
950 4.223576e-08
951 3.707712e-08
952 3.137578e-08
953 2.567793e-08
954 2.045590e-08
955 1.595767e-08
956 1.218171e-08
957 9.019584e-09
958 6.455807e-09
959 4.556512e-09
960 3.220387e-09
961 2.266852e-09
962 1.614938e-09
963 1.172163e-09
964 8.680321e-10
965 6.544517e-10
966 4.997208e-10
967 3.828084e-10
968 2.912435e-10
969 2.179995e-10
970 1.592941e-10
971 1.129823e-10
972 0.000000e+00
973 0.000000e+00
974 0.000000e+00
975 4.459372e-08
976 3.927459e-08
977 3.333032e-08
978 2.733740e-08
979 2.181118e-08
980 1.704452e-08
981 1.303826e-08
982 9.674749e-09
983 6.930562e-09
984 4.888547e-09
985 3.453741e-09
986 2.427465e-09
987 1.725991e-09
988 1.249939e-09
989 9.238992e-10
990 6.954883e-10
991 5.308471e-10
992 4.069070e-10
993 3.100250e-10
994 2.326167e-10
995 1.704448e-10
996 1.212633e-10
997 0.000000e+00
998 0.000000e+00
999 0.000000e+00
1000 4.000612e-08
1001 3.509818e-08
1002 2.971739e-08
1003 2.435140e-08
1004 1.942201e-08
1005 1.515256e-08
1006 1.156145e-08
1007 8.572477e-09
1008 6.164253e-09
1009 4.359443e-09
1010 3.080353e-09
1011 2.173316e-09
1012 1.548653e-09
1013 1.122793e-09
1014 8.303040e-10
1015 6.245392e-10
1016 4.754152e-10
1017 3.630485e-10
1018 2.754835e-10
1019 2.057363e-10
1020 1.501452e-10
1021 1.065168e-10
1022 0.000000e+00
1023 0.000000e+00
1024 0.000000e+00
1025 4.352180e-08
1026 3.846543e-08
1027 3.279522e-08
1028 2.703141e-08
1029 2.165822e-08
1030 1.696482e-08
1031 1.300403e-08
1032 9.697966e-09
1033 7.005531e-09
1034 4.955289e-09
1035 3.497992e-09
1036 2.463227e-09
1037 1.747693e-09
1038 1.259587e-09
1039 9.262622e-10
1040 6.934679e-10
1041 5.262768e-10
1042 4.015603e-10
1043 3.051952e-10
1044 2.288422e-10
1045 1.679860e-10
1046 1.199977e-10
1047 0.000000e+00
1048 0.000000e+00
1049 0.000000e+00
1050 4.636190e-08
1051 4.117456e-08
1052 3.527053e-08
1053 2.918383e-08
1054 2.345346e-08
1055 1.841637e-08
1056 1.415826e-08
1057 1.059899e-08
1058 7.677019e-09
1059 5.429648e-09
1060 3.829816e-09
1061 2.693990e-09
1062 1.905747e-09
1063 1.368795e-09
1064 1.002803e-09
1065 7.484319e-10
1066 5.669525e-10
1067 4.324621e-10
1068 3.290961e-10
1069 2.474555e-10
1070 1.823532e-10
1071 1.308838e-10
1072 0.000000e+00
1073 0.000000e+00
1074 0.000000e+00
1075 4.881487e-08
1076 4.351990e-08
1077 3.740453e-08
1078 3.104278e-08
1079 2.499987e-08
1080 1.966570e-08
1081 1.515300e-08
1082 1.137489e-08
1083 8.254719e-09
1084 5.837765e-09
1085 4.116631e-09
1086 2.892813e-09
1087 2.041880e-09
1088 1.462232e-09
1089 1.068836e-09
1090 7.957736e-10
1091 6.020124e-10
1092 4.591650e-10
1093 3.497450e-10
1094 2.634970e-10
1095 1.947385e-10
1096 1.402467e-10
1097 0.000000e+00
1098 0.000000e+00
1099 0.000000e+00
1100 5.198052e-08
1101 4.654142e-08
1102 4.016169e-08
1103 3.343952e-08
1104 2.699552e-08
1105 2.128004e-08
1106 1.643916e-08
1107 1.237723e-08
1108 9.002029e-09
1109 6.365424e-09
1110 4.485453e-09
1111 3.149404e-09
1112 2.217792e-09
1113 1.583477e-09
1114 1.154259e-09
1115 8.569872e-10
1116 6.473057e-10
1117 4.935741e-10
1118 3.763468e-10
1119 2.842114e-10
1120 2.107978e-10
1121 1.523330e-10
1122 0.000000e+00
1123 0.000000e+00
1124 0.000000e+00
1125 4.805530e-08
1126 4.288990e-08
1127 3.692828e-08
1128 3.071363e-08
1129 2.478734e-08
1130 1.952842e-08
1131 1.505809e-08
1132 1.131967e-08
1133 8.245137e-09
1134 5.850654e-09
1135 4.123253e-09
1136 2.901358e-09
1137 2.046882e-09
1138 1.463899e-09
1139 1.067350e-09
1140 7.926772e-10
1141 5.979115e-10
1142 4.547636e-10
1143 3.456890e-10
1144 2.601132e-10
1145 1.921725e-10
1146 1.385029e-10
1147 0.000000e+00
1148 0.000000e+00
1149 0.000000e+00
1150 5.176253e-08
1151 4.651065e-08
1152 4.031148e-08
1153 3.373194e-08
1154 2.735754e-08
1155 2.163536e-08
1156 1.674647e-08
1157 1.265213e-08
1158 9.263768e-09
1159 6.588964e-09
1160 4.638927e-09
1161 3.262141e-09
1162 2.293350e-09
1163 1.632756e-09
1164 1.183546e-09
1165 8.743919e-10
1166 6.568192e-10
1167 4.984599e-10
1168 3.789162e-10
1169 2.857376e-10
1170 2.119895e-10
1171 1.536769e-10
1172 0.000000e+00
1173 0.000000e+00
1174 0.000000e+00
1175 5.494036e-08
1176 4.960959e-08
1177 4.320090e-08
1178 3.630397e-08
1179 2.954317e-08
1180 2.342343e-08
1181 1.818040e-08
1182 1.378290e-08
1183 1.012776e-08
1184 7.212611e-09
1185 5.074866e-09
1186 3.566845e-09
1187 2.501334e-09
1188 1.774610e-09
1189 1.281899e-09
1190 9.435557e-10
1191 7.066995e-10
1192 5.355726e-10
1193 4.071921e-10
1194 3.075818e-10
1195 2.288940e-10
1196 1.666082e-10
1197 0.000000e+00
1198 0.000000e+00
1199 0.000000e+00
1200 5.903787e-08
1201 5.360278e-08
1202 4.693104e-08
1203 3.962285e-08
1204 3.236424e-08
1205 2.573309e-08
1206 2.003141e-08
1207 1.524244e-08
1208 1.124283e-08
1209 8.018022e-09
1210 5.636072e-09
1211 3.960081e-09
1212 2.769808e-09
1213 1.958280e-09
1214 1.408760e-09
1215 1.032759e-09
1216 7.711653e-10
1217 5.835565e-10
1218 4.436484e-10
1219 3.357837e-10
1220 2.506813e-10
1221 1.832991e-10
1222 0.000000e+00
1223 0.000000e+00
1224 0.000000e+00
1225 5.640417e-08
1226 5.110600e-08
1227 4.470169e-08
1228 3.772303e-08
1229 3.081915e-08
1230 2.451059e-08
1231 1.907015e-08
1232 1.449815e-08
1233 1.069869e-08
1234 7.652762e-09
1235 5.386623e-09
1236 3.784375e-09
1237 2.652140e-09
1238 1.876863e-09
1239 1.349646e-09
1240 9.894432e-10
1241 7.380774e-10
1242 5.574632e-10
1243 4.229550e-10
1244 3.193091e-10
1245 2.378397e-10
1246 1.735385e-10
1247 0.000000e+00
1248 0.000000e+00
1249 0.000000e+00
1250 6.041653e-08
1251 5.509544e-08
1252 4.848958e-08
1253 4.117407e-08
1254 3.381358e-08
1255 2.700150e-08
1256 2.108295e-08
1257 1.609692e-08
1258 1.194119e-08
1259 8.574165e-09
1260 6.036098e-09
1261 4.237243e-09
1262 2.963723e-09
1263 2.088343e-09
1264 1.493905e-09
1265 1.089331e-09
1266 8.084940e-10
1267 6.086369e-10
1268 4.611076e-10
1269 3.483851e-10
1270 2.601826e-10
1271 1.906907e-10
1272 0.000000e+00
1273 0.000000e+00
1274 0.000000e+00
1275 6.554573e-08
1276 6.019218e-08
1277 5.334326e-08
1278 4.558595e-08
1279 3.763742e-08
1280 3.017961e-08
1281 2.364758e-08
1282 1.813379e-08
1283 1.352313e-08
1284 9.745562e-09
1285 6.858127e-09
1286 4.810669e-09
1287 3.358784e-09
1288 2.356839e-09
1289 1.676851e-09
1290 1.215990e-09
1291 8.980370e-10
1292 6.736967e-10
1293 5.096782e-10
1294 3.854457e-10
1295 2.887403e-10
1296 2.126410e-10
1297 0.000000e+00
1298 0.000000e+00
1299 0.000000e+00
1300 6.534747e-08
1301 6.006946e-08
1302 5.331738e-08
1303 4.565132e-08
1304 3.777278e-08
1305 3.034775e-08
1306 2.381150e-08
1307 1.827690e-08
1308 1.365392e-08
1309 9.872100e-09
1310 6.964310e-09
1311 4.882667e-09
1312 3.411940e-09
1313 2.391695e-09
1314 1.698826e-09
1315 1.229331e-09
1316 9.054930e-10
1317 6.775063e-10
1318 5.113864e-10
1319 3.860402e-10
1320 2.888669e-10
1321 2.126671e-10
1322 0.000000e+00
1323 0.000000e+00
1324 0.000000e+00
1325 7.169396e-08
1326 6.647959e-08
1327 5.954300e-08
1328 5.142178e-08
1329 4.287842e-08
1330 3.466318e-08
1331 2.733249e-08
1332 2.109090e-08
1333 1.586308e-08
1334 1.154678e-08
1335 8.162401e-09
1336 5.716120e-09
1337 3.990537e-09
1338 2.783351e-09
1339 1.963709e-09
1340 1.409859e-09
1341 1.030921e-09
1342 7.663361e-10
1343 5.762273e-10
1344 4.347834e-10
1345 3.259567e-10
1346 2.409864e-10
1347 0.000000e+00
1348 0.000000e+00
1349 0.000000e+00
1350 8.012825e-08
1351 7.516040e-08
1352 6.816113e-08
1353 5.962917e-08
1354 5.033696e-08
1355 4.112187e-08
1356 3.269595e-08
1357 2.541787e-08
1358 1.929651e-08
1359 1.420966e-08
1360 1.012909e-08
1361 7.092301e-09
1362 4.946713e-09
1363 3.434313e-09
1364 2.401444e-09
1365 1.703240e-09
1366 1.230214e-09
1367 9.036903e-10
1368 6.732810e-10
1369 5.052893e-10
1370 3.783838e-10
1371 2.806060e-10
1372 0.000000e+00
1373 0.000000e+00
1374 0.000000e+00
1375 5.908906e-07
1376 4.836169e-07
1377 3.868423e-07
1378 3.032421e-07
1379 2.304604e-07
1380 1.679503e-07
1381 1.193323e-07
1382 8.455005e-08
1383 5.948742e-08
1384 0.000000e+00
1385 0.000000e+00
1386 0.000000e+00
1387 0.000000e+00
1388 0.000000e+00
1389 0.000000e+00
1390 0.000000e+00
1391 0.000000e+00
1392 0.000000e+00
1393 0.000000e+00
1394 0.000000e+00
1395 0.000000e+00
1396 0.000000e+00
1397 0.000000e+00
1398 0.000000e+00
1399 0.000000e+00
1400 7.949611e-07
1401 6.574280e-07
1402 5.297117e-07
1403 4.186886e-07
1404 3.225951e-07
1405 2.387195e-07
1406 1.705736e-07
1407 1.209027e-07
1408 8.514670e-08
1409 0.000000e+00
1410 0.000000e+00
1411 0.000000e+00
1412 0.000000e+00
1413 0.000000e+00
1414 0.000000e+00
1415 0.000000e+00
1416 0.000000e+00
1417 0.000000e+00
1418 0.000000e+00
1419 0.000000e+00
1420 0.000000e+00
1421 0.000000e+00
1422 0.000000e+00
1423 0.000000e+00
1424 0.000000e+00
1425 9.062470e-07
1426 7.522671e-07
1427 6.077306e-07
1428 4.817683e-07
1429 3.728720e-07
1430 2.773001e-07
1431 1.985938e-07
1432 1.408039e-07
1433 9.917839e-08
1434 0.000000e+00
1435 0.000000e+00
1436 0.000000e+00
1437 0.000000e+00
1438 0.000000e+00
1439 0.000000e+00
1440 0.000000e+00
1441 0.000000e+00
1442 0.000000e+00
1443 0.000000e+00
1444 0.000000e+00
1445 0.000000e+00
1446 0.000000e+00
1447 0.000000e+00
1448 0.000000e+00
1449 0.000000e+00
1450 9.816274e-07
1451 8.164782e-07
1452 6.605464e-07
1453 5.244609e-07
1454 4.068957e-07
1455 3.033914e-07
1456 2.175363e-07
1457 1.542508e-07
1458 1.086600e-07
1459 0.000000e+00
1460 0.000000e+00
1461 0.000000e+00
1462 0.000000e+00
1463 0.000000e+00
1464 0.000000e+00
1465 0.000000e+00
1466 0.000000e+00
1467 0.000000e+00
1468 0.000000e+00
1469 0.000000e+00
1470 0.000000e+00
1471 0.000000e+00
1472 0.000000e+00
1473 0.000000e+00
1474 0.000000e+00
1475 1.038977e-06
1476 8.653126e-07
1477 7.007273e-07
1478 5.569472e-07
1479 4.327730e-07
1480 3.232431e-07
1481 2.319467e-07
1482 1.644784e-07
1483 1.158746e-07
1484 0.000000e+00
1485 0.000000e+00
1486 0.000000e+00
1487 0.000000e+00
1488 0.000000e+00
1489 0.000000e+00
1490 0.000000e+00
1491 0.000000e+00
1492 0.000000e+00
1493 0.000000e+00
1494 0.000000e+00
1495 0.000000e+00
1496 0.000000e+00
1497 0.000000e+00
1498 0.000000e+00
1499 0.000000e+00
1500 1.085711e-06
1501 9.051478e-07
1502 7.334811e-07
1503 5.834267e-07
1504 4.538729e-07
1505 3.394346e-07
1506 2.437022e-07
1507 1.728177e-07
1508 1.217584e-07
1509 0.000000e+00
1510 0.000000e+00
1511 0.000000e+00
1512 0.000000e+00
1513 0.000000e+00
1514 0.000000e+00
1515 0.000000e+00
1516 0.000000e+00
1517 0.000000e+00
1518 0.000000e+00
1519 0.000000e+00
1520 0.000000e+00
1521 0.000000e+00
1522 0.000000e+00
1523 0.000000e+00
1524 0.000000e+00
1525 1.123891e-06
1526 9.376680e-07
1527 7.602241e-07
1528 6.050396e-07
1529 4.711040e-07
1530 3.526349e-07
1531 2.532895e-07
1532 1.796374e-07
1533 1.265606e-07
1534 0.000000e+00
1535 0.000000e+00
1536 0.000000e+00
1537 0.000000e+00
1538 0.000000e+00
1539 0.000000e+00
1540 0.000000e+00
1541 0.000000e+00
1542 0.000000e+00
1543 0.000000e+00
1544 0.000000e+00
1545 0.000000e+00
1546 0.000000e+00
1547 0.000000e+00
1548 0.000000e+00
1549 0.000000e+00
1550 1.156872e-06
1551 9.657425e-07
1552 7.833283e-07
1553 6.237188e-07
1554 4.859821e-07
1555 3.640635e-07
1556 2.615751e-07
1557 1.855157e-07
1558 1.307106e-07
1559 0.000000e+00
1560 0.000000e+00
1561 0.000000e+00
1562 0.000000e+00
1563 0.000000e+00
1564 0.000000e+00
1565 0.000000e+00
1566 0.000000e+00
1567 0.000000e+00
1568 0.000000e+00
1569 0.000000e+00
1570 0.000000e+00
1571 0.000000e+00
1572 0.000000e+00
1573 0.000000e+00
1574 0.000000e+00
1575 1.199384e-06
1576 1.001937e-06
1577 8.131214e-07
1578 6.477811e-07
1579 5.051677e-07
1580 3.787681e-07
1581 2.722472e-07
1582 1.931043e-07
1583 1.360562e-07
1584 0.000000e+00
1585 0.000000e+00
1586 0.000000e+00
1587 0.000000e+00
1588 0.000000e+00
1589 0.000000e+00
1590 0.000000e+00
1591 0.000000e+00
1592 0.000000e+00
1593 0.000000e+00
1594 0.000000e+00
1595 0.000000e+00
1596 0.000000e+00
1597 0.000000e+00
1598 0.000000e+00
1599 0.000000e+00
1600 2.763486e-07
1601 2.538532e-07
1602 2.182699e-07
1603 1.794301e-07
1604 1.467024e-07
1605 1.206653e-07
1606 9.375518e-08
1607 6.671403e-08
1608 4.773172e-08
1609 3.340995e-08
1610 2.289465e-08
1611 1.560235e-08
1612 0.000000e+00
1613 0.000000e+00
1614 0.000000e+00
1615 0.000000e+00
1616 0.000000e+00
1617 0.000000e+00
1618 0.000000e+00
1619 0.000000e+00
1620 0.000000e+00
1621 0.000000e+00
1622 0.000000e+00
1623 0.000000e+00
1624 0.000000e+00
1625 4.406497e-07
1626 4.094248e-07
1627 3.561207e-07
1628 2.946767e-07
1629 2.406265e-07
1630 1.978306e-07
1631 1.560187e-07
1632 1.126668e-07
1633 8.013710e-08
1634 5.654134e-08
1635 3.878579e-08
1636 2.639333e-08
1637 0.000000e+00
1638 0.000000e+00
1639 0.000000e+00
1640 0.000000e+00
1641 0.000000e+00
1642 0.000000e+00
1643 0.000000e+00
1644 0.000000e+00
1645 0.000000e+00
1646 0.000000e+00
1647 0.000000e+00
1648 0.000000e+00
1649 0.000000e+00
1650 5.499097e-07
1651 5.129743e-07
1652 4.479910e-07
1653 3.716012e-07
1654 3.033936e-07
1655 2.493682e-07
1656 1.975760e-07
1657 1.434319e-07
1658 1.018915e-07
1659 7.202912e-08
1660 4.944793e-08
1661 3.363847e-08
1662 0.000000e+00
1663 0.000000e+00
1664 0.000000e+00
1665 0.000000e+00
1666 0.000000e+00
1667 0.000000e+00
1668 0.000000e+00
1669 0.000000e+00
1670 0.000000e+00
1671 0.000000e+00
1672 0.000000e+00
1673 0.000000e+00
1674 0.000000e+00
1675 6.322341e-07
1676 5.909383e-07
1677 5.171224e-07
1678 4.294748e-07
1679 3.505929e-07
1680 2.881378e-07
1681 2.288287e-07
1682 1.665427e-07
1683 1.182323e-07
1684 8.366296e-08
1685 5.745516e-08
1686 3.907864e-08
1687 0.000000e+00
1688 0.000000e+00
1689 0.000000e+00
1690 0.000000e+00
1691 0.000000e+00
1692 0.000000e+00
1693 0.000000e+00
1694 0.000000e+00
1695 0.000000e+00
1696 0.000000e+00
1697 0.000000e+00
1698 0.000000e+00
1699 0.000000e+00
1700 6.993395e-07
1701 6.544971e-07
1702 5.734784e-07
1703 4.766371e-07
1704 3.890726e-07
1705 3.197359e-07
1706 2.542958e-07
1707 1.853752e-07
1708 1.315485e-07
1709 9.314447e-08
1710 6.398032e-08
1711 4.351214e-08
1712 0.000000e+00
1713 0.000000e+00
1714 0.000000e+00
1715 0.000000e+00
1716 0.000000e+00
1717 0.000000e+00
1718 0.000000e+00
1719 0.000000e+00
1720 0.000000e+00
1721 0.000000e+00
1722 0.000000e+00
1723 0.000000e+00
1724 0.000000e+00
1725 7.541310e-07
1726 7.063801e-07
1727 6.194898e-07
1728 5.151487e-07
1729 4.204829e-07
1730 3.455372e-07
1731 2.750933e-07
1732 2.007489e-07
1733 1.424185e-07
1734 1.008837e-07
1735 6.930622e-08
1736 4.713056e-08
1737 0.000000e+00
1738 0.000000e+00
1739 0.000000e+00
1740 0.000000e+00
1741 0.000000e+00
1742 0.000000e+00
1743 0.000000e+00
1744 0.000000e+00
1745 0.000000e+00
1746 0.000000e+00
1747 0.000000e+00
1748 0.000000e+00
1749 0.000000e+00
1750 8.014401e-07
1751 7.511959e-07
1752 6.592180e-07
1753 5.483936e-07
1754 4.476037e-07
1755 3.678112e-07
1756 2.930449e-07
1757 2.140270e-07
1758 1.518055e-07
1759 1.075675e-07
1760 7.390680e-08
1761 5.025563e-08
1762 0.000000e+00
1763 0.000000e+00
1764 0.000000e+00
1765 0.000000e+00
1766 0.000000e+00
1767 0.000000e+00
1768 0.000000e+00
1769 0.000000e+00
1770 0.000000e+00
1771 0.000000e+00
1772 0.000000e+00
1773 0.000000e+00
1774 0.000000e+00
1775 8.623824e-07
1776 8.089249e-07
1777 7.104037e-07
1778 5.912357e-07
1779 4.825441e-07
1780 3.965154e-07
1781 3.161769e-07
1782 2.311343e-07
1783 1.639014e-07
1784 1.161796e-07
1785 7.983369e-08
1786 5.428285e-08
1787 0.000000e+00
1788 0.000000e+00
1789 0.000000e+00
1790 0.000000e+00
1791 0.000000e+00
1792 0.000000e+00
1793 0.000000e+00
1794 0.000000e+00
1795 0.000000e+00
1796 0.000000e+00
1797 0.000000e+00
1798 0.000000e+00
1799 0.000000e+00
1800 1.672451e-07
1801 1.659587e-07
1802 1.542772e-07
1803 1.336021e-07
1804 1.097207e-07
1805 8.929814e-08
1806 7.403330e-08
1807 5.839675e-08
1808 4.101437e-08
1809 2.946641e-08
1810 2.047673e-08
1811 1.398887e-08
1812 9.396754e-09
1813 0.000000e+00
1814 0.000000e+00
1815 0.000000e+00
1816 0.000000e+00
1817 0.000000e+00
1818 0.000000e+00
1819 0.000000e+00
1820 0.000000e+00
1821 0.000000e+00
1822 0.000000e+00
1823 0.000000e+00
1824 0.000000e+00
1825 2.850923e-07
1826 2.847661e-07
1827 2.671790e-07
1828 2.336860e-07
1829 1.931106e-07
1830 1.569830e-07
1831 1.298005e-07
1832 1.037249e-07
1833 7.400061e-08
1834 5.260525e-08
1835 3.695277e-08
1836 2.524309e-08
1837 1.693542e-08
1838 0.000000e+00
1839 0.000000e+00
1840 0.000000e+00
1841 0.000000e+00
1842 0.000000e+00
1843 0.000000e+00
1844 0.000000e+00
1845 0.000000e+00
1846 0.000000e+00
1847 0.000000e+00
1848 0.000000e+00
1849 0.000000e+00
1850 3.730135e-07
1851 3.734832e-07
1852 3.515737e-07
1853 3.086248e-07
1854 2.556452e-07
1855 2.077786e-07
1856 1.716250e-07
1857 1.377092e-07
1858 9.883084e-08
1859 7.004161e-08
1860 4.935694e-08
1861 3.372008e-08
1862 2.262169e-08
1863 0.000000e+00
1864 0.000000e+00
1865 0.000000e+00
1866 0.000000e+00
1867 0.000000e+00
1868 0.000000e+00
1869 0.000000e+00
1870 0.000000e+00
1871 0.000000e+00
1872 0.000000e+00
1873 0.000000e+00
1874 0.000000e+00
1875 4.438296e-07
1876 4.449064e-07
1877 4.194972e-07
1878 3.688901e-07
1879 3.059156e-07
1880 2.486069e-07
1881 2.052519e-07
1882 1.650278e-07
1883 1.187670e-07
1884 8.404633e-08
1885 5.931689e-08
1886 4.052675e-08
1887 2.718641e-08
1888 0.000000e+00
1889 0.000000e+00
1890 0.000000e+00
1891 0.000000e+00
1892 0.000000e+00
1893 0.000000e+00
1894 0.000000e+00
1895 0.000000e+00
1896 0.000000e+00
1897 0.000000e+00
1898 0.000000e+00
1899 0.000000e+00
1900 5.016160e-07
1901 5.031888e-07
1902 4.749119e-07
1903 4.180620e-07
1904 3.469304e-07
1905 2.819188e-07
1906 2.326877e-07
1907 1.873136e-07
1908 1.350279e-07
1909 9.547179e-08
1910 6.743937e-08
1911 4.607766e-08
1912 3.091025e-08
1913 0.000000e+00
1914 0.000000e+00
1915 0.000000e+00
1916 0.000000e+00
1917 0.000000e+00
1918 0.000000e+00
1919 0.000000e+00
1920 0.000000e+00
1921 0.000000e+00
1922 0.000000e+00
1923 0.000000e+00
1924 0.000000e+00
1925 5.515197e-07
1926 5.535234e-07
1927 5.227612e-07
1928 4.605331e-07
1929 3.823506e-07
1930 3.106881e-07
1931 2.563810e-07
1932 2.065591e-07
1933 1.490710e-07
1934 1.053371e-07
1935 7.445384e-08
1936 5.087187e-08
1937 3.412484e-08
1938 0.000000e+00
1939 0.000000e+00
1940 0.000000e+00
1941 0.000000e+00
1942 0.000000e+00
1943 0.000000e+00
1944 0.000000e+00
1945 0.000000e+00
1946 0.000000e+00
1947 0.000000e+00
1948 0.000000e+00
1949 0.000000e+00
1950 6.158404e-07
1951 6.183888e-07
1952 5.844428e-07
1953 5.152677e-07
1954 4.280098e-07
1955 3.477706e-07
1956 2.869297e-07
1957 2.313686e-07
1958 1.671765e-07
1959 1.180530e-07
1960 8.349781e-08
1961 5.705217e-08
1962 3.826916e-08
1963 0.000000e+00
1964 0.000000e+00
1965 0.000000e+00
1966 0.000000e+00
1967 0.000000e+00
1968 0.000000e+00
1969 0.000000e+00
1970 0.000000e+00
1971 0.000000e+00
1972 0.000000e+00
1973 0.000000e+00
1974 0.000000e+00
1975 1.154169e-07
1976 1.196685e-07
1977 1.174372e-07
1978 1.076229e-07
1979 9.185831e-08
1980 7.482080e-08
1981 6.104607e-08
1982 5.071940e-08
1983 3.894840e-08
1984 2.677791e-08
1985 1.949214e-08
1986 1.327526e-08
1987 8.957028e-09
1988 5.998771e-09
1989 0.000000e+00
1990 0.000000e+00
1991 0.000000e+00
1992 0.000000e+00
1993 0.000000e+00
1994 0.000000e+00
1995 0.000000e+00
1996 0.000000e+00
1997 0.000000e+00
1998 0.000000e+00
1999 0.000000e+00
2000 2.056304e-07
2001 2.139533e-07
2002 2.112848e-07
2003 1.952745e-07
2004 1.680815e-07
2005 1.374641e-07
2006 1.118614e-07
2007 9.284697e-08
2008 7.248809e-08
2009 5.025311e-08
2010 3.627515e-08
2011 2.487762e-08
2012 1.684660e-08
2013 1.122719e-08
2014 0.000000e+00
2015 0.000000e+00
2016 0.000000e+00
2017 0.000000e+00
2018 0.000000e+00
2019 0.000000e+00
2020 0.000000e+00
2021 0.000000e+00
2022 0.000000e+00
2023 0.000000e+00
2024 0.000000e+00
2025 2.777763e-07
2026 2.894065e-07
2027 2.864432e-07
2028 2.655633e-07
2029 2.292662e-07
2030 1.878121e-07
2031 1.527062e-07
2032 1.266998e-07
2033 9.944553e-08
2034 6.919815e-08
2035 4.978667e-08
2036 3.424605e-08
2037 2.321017e-08
2038 1.544605e-08
2039 0.000000e+00
2040 0.000000e+00
2041 0.000000e+00
2042 0.000000e+00
2043 0.000000e+00
2044 0.000000e+00
2045 0.000000e+00
2046 0.000000e+00
2047 0.000000e+00
2048 0.000000e+00
2049 0.000000e+00
2050 3.359560e-07
2051 3.502808e-07
2052 3.470134e-07
2053 3.221651e-07
2054 2.785575e-07
2055 2.283431e-07
2056 1.856057e-07
2057 1.539505e-07
2058 1.211405e-07
2059 8.442837e-08
2060 6.065908e-08
2061 4.177740e-08
2062 2.832599e-08
2063 1.883857e-08
2064 0.000000e+00
2065 0.000000e+00
2066 0.000000e+00
2067 0.000000e+00
2068 0.000000e+00
2069 0.000000e+00
2070 0.000000e+00
2071 0.000000e+00
2072 0.000000e+00
2073 0.000000e+00
2074 0.000000e+00
2075 3.862068e-07
2076 4.028072e-07
2077 3.993075e-07
2078 3.710480e-07
2079 3.210958e-07
2080 2.633303e-07
2081 2.139970e-07
2082 1.774788e-07
2083 1.398667e-07
2084 9.757647e-08
2085 7.004418e-08
2086 4.827931e-08
2087 3.274151e-08
2088 2.176722e-08
2089 0.000000e+00
2090 0.000000e+00
2091 0.000000e+00
2092 0.000000e+00
2093 0.000000e+00
2094 0.000000e+00
2095 0.000000e+00
2096 0.000000e+00
2097 0.000000e+00
2098 0.000000e+00
2099 0.000000e+00
2100 4.509811e-07
2101 4.705153e-07
2102 4.667552e-07
2103 4.340893e-07
2104 3.759550e-07
2105 3.084484e-07
2106 2.506094e-07
2107 2.078125e-07
2108 1.640141e-07
2109 1.145300e-07
2110 8.214903e-08
2111 5.666280e-08
2112 3.843634e-08
2113 2.554324e-08
2114 0.000000e+00
2115 0.000000e+00
2116 0.000000e+00
2117 0.000000e+00
2118 0.000000e+00
2119 0.000000e+00
2120 0.000000e+00
2121 0.000000e+00
2122 0.000000e+00
2123 0.000000e+00
2124 0.000000e+00
2125 8.719769e-08
2126 9.302279e-08
2127 9.471834e-08
2128 9.083508e-08
2129 8.108009e-08
2130 6.768606e-08
2131 5.477429e-08
2132 4.511533e-08
2133 3.713225e-08
2134 2.695086e-08
2135 1.865501e-08
2136 1.328801e-08
2137 9.042869e-09
2138 5.954619e-09
2139 3.991155e-09
2140 0.000000e+00
2141 0.000000e+00
2142 0.000000e+00
2143 0.000000e+00
2144 0.000000e+00
2145 0.000000e+00
2146 0.000000e+00
2147 0.000000e+00
2148 0.000000e+00
2149 0.000000e+00
2150 1.600886e-07
2151 1.711017e-07
2152 1.749331e-07
2153 1.688162e-07
2154 1.518292e-07
2155 1.275426e-07
2156 1.033430e-07
2157 8.482167e-08
2158 7.006570e-08
2159 5.174238e-08
2160 3.560064e-08
2161 2.556582e-08
2162 1.734105e-08
2163 1.146716e-08
2164 7.656075e-09
2165 0.000000e+00
2166 0.000000e+00
2167 0.000000e+00
2168 0.000000e+00
2169 0.000000e+00
2170 0.000000e+00
2171 0.000000e+00
2172 0.000000e+00
2173 0.000000e+00
2174 0.000000e+00
2175 2.182863e-07
2176 2.334586e-07
2177 2.390161e-07
2178 2.311496e-07
2179 2.084383e-07
2180 1.754814e-07
2181 1.422609e-07
2182 1.166330e-07
2183 9.643973e-08
2184 7.163396e-08
2185 4.922035e-08
2186 3.541253e-08
2187 2.400441e-08
2188 1.589719e-08
2189 1.059876e-08
2190 0.000000e+00
2191 0.000000e+00
2192 0.000000e+00
2193 0.000000e+00
2194 0.000000e+00
2195 0.000000e+00
2196 0.000000e+00
2197 0.000000e+00
2198 0.000000e+00
2199 0.000000e+00
2200 2.680280e-07
2201 2.867544e-07
2202 2.937823e-07
2203 2.843917e-07
2204 2.567724e-07
2205 2.164024e-07
2206 1.754775e-07
2207 1.437872e-07
2208 1.189528e-07
2209 8.860543e-08
2210 6.083752e-08
2211 4.381238e-08
2212 2.968851e-08
2213 1.967484e-08
2214 1.310906e-08
2215 0.000000e+00
2216 0.000000e+00
2217 0.000000e+00
2218 0.000000e+00
2219 0.000000e+00
2220 0.000000e+00
2221 0.000000e+00
2222 0.000000e+00
2223 0.000000e+00
2224 0.000000e+00
2225 3.321308e-07
2226 3.554296e-07
2227 3.643523e-07
2228 3.530212e-07
2229 3.190768e-07
2230 2.691461e-07
2231 2.182941e-07
2232 1.787850e-07
2233 1.479701e-07
2234 1.104690e-07
2235 7.580527e-08
2236 5.463520e-08
2237 3.701165e-08
2238 2.454213e-08
2239 1.634326e-08
2240 0.000000e+00
2241 0.000000e+00
2242 0.000000e+00
2243 0.000000e+00
2244 0.000000e+00
2245 0.000000e+00
2246 0.000000e+00
2247 0.000000e+00
2248 0.000000e+00
2249 0.000000e+00
2250 7.000648e-08
2251 7.625007e-08
2252 7.977775e-08
2253 7.927541e-08
2254 7.371587e-08
2255 6.366419e-08
2256 5.203873e-08
2257 4.221424e-08
2258 3.512775e-08
2259 2.768467e-08
2260 1.895373e-08
2261 1.375872e-08
2262 9.288844e-09
2263 6.263155e-09
2264 4.109844e-09
2265 0.000000e+00
2266 0.000000e+00
2267 0.000000e+00
2268 0.000000e+00
2269 0.000000e+00
2270 0.000000e+00
2271 0.000000e+00
2272 0.000000e+00
2273 0.000000e+00
2274 0.000000e+00
2275 1.285435e-07
2276 1.401184e-07
2277 1.469526e-07
2278 1.466280e-07
2279 1.371776e-07
2280 1.192605e-07
2281 9.784485e-08
2282 7.926820e-08
2283 6.582908e-08
2284 5.246101e-08
2285 3.629809e-08
2286 2.605586e-08
2287 1.774354e-08
2288 1.199075e-08
2289 7.840259e-09
2290 0.000000e+00
2291 0.000000e+00
2292 0.000000e+00
2293 0.000000e+00
2294 0.000000e+00
2295 0.000000e+00
2296 0.000000e+00
2297 0.000000e+00
2298 0.000000e+00
2299 0.000000e+00
2300 1.777679e-07
2301 1.938319e-07
2302 2.034643e-07
2303 2.033155e-07
2304 1.906027e-07
2305 1.660823e-07
2306 1.364387e-07
2307 1.104915e-07
2308 9.169344e-08
2309 7.333115e-08
2310 5.093030e-08
2311 3.642219e-08
2312 2.488070e-08
2313 1.682175e-08
2314 1.098841e-08
2315 0.000000e+00
2316 0.000000e+00
2317 0.000000e+00
2318 0.000000e+00
2319 0.000000e+00
2320 0.000000e+00
2321 0.000000e+00
2322 0.000000e+00
2323 0.000000e+00
2324 0.000000e+00
2325 2.407263e-07
2326 2.625352e-07
2327 2.757316e-07
2328 2.757869e-07
2329 2.588933e-07
2330 2.259151e-07
2331 1.857464e-07
2332 1.503834e-07
2333 1.247436e-07
2334 9.998999e-08
2335 6.961068e-08
2336 4.966320e-08
2337 3.399151e-08
2338 2.298963e-08
2339 1.500786e-08
2340 0.000000e+00
2341 0.000000e+00
2342 0.000000e+00
2343 0.000000e+00
2344 0.000000e+00
2345 0.000000e+00
2346 0.000000e+00
2347 0.000000e+00
2348 0.000000e+00
2349 0.000000e+00
2350 5.577535e-08
2351 6.179841e-08
2352 6.606079e-08
2353 6.745620e-08
2354 6.493111e-08
2355 5.819875e-08
2356 4.869217e-08
2357 3.935839e-08
2358 3.235703e-08
2359 2.677266e-08
2360 1.951522e-08
2361 1.334106e-08
2362 9.502908e-09
2363 6.417567e-09
2364 4.166823e-09
2365 2.750301e-09
2366 0.000000e+00
2367 0.000000e+00
2368 0.000000e+00
2369 0.000000e+00
2370 0.000000e+00
2371 0.000000e+00
2372 0.000000e+00
2373 0.000000e+00
2374 0.000000e+00
2375 1.051509e-07
2376 1.164843e-07
2377 1.247055e-07
2378 1.277594e-07
2379 1.235713e-07
2380 1.113839e-07
2381 9.364314e-08
2382 7.577935e-08
2383 6.212304e-08
2384 5.151165e-08
2385 3.807417e-08
2386 2.590619e-08
2387 1.860643e-08
2388 1.251374e-08
2389 8.158905e-09
2390 5.371297e-09
2391 0.000000e+00
2392 0.000000e+00
2393 0.000000e+00
2394 0.000000e+00
2395 0.000000e+00
2396 0.000000e+00
2397 0.000000e+00
2398 0.000000e+00
2399 0.000000e+00
2400 1.667763e-07
2401 1.847457e-07
2402 1.979101e-07
2403 2.030308e-07
2404 1.967701e-07
2405 1.777823e-07
2406 1.497655e-07
2407 1.212559e-07
2408 9.929237e-08
2409 8.239785e-08
2410 6.124598e-08
2411 4.160605e-08
2412 2.996912e-08
2413 2.012649e-08
2414 1.314516e-08
2415 8.644267e-09
2416 0.000000e+00
2417 0.000000e+00
2418 0.000000e+00
2419 0.000000e+00
2420 0.000000e+00
2421 0.000000e+00
2422 0.000000e+00
2423 0.000000e+00
2424 0.000000e+00
2425 4.677061e-08
2426 5.252407e-08
2427 5.709565e-08
2428 5.965634e-08
2429 5.919939e-08
2430 5.491245e-08
2431 4.727716e-08
2432 3.856966e-08
2433 3.127623e-08
2434 2.605218e-08
2435 2.043039e-08
2436 1.386611e-08
2437 1.011186e-08
2438 6.732210e-09
2439 4.487221e-09
2440 2.910507e-09
2441 0.000000e+00
2442 0.000000e+00
2443 0.000000e+00
2444 0.000000e+00
2445 0.000000e+00
2446 0.000000e+00
2447 0.000000e+00
2448 0.000000e+00
2449 0.000000e+00
2450 1.081660e-07
2451 1.213870e-07
2452 1.320807e-07
2453 1.382867e-07
2454 1.377460e-07
2455 1.285107e-07
2456 1.112930e-07
2457 9.104644e-08
2458 7.372687e-08
2459 6.131908e-08
2460 4.863467e-08
2461 3.328200e-08
2462 2.404445e-08
2463 1.611022e-08
2464 1.078330e-08
2465 6.964343e-09
2466 0.000000e+00
2467 0.000000e+00
2468 0.000000e+00
2469 0.000000e+00
2470 0.000000e+00
2471 0.000000e+00
2472 0.000000e+00
2473 0.000000e+00
2474 0.000000e+00
2475 5.994039e-08
2476 6.805428e-08
2477 7.510310e-08
2478 7.998017e-08
2479 8.134093e-08
2480 7.798032e-08
2481 6.959090e-08
2482 5.797878e-08
2483 4.681304e-08
2484 3.855077e-08
2485 3.183994e-08
2486 2.293111e-08
2487 1.573659e-08
2488 1.104618e-08
2489 7.429440e-09
2490 4.751469e-09
2491 3.089108e-09
2492 0.000000e+00
2493 0.000000e+00
2494 0.000000e+00
2495 0.000000e+00
2496 0.000000e+00
2497 0.000000e+00
2498 0.000000e+00
2499 0.000000e+00
2500 3.909070e-05
2501 3.239820e-05
2502 2.622457e-05
2503 2.089739e-05
2504 1.619501e-05
2505 1.194213e-05
2506 8.499201e-06
2507 6.027876e-06
2508 4.217981e-06
2509 0.000000e+00
2510 0.000000e+00
2511 0.000000e+00
2512 0.000000e+00
2513 0.000000e+00
2514 0.000000e+00
2515 0.000000e+00
2516 0.000000e+00
2517 0.000000e+00
2518 0.000000e+00
2519 0.000000e+00
2520 0.000000e+00
2521 0.000000e+00
2522 0.000000e+00
2523 0.000000e+00
2524 0.000000e+00
2525 2.494025e-05
2526 2.344182e-05
2527 2.056494e-05
2528 1.703650e-05
2529 1.385422e-05
2530 1.145418e-05
2531 9.208344e-06
2532 6.631145e-06
2533 4.717209e-06
2534 3.340411e-06
2535 2.295488e-06
2536 1.552692e-06
2537 0.000000e+00
2538 0.000000e+00
2539 0.000000e+00
2540 0.000000e+00
2541 0.000000e+00
2542 0.000000e+00
2543 0.000000e+00
2544 0.000000e+00
2545 0.000000e+00
2546 0.000000e+00
2547 0.000000e+00
2548 0.000000e+00
2549 0.000000e+00
2550 1.681805e-05
2551 1.691818e-05
2552 1.602286e-05
2553 1.413424e-05
2554 1.171631e-05
2555 9.491891e-06
2556 7.849076e-06
2557 6.384177e-06
2558 4.571704e-06
2559 3.231865e-06
2560 2.281153e-06
2561 1.564558e-06
2562 1.043547e-06
2563 0.000000e+00
2564 0.000000e+00
2565 0.000000e+00
2566 0.000000e+00
2567 0.000000e+00
2568 0.000000e+00
2569 0.000000e+00
2570 0.000000e+00
2571 0.000000e+00
2572 0.000000e+00
2573 0.000000e+00
2574 0.000000e+00
2575 1.226852e-05
2576 1.281055e-05
2577 1.273278e-05
2578 1.186434e-05
2579 1.028041e-05
2580 8.421893e-06
2581 6.828784e-06
2582 5.677821e-06
2583 4.508660e-06
2584 3.118417e-06
2585 2.258599e-06
2586 1.545077e-06
2587 1.052124e-06
2588 6.976530e-07
2589 0.000000e+00
2590 0.000000e+00
2591 0.000000e+00
2592 0.000000e+00
2593 0.000000e+00
2594 0.000000e+00
2595 0.000000e+00
2596 0.000000e+00
2597 0.000000e+00
2598 0.000000e+00
2599 0.000000e+00
2600 9.395358e-06
2601 1.005751e-05
2602 1.032240e-05
2603 1.001753e-05
2604 9.069768e-06
2605 7.655745e-06
2606 6.201162e-06
2607 5.073790e-06
2608 4.219075e-06
2609 3.158223e-06
2610 2.145554e-06
2611 1.561100e-06
2612 1.055706e-06
2613 6.979587e-07
2614 4.655340e-07
2615 0.000000e+00
2616 0.000000e+00
2617 0.000000e+00
2618 0.000000e+00
2619 0.000000e+00
2620 0.000000e+00
2621 0.000000e+00
2622 0.000000e+00
2623 0.000000e+00
2624 0.000000e+00
2625 7.340290e-06
2626 8.000942e-06
2627 8.407215e-06
2628 8.424714e-06
2629 7.930440e-06
2630 6.931224e-06
2631 5.697679e-06
2632 4.606347e-06
2633 3.822931e-06
2634 3.084661e-06
2635 2.142449e-06
2636 1.531224e-06
2637 1.043747e-06
2638 7.091740e-07
2639 4.615384e-07
2640 0.000000e+00
2641 0.000000e+00
2642 0.000000e+00
2643 0.000000e+00
2644 0.000000e+00
2645 0.000000e+00
2646 0.000000e+00
2647 0.000000e+00
2648 0.000000e+00
2649 0.000000e+00
2650 5.810623e-06
2651 6.431068e-06
2652 6.894635e-06
2653 7.084509e-06
2654 6.878536e-06
2655 6.229883e-06
2656 5.258944e-06
2657 4.255572e-06
2658 3.480047e-06
2659 2.896729e-06
2660 2.165892e-06
2661 1.458768e-06
2662 1.059763e-06
2663 7.104391e-07
2664 4.634678e-07
2665 3.050158e-07
2666 0.000000e+00
2667 0.000000e+00
2668 0.000000e+00
2669 0.000000e+00
2670 0.000000e+00
2671 0.000000e+00
2672 0.000000e+00
2673 0.000000e+00
2674 0.000000e+00
2675 4.828958e-06
2676 5.412989e-06
2677 5.888470e-06
2678 6.171438e-06
2679 6.164895e-06
2680 5.773482e-06
2681 5.012130e-06
2682 4.104042e-06
2683 3.318707e-06
2684 2.760174e-06
2685 2.205116e-06
2686 1.511263e-06
2687 1.091678e-06
2688 7.299764e-07
2689 4.906035e-07
2690 3.160483e-07
2691 0.000000e+00
2692 0.000000e+00
2693 0.000000e+00
2694 0.000000e+00
2695 0.000000e+00
2696 0.000000e+00
2697 0.000000e+00
2698 0.000000e+00
2699 0.000000e+00
2700 3.957169e-06
2701 4.481273e-06
2702 4.945213e-06
2703 5.276079e-06
2704 5.378971e-06
2705 5.174965e-06
2706 4.641721e-06
2707 3.881732e-06
2708 3.132898e-06
2709 2.574362e-06
2710 2.137094e-06
2711 1.555991e-06
2712 1.056399e-06
2713 7.494408e-07
2714 5.034790e-07
2715 3.217485e-07
2716 2.092899e-07
2717 0.000000e+00
2718 0.000000e+00
2719 0.000000e+00
2720 0.000000e+00
2721 0.000000e+00
2722 0.000000e+00
2723 0.000000e+00
2724 0.000000e+00
2725 2.894918e-06
2726 3.324069e-06
2727 3.724474e-06
2728 4.049720e-06
2729 4.242073e-06
2730 4.228899e-06
2731 3.948049e-06
2732 3.422152e-06
2733 2.799684e-06
2734 2.265306e-06
2735 1.883731e-06
2736 1.496661e-06
2737 1.023149e-06
2738 7.390146e-07
2739 4.922823e-07
2740 3.271251e-07
2741 2.086096e-07
2742 1.330872e-07
2743 0.000000e+00
2744 0.000000e+00
2745 0.000000e+00
2746 0.000000e+00
2747 0.000000e+00
2748 0.000000e+00
2749 0.000000e+00
