0 1.786679e-09
1 1.348873e-09
2 1.000878e-09
3 7.387305e-10
4 5.489510e-10
5 4.108816e-10
6 3.103522e-10
7 2.370734e-10
8 1.820730e-10
9 1.398691e-10
10 1.067025e-10
11 8.030165e-11
12 5.927287e-11
13 4.271756e-11
14 2.997061e-11
15 2.044613e-11
16 0.000000e+00
17 0.000000e+00
18 0.000000e+00
19 0.000000e+00
20 0.000000e+00
21 0.000000e+00
22 0.000000e+00
23 0.000000e+00
24 0.000000e+00
25 2.935671e-09
26 2.244253e-09
27 1.677240e-09
28 1.229313e-09
29 8.997276e-10
30 6.676191e-10
31 4.995543e-10
32 3.783052e-10
33 2.900110e-10
34 2.235424e-10
35 1.721070e-10
36 1.313328e-10
37 9.861530e-11
38 7.243653e-11
39 5.181004e-11
40 3.598543e-11
41 0.000000e+00
42 0.000000e+00
43 0.000000e+00
44 0.000000e+00
45 0.000000e+00
46 0.000000e+00
47 0.000000e+00
48 0.000000e+00
49 0.000000e+00
50 3.108199e-09
51 2.371588e-09
52 1.769082e-09
53 1.289691e-09
54 9.350824e-10
55 6.905611e-10
56 5.175813e-10
57 3.919871e-10
58 3.014857e-10
59 2.333394e-10
60 1.804511e-10
61 1.382568e-10
62 1.041333e-10
63 7.661229e-11
64 5.479144e-11
65 3.796971e-11
66 0.000000e+00
67 0.000000e+00
68 0.000000e+00
69 0.000000e+00
70 0.000000e+00
71 0.000000e+00
72 0.000000e+00
73 0.000000e+00
74 0.000000e+00
75 3.204986e-09
76 2.441965e-09
77 1.819402e-09
78 1.322269e-09
79 9.539179e-10
80 7.022218e-10
81 5.265762e-10
82 3.990121e-10
83 3.074001e-10
84 2.385333e-10
85 1.849304e-10
86 1.420152e-10
87 1.071549e-10
88 7.890641e-11
89 5.642796e-11
90 3.904959e-11
91 0.000000e+00
92 0.000000e+00
93 0.000000e+00
94 0.000000e+00
95 0.000000e+00
96 0.000000e+00
97 0.000000e+00
98 0.000000e+00
99 0.000000e+00
100 3.274606e-09
101 2.493023e-09
102 1.856124e-09
103 1.346417e-09
104 9.681567e-10
105 7.112802e-10
106 5.334986e-10
107 4.043586e-10
108 3.118493e-10
109 2.423526e-10
110 1.882327e-10
111 1.447597e-10
112 1.093489e-10
113 8.057708e-11
114 5.762374e-11
115 3.984397e-11
116 0.000000e+00
117 0.000000e+00
118 0.000000e+00
119 0.000000e+00
120 0.000000e+00
121 0.000000e+00
122 0.000000e+00
123 0.000000e+00
124 0.000000e+00
125 3.328772e-09
126 2.532815e-09
127 1.884809e-09
128 1.365320e-09
129 9.793243e-10
130 7.184328e-10
131 5.389608e-10
132 4.085908e-10
133 3.153697e-10
134 2.453673e-10
135 1.907925e-10
136 1.469003e-10
137 1.110617e-10
138 8.187906e-11
139 5.855256e-11
140 4.046609e-11
141 0.000000e+00
142 0.000000e+00
143 0.000000e+00
144 0.000000e+00
145 0.000000e+00
146 0.000000e+00
147 0.000000e+00
148 0.000000e+00
149 0.000000e+00
150 3.373681e-09
151 2.566000e-09
152 1.908429e-09
153 1.380883e-09
154 9.884832e-10
155 7.242438e-10
156 5.434375e-10
157 4.120431e-10
158 3.182427e-10
159 2.478468e-10
160 1.929125e-10
161 1.486792e-10
162 1.124812e-10
163 8.295179e-11
164 5.932050e-11
165 4.097657e-11
166 0.000000e+00
167 0.000000e+00
168 0.000000e+00
169 0.000000e+00
170 0.000000e+00
171 0.000000e+00
172 0.000000e+00
173 0.000000e+00
174 0.000000e+00
175 3.413964e-09
176 2.595239e-09
177 1.929688e-09
178 1.394795e-09
179 9.967584e-10
180 7.294625e-10
181 5.474825e-10
182 4.151747e-10
183 3.208318e-10
184 2.500304e-10
185 1.948026e-10
186 1.502538e-10
187 1.137376e-10
188 8.391636e-11
189 6.000745e-11
190 4.142820e-11
191 0.000000e+00
192 0.000000e+00
193 0.000000e+00
194 0.000000e+00
195 0.000000e+00
196 0.000000e+00
197 0.000000e+00
198 0.000000e+00
199 0.000000e+00
200 3.452356e-09
201 2.623655e-09
202 1.949989e-09
203 1.408176e-09
204 1.004619e-09
205 7.345722e-10
206 5.513592e-10
207 4.181694e-10
208 3.233266e-10
209 2.522256e-10
210 1.966503e-10
211 1.517786e-10
212 1.149612e-10
213 8.484611e-11
214 6.067180e-11
215 4.187732e-11
216 0.000000e+00
217 0.000000e+00
218 0.000000e+00
219 0.000000e+00
220 0.000000e+00
221 0.000000e+00
222 0.000000e+00
223 0.000000e+00
224 0.000000e+00
225 3.499506e-09
226 2.658123e-09
227 1.974804e-09
228 1.424353e-09
229 1.014249e-09
230 7.407192e-10
231 5.560354e-10
232 4.217747e-10
233 3.263601e-10
234 2.548064e-10
235 1.988784e-10
236 1.536367e-10
237 1.164428e-10
238 8.596834e-11
239 6.147644e-11
240 4.241552e-11
241 0.000000e+00
242 0.000000e+00
243 0.000000e+00
244 0.000000e+00
245 0.000000e+00
246 0.000000e+00
247 0.000000e+00
248 0.000000e+00
249 0.000000e+00
250 7.251942e-09
251 5.718502e-09
252 4.426349e-09
253 3.347828e-09
254 2.469321e-09
255 1.802934e-09
256 1.325667e-09
257 9.792203e-10
258 7.319291e-10
259 5.539813e-10
260 4.235220e-10
261 3.251686e-10
262 2.489427e-10
263 1.886090e-10
264 1.404511e-10
265 1.022570e-10
266 0.000000e+00
267 0.000000e+00
268 0.000000e+00
269 0.000000e+00
270 0.000000e+00
271 0.000000e+00
272 0.000000e+00
273 0.000000e+00
274 0.000000e+00
275 8.888097e-09
276 7.047833e-09
277 5.490150e-09
278 4.188424e-09
279 3.110910e-09
280 2.266525e-09
281 1.657974e-09
282 1.221778e-09
283 9.067331e-10
284 6.830700e-10
285 5.202367e-10
286 3.990242e-10
287 3.060723e-10
288 2.329899e-10
289 1.747262e-10
290 1.283450e-10
291 0.000000e+00
292 0.000000e+00
293 0.000000e+00
294 0.000000e+00
295 0.000000e+00
296 0.000000e+00
297 0.000000e+00
298 0.000000e+00
299 0.000000e+00
300 9.711132e-09
301 7.706141e-09
302 6.010530e-09
303 4.596540e-09
304 3.419009e-09
305 2.485404e-09
306 1.811466e-09
307 1.334339e-09
308 9.879374e-10
309 7.433972e-10
310 5.659888e-10
311 4.344659e-10
312 3.337442e-10
313 2.546344e-10
314 1.915010e-10
315 1.410755e-10
316 0.000000e+00
317 0.000000e+00
318 0.000000e+00
319 0.000000e+00
320 0.000000e+00
321 0.000000e+00
322 0.000000e+00
323 0.000000e+00
324 0.000000e+00
325 1.027543e-08
326 8.156666e-09
327 6.366324e-09
328 4.874602e-09
329 3.628629e-09
330 2.633718e-09
331 1.914957e-09
332 1.409860e-09
333 1.042787e-09
334 7.840732e-10
335 5.969631e-10
336 4.584705e-10
337 3.525956e-10
338 2.694080e-10
339 2.029553e-10
340 1.497789e-10
341 0.000000e+00
342 0.000000e+00
343 0.000000e+00
344 0.000000e+00
345 0.000000e+00
346 0.000000e+00
347 0.000000e+00
348 0.000000e+00
349 0.000000e+00
350 1.071598e-08
351 8.508501e-09
352 6.644208e-09
353 5.091787e-09
354 3.792621e-09
355 2.749721e-09
356 1.996008e-09
357 1.469118e-09
358 1.085719e-09
359 8.159719e-10
360 6.211971e-10
361 4.772562e-10
362 3.673172e-10
363 2.809403e-10
364 2.118904e-10
365 1.565658e-10
366 0.000000e+00
367 0.000000e+00
368 0.000000e+00
369 0.000000e+00
370 0.000000e+00
371 0.000000e+00
372 0.000000e+00
373 0.000000e+00
374 0.000000e+00
375 1.108261e-08
376 8.800642e-09
377 6.873379e-09
378 5.271700e-09
379 3.928041e-09
380 2.845778e-09
381 2.063299e-09
382 1.518206e-09
383 1.121301e-09
384 8.423217e-10
385 6.412188e-10
386 4.928900e-10
387 3.795865e-10
388 2.905516e-10
389 2.193454e-10
390 1.622262e-10
391 0.000000e+00
392 0.000000e+00
393 0.000000e+00
394 0.000000e+00
395 0.000000e+00
396 0.000000e+00
397 0.000000e+00
398 0.000000e+00
399 0.000000e+00
400 1.140416e-08
401 9.058613e-09
402 7.078114e-09
403 5.432131e-09
404 4.049117e-09
405 2.931543e-09
406 2.123169e-09
407 1.562026e-09
408 1.153045e-09
409 8.658458e-10
410 6.591727e-10
411 5.066936e-10
412 3.903080e-10
413 2.989511e-10
414 2.258459e-10
415 1.671750e-10
416 0.000000e+00
417 0.000000e+00
418 0.000000e+00
419 0.000000e+00
420 0.000000e+00
421 0.000000e+00
422 0.000000e+00
423 0.000000e+00
424 0.000000e+00
425 1.172211e-08
426 9.310441e-09
427 7.277017e-09
428 5.587670e-09
429 4.166329e-09
430 3.015222e-09
431 2.181335e-09
432 1.604511e-09
433 1.183824e-09
434 8.887136e-10
435 6.765349e-10
436 5.201671e-10
437 4.009087e-10
438 3.072754e-10
439 2.322995e-10
440 1.720633e-10
441 0.000000e+00
442 0.000000e+00
443 0.000000e+00
444 0.000000e+00
445 0.000000e+00
446 0.000000e+00
447 0.000000e+00
448 0.000000e+00
449 0.000000e+00
450 1.210406e-08
451 9.617101e-09
452 7.519368e-09
453 5.776997e-09
454 4.309333e-09
455 3.116102e-09
456 2.252237e-09
457 1.656310e-09
458 1.221374e-09
459 9.165012e-10
460 6.976457e-10
461 5.364973e-10
462 4.137354e-10
463 3.173008e-10
464 2.400836e-10
465 1.779788e-10
466 0.000000e+00
467 0.000000e+00
468 0.000000e+00
469 0.000000e+00
470 0.000000e+00
471 0.000000e+00
472 0.000000e+00
473 0.000000e+00
474 0.000000e+00
475 1.222436e-08
476 9.841396e-09
477 7.759013e-09
478 6.006697e-09
479 4.547990e-09
480 3.354931e-09
481 2.441129e-09
482 1.787768e-09
483 1.314727e-09
484 9.775615e-10
485 7.359515e-10
486 5.599770e-10
487 4.283207e-10
488 3.270963e-10
489 2.475330e-10
490 1.843984e-10
491 0.000000e+00
492 0.000000e+00
493 0.000000e+00
494 0.000000e+00
495 0.000000e+00
496 0.000000e+00
497 0.000000e+00
498 0.000000e+00
499 0.000000e+00
500 1.417854e-08
501 1.148809e-08
502 9.099382e-09
503 7.080334e-09
504 5.396329e-09
505 4.004695e-09
506 2.912564e-09
507 2.124650e-09
508 1.559724e-09
509 1.153010e-09
510 8.645676e-10
511 6.555815e-10
512 5.006965e-10
513 3.826439e-10
514 2.904600e-10
515 2.174534e-10
516 0.000000e+00
517 0.000000e+00
518 0.000000e+00
519 0.000000e+00
520 0.000000e+00
521 0.000000e+00
522 0.000000e+00
523 0.000000e+00
524 0.000000e+00
525 1.545610e-08
526 1.255538e-08
527 9.962232e-09
528 7.767712e-09
529 5.938196e-09
530 4.416772e-09
531 3.208229e-09
532 2.334236e-09
533 1.712894e-09
534 1.262359e-09
535 9.452659e-10
536 7.157953e-10
537 5.466458e-10
538 4.181276e-10
539 3.179776e-10
540 2.386736e-10
541 0.000000e+00
542 0.000000e+00
543 0.000000e+00
544 0.000000e+00
545 0.000000e+00
546 0.000000e+00
547 0.000000e+00
548 0.000000e+00
549 0.000000e+00
550 1.643180e-08
551 1.336857e-08
552 1.061888e-08
553 8.289265e-09
554 6.348443e-09
555 4.729014e-09
556 3.431975e-09
557 2.491864e-09
558 1.828031e-09
559 1.344839e-09
560 1.006070e-09
561 7.612993e-10
562 5.813503e-10
563 4.450053e-10
564 3.388564e-10
565 2.548074e-10
566 0.000000e+00
567 0.000000e+00
568 0.000000e+00
569 0.000000e+00
570 0.000000e+00
571 0.000000e+00
572 0.000000e+00
573 0.000000e+00
574 0.000000e+00
575 1.724340e-08
576 1.404423e-08
577 1.116455e-08
578 8.723417e-09
579 6.689666e-09
580 4.988260e-09
581 3.617832e-09
582 2.623955e-09
583 1.923974e-09
584 1.413757e-09
585 1.056658e-09
586 7.991524e-10
587 6.102350e-10
588 4.673602e-10
589 3.562098e-10
590 2.681739e-10
591 0.000000e+00
592 0.000000e+00
593 0.000000e+00
594 0.000000e+00
595 0.000000e+00
596 0.000000e+00
597 0.000000e+00
598 0.000000e+00
599 0.000000e+00
600 1.796772e-08
601 1.464769e-08
602 1.165067e-08
603 9.110057e-09
604 6.994635e-09
605 5.220211e-09
606 3.783562e-09
607 2.741407e-09
608 2.009447e-09
609 1.475169e-09
610 1.101730e-09
611 8.329322e-10
612 6.361412e-10
613 4.873980e-10
614 3.717627e-10
615 2.801639e-10
616 0.000000e+00
617 0.000000e+00
618 0.000000e+00
619 0.000000e+00
620 0.000000e+00
621 0.000000e+00
622 0.000000e+00
623 0.000000e+00
624 0.000000e+00
625 1.866821e-08
626 1.523132e-08
627 1.212278e-08
628 9.485463e-09
629 7.290198e-09
630 5.444526e-09
631 3.945583e-09
632 2.855604e-09
633 2.092565e-09
634 1.534465e-09
635 1.145469e-09
636 8.656894e-10
637 6.610491e-10
638 5.066789e-10
639 3.867125e-10
640 2.917172e-10
641 0.000000e+00
642 0.000000e+00
643 0.000000e+00
644 0.000000e+00
645 0.000000e+00
646 0.000000e+00
647 0.000000e+00
648 0.000000e+00
649 0.000000e+00
650 1.952265e-08
651 1.594703e-08
652 1.269849e-08
653 9.943507e-09
654 7.651759e-09
655 5.719323e-09
656 4.141312e-09
657 2.993964e-09
658 2.193864e-09
659 1.607191e-09
660 1.199137e-09
661 9.057160e-10
662 6.917039e-10
663 5.303062e-10
664 4.050263e-10
665 3.058570e-10
666 0.000000e+00
667 0.000000e+00
668 0.000000e+00
669 0.000000e+00
670 0.000000e+00
671 0.000000e+00
672 0.000000e+00
673 0.000000e+00
674 0.000000e+00
675 1.736853e-08
676 1.426256e-08
677 1.140907e-08
678 8.948665e-09
679 6.888569e-09
680 5.178252e-09
681 3.795043e-09
682 2.755296e-09
683 2.015646e-09
684 1.479359e-09
685 1.099705e-09
686 8.271010e-10
687 6.282922e-10
688 4.792206e-10
689 3.644779e-10
690 2.744404e-10
691 0.000000e+00
692 0.000000e+00
693 0.000000e+00
694 0.000000e+00
695 0.000000e+00
696 0.000000e+00
697 0.000000e+00
698 0.000000e+00
699 0.000000e+00
700 1.959491e-08
701 1.620459e-08
702 1.303028e-08
703 1.026165e-08
704 7.936762e-09
705 6.001647e-09
706 4.417633e-09
707 3.201907e-09
708 2.336159e-09
709 1.710571e-09
710 1.265287e-09
711 9.480194e-10
712 7.181026e-10
713 5.471004e-10
714 4.164499e-10
715 3.144215e-10
716 0.000000e+00
717 0.000000e+00
718 0.000000e+00
719 0.000000e+00
720 0.000000e+00
721 0.000000e+00
722 0.000000e+00
723 0.000000e+00
724 0.000000e+00
725 2.124879e-08
726 1.763820e-08
727 1.421914e-08
728 1.122067e-08
729 8.698697e-09
730 6.600633e-09
731 4.867152e-09
732 3.522150e-09
733 2.565194e-09
734 1.876422e-09
735 1.383971e-09
736 1.035127e-09
737 7.829685e-10
738 5.963605e-10
739 4.543330e-10
740 3.436335e-10
741 0.000000e+00
742 0.000000e+00
743 0.000000e+00
744 0.000000e+00
745 0.000000e+00
746 0.000000e+00
747 0.000000e+00
748 0.000000e+00
749 0.000000e+00
750 2.260614e-08
751 1.881230e-08
752 1.519339e-08
753 1.200427e-08
754 9.323080e-09
755 7.088764e-09
756 5.234837e-09
757 3.783472e-09
758 2.751713e-09
759 2.011524e-09
760 1.480594e-09
761 1.106122e-09
762 8.360053e-10
763 6.366360e-10
764 4.852741e-10
765 3.674975e-10
766 0.000000e+00
767 0.000000e+00
768 0.000000e+00
769 0.000000e+00
770 0.000000e+00
771 0.000000e+00
772 0.000000e+00
773 0.000000e+00
774 0.000000e+00
775 2.381905e-08
776 1.986186e-08
777 1.606363e-08
778 1.270532e-08
779 9.881060e-09
780 7.527124e-09
781 5.563204e-09
782 4.017196e-09
783 2.919008e-09
784 2.132297e-09
785 1.567133e-09
786 1.169563e-09
787 8.832392e-10
788 6.725948e-10
789 5.129172e-10
790 3.888726e-10
791 0.000000e+00
792 0.000000e+00
793 0.000000e+00
794 0.000000e+00
795 0.000000e+00
796 0.000000e+00
797 0.000000e+00
798 0.000000e+00
799 0.000000e+00
800 2.499410e-08
801 2.087923e-08
802 1.690743e-08
803 1.338474e-08
804 1.042121e-08
805 7.949771e-09
806 5.881468e-09
807 4.243998e-09
808 3.080597e-09
809 2.249375e-09
810 1.650797e-09
811 1.231004e-09
812 9.291318e-10
813 7.074443e-10
814 5.397240e-10
815 4.095066e-10
816 0.000000e+00
817 0.000000e+00
818 0.000000e+00
819 0.000000e+00
820 0.000000e+00
821 0.000000e+00
822 0.000000e+00
823 0.000000e+00
824 0.000000e+00
825 2.642688e-08
826 2.212135e-08
827 1.793703e-08
828 1.421456e-08
829 1.108235e-08
830 8.467179e-09
831 6.270544e-09
832 4.520849e-09
833 3.278675e-09
834 2.392425e-09
835 1.753026e-09
836 1.306252e-09
837 9.852718e-10
838 7.499934e-10
839 5.724576e-10
840 4.347680e-10
841 0.000000e+00
842 0.000000e+00
843 0.000000e+00
844 0.000000e+00
845 0.000000e+00
846 0.000000e+00
847 0.000000e+00
848 0.000000e+00
849 0.000000e+00
850 2.286630e-08
851 1.914100e-08
852 1.554287e-08
853 1.232815e-08
854 9.597820e-09
855 7.321906e-09
856 5.443358e-09
857 3.957232e-09
858 2.872711e-09
859 2.098795e-09
860 1.540832e-09
861 1.146844e-09
862 8.633167e-10
863 6.551248e-10
864 4.981762e-10
865 3.769099e-10
866 0.000000e+00
867 0.000000e+00
868 0.000000e+00
869 0.000000e+00
870 0.000000e+00
871 0.000000e+00
872 0.000000e+00
873 0.000000e+00
874 0.000000e+00
875 2.538523e-08
876 2.140390e-08
877 1.748253e-08
878 1.392503e-08
879 1.088114e-08
880 8.341151e-09
881 6.235200e-09
882 4.542763e-09
883 3.288624e-09
884 2.398991e-09
885 1.754661e-09
886 1.301078e-09
887 9.756067e-10
888 7.386765e-10
889 5.613821e-10
890 4.252039e-10
891 0.000000e+00
892 0.000000e+00
893 0.000000e+00
894 0.000000e+00
895 0.000000e+00
896 0.000000e+00
897 0.000000e+00
898 0.000000e+00
899 0.000000e+00
900 2.741191e-08
901 2.321635e-08
902 1.902875e-08
903 1.519409e-08
904 1.189954e-08
905 9.147820e-09
906 6.860633e-09
907 5.002878e-09
908 3.614165e-09
909 2.634337e-09
910 1.922316e-09
911 1.422049e-09
912 1.064178e-09
913 8.046291e-10
914 6.113691e-10
915 4.634896e-10
916 0.000000e+00
917 0.000000e+00
918 0.000000e+00
919 0.000000e+00
920 0.000000e+00
921 0.000000e+00
922 0.000000e+00
923 0.000000e+00
924 0.000000e+00
925 2.921234e-08
926 2.482556e-08
927 2.040363e-08
928 1.632024e-08
929 1.280224e-08
930 9.863704e-09
931 7.413251e-09
932 5.410044e-09
933 3.901883e-09
934 2.841802e-09
935 2.070274e-09
936 1.528662e-09
937 1.142015e-09
938 8.629623e-10
939 6.556137e-10
940 4.974166e-10
941 0.000000e+00
942 0.000000e+00
943 0.000000e+00
944 0.000000e+00
945 0.000000e+00
946 0.000000e+00
947 0.000000e+00
948 0.000000e+00
949 0.000000e+00
950 3.096219e-08
951 2.639096e-08
952 2.173583e-08
953 1.741181e-08
954 1.367771e-08
955 1.055883e-08
956 7.951865e-09
957 5.806297e-09
958 4.181756e-09
959 3.043925e-09
960 2.214341e-09
961 1.632611e-09
962 1.218077e-09
963 9.195092e-10
964 6.986062e-10
965 5.304011e-10
966 0.000000e+00
967 0.000000e+00
968 0.000000e+00
969 0.000000e+00
970 0.000000e+00
971 0.000000e+00
972 0.000000e+00
973 0.000000e+00
974 0.000000e+00
975 3.309003e-08
976 2.829621e-08
977 2.335732e-08
978 1.874239e-08
979 1.474469e-08
980 1.140448e-08
981 8.608692e-09
982 6.288057e-09
983 4.522223e-09
984 3.290158e-09
985 2.389616e-09
986 1.758825e-09
987 1.310497e-09
988 9.886386e-10
989 7.509677e-10
990 5.704445e-10
991 0.000000e+00
992 0.000000e+00
993 0.000000e+00
994 0.000000e+00
995 0.000000e+00
996 0.000000e+00
997 0.000000e+00
998 0.000000e+00
999 0.000000e+00
1000 2.886790e-08
1001 2.461408e-08
1002 2.030251e-08
1003 1.629223e-08
1004 1.280416e-08
1005 9.877883e-09
1006 7.446458e-09
1007 5.464370e-09
1008 3.950975e-09
1009 2.871582e-09
1010 2.093766e-09
1011 1.541627e-09
1012 1.148962e-09
1013 8.656795e-10
1014 6.560873e-10
1015 4.968538e-10
1016 0.000000e+00
1017 0.000000e+00
1018 0.000000e+00
1019 0.000000e+00
1020 0.000000e+00
1021 0.000000e+00
1022 0.000000e+00
1023 0.000000e+00
1024 0.000000e+00
1025 3.173904e-08
1026 2.725753e-08
1027 2.262998e-08
1028 1.824822e-08
1029 1.439541e-08
1030 1.114770e-08
1031 8.447473e-09
1032 6.226459e-09
1033 4.500643e-09
1034 3.262687e-09
1035 2.375144e-09
1036 1.740860e-09
1037 1.292917e-09
1038 9.709204e-10
1039 7.344375e-10
1040 5.560812e-10
1041 0.000000e+00
1042 0.000000e+00
1043 0.000000e+00
1044 0.000000e+00
1045 0.000000e+00
1046 0.000000e+00
1047 0.000000e+00
1048 0.000000e+00
1049 0.000000e+00
1050 3.425651e-08
1051 2.957510e-08
1052 2.465409e-08
1053 1.994397e-08
1054 1.577210e-08
1055 1.224623e-08
1056 9.310874e-09
1057 6.881743e-09
1058 4.971676e-09
1059 3.597188e-09
1060 2.615969e-09
1061 1.911308e-09
1062 1.416084e-09
1063 1.061315e-09
1064 8.019006e-10
1065 6.072711e-10
1066 0.000000e+00
1067 0.000000e+00
1068 0.000000e+00
1069 0.000000e+00
1070 0.000000e+00
1071 0.000000e+00
1072 0.000000e+00
1073 0.000000e+00
1074 0.000000e+00
1075 3.668494e-08
1076 3.180961e-08
1077 2.661462e-08
1078 2.158558e-08
1079 1.709941e-08
1080 1.330692e-08
1081 1.014601e-08
1082 7.515988e-09
1083 5.426468e-09
1084 3.920067e-09
1085 2.848607e-09
1086 2.075808e-09
1087 1.535243e-09
1088 1.148550e-09
1089 8.671629e-10
1090 6.567349e-10
1091 0.000000e+00
1092 0.000000e+00
1093 0.000000e+00
1094 0.000000e+00
1095 0.000000e+00
1096 0.000000e+00
1097 0.000000e+00
1098 0.000000e+00
1099 0.000000e+00
1100 3.965333e-08
1101 3.453745e-08
1102 2.900174e-08
1103 2.358478e-08
1104 1.872180e-08
1105 1.460333e-08
1106 1.116647e-08
1107 8.289515e-09
1108 5.980484e-09
1109 4.315548e-09
1110 3.132195e-09
1111 2.276807e-09
1112 1.680827e-09
1113 1.255344e-09
1114 9.468140e-10
1115 7.170880e-10
1116 0.000000e+00
1117 0.000000e+00
1118 0.000000e+00
1119 0.000000e+00
1120 0.000000e+00
1121 0.000000e+00
1122 0.000000e+00
1123 0.000000e+00
1124 0.000000e+00
1125 3.557784e-08
1126 3.088140e-08
1127 2.589366e-08
1128 2.104964e-08
1129 1.670566e-08
1130 1.300790e-08
1131 9.923703e-09
1132 7.373901e-09
1133 5.349427e-09
1134 3.863385e-09
1135 2.806808e-09
1136 2.045521e-09
1137 1.510493e-09
1138 1.127802e-09
1139 8.495643e-10
1140 6.420268e-10
1141 0.000000e+00
1142 0.000000e+00
1143 0.000000e+00
1144 0.000000e+00
1145 0.000000e+00
1146 0.000000e+00
1147 0.000000e+00
1148 0.000000e+00
1149 0.000000e+00
1150 3.899924e-08
1151 3.411521e-08
1152 2.879992e-08
1153 2.354996e-08
1154 1.876748e-08
1155 1.466585e-08
1156 1.123908e-08
1157 8.396522e-09
1158 6.107332e-09
1159 4.400811e-09
1160 3.191998e-09
1161 2.318347e-09
1162 1.704906e-09
1163 1.267805e-09
1164 9.523653e-10
1165 7.187489e-10
1166 0.000000e+00
1167 0.000000e+00
1168 0.000000e+00
1169 0.000000e+00
1170 0.000000e+00
1171 0.000000e+00
1172 0.000000e+00
1173 0.000000e+00
1174 0.000000e+00
1175 4.227066e-08
1176 3.719797e-08
1177 3.157517e-08
1178 2.592600e-08
1179 2.072235e-08
1180 1.623766e-08
1181 1.248843e-08
1182 9.366352e-09
1183 6.822627e-09
1184 4.906588e-09
1185 3.555119e-09
1186 2.575332e-09
1187 1.888133e-09
1188 1.399935e-09
1189 1.049476e-09
1190 7.914200e-10
1191 0.000000e+00
1192 0.000000e+00
1193 0.000000e+00
1194 0.000000e+00
1195 0.000000e+00
1196 0.000000e+00
1197 0.000000e+00
1198 0.000000e+00
1199 0.000000e+00
1200 4.625850e-08
1201 4.095809e-08
1202 3.495205e-08
1203 2.881951e-08
1204 2.310436e-08
1205 1.815345e-08
1206 1.400907e-08
1207 1.054527e-08
1208 7.692783e-09
1209 5.523170e-09
1210 3.996674e-09
1211 2.887708e-09
1212 2.111249e-09
1213 1.560765e-09
1214 1.167729e-09
1215 8.798188e-10
1216 0.000000e+00
1217 0.000000e+00
1218 0.000000e+00
1219 0.000000e+00
1220 0.000000e+00
1221 0.000000e+00
1222 0.000000e+00
1223 0.000000e+00
1224 0.000000e+00
1225 4.351283e-08
1226 3.847229e-08
1227 3.282149e-08
1228 2.708814e-08
1229 2.173917e-08
1230 1.708173e-08
1231 1.316961e-08
1232 9.917115e-09
1233 7.263238e-09
1234 5.231294e-09
1235 3.780575e-09
1236 2.738776e-09
1237 2.000150e-09
1238 1.478268e-09
1239 1.104409e-09
1240 8.304990e-10
1241 0.000000e+00
1242 0.000000e+00
1243 0.000000e+00
1244 0.000000e+00
1245 0.000000e+00
1246 0.000000e+00
1247 0.000000e+00
1248 0.000000e+00
1249 0.000000e+00
1250 4.789324e-08
1251 4.270373e-08
1252 3.673079e-08
1253 3.052460e-08
1254 2.463155e-08
1255 1.943486e-08
1256 1.504992e-08
1257 1.139861e-08
1258 8.390123e-09
1259 6.042986e-09
1260 4.355775e-09
1261 3.149512e-09
1262 2.288321e-09
1263 1.683868e-09
1264 1.252750e-09
1265 9.396310e-10
1266 0.000000e+00
1267 0.000000e+00
1268 0.000000e+00
1269 0.000000e+00
1270 0.000000e+00
1271 0.000000e+00
1272 0.000000e+00
1273 0.000000e+00
1274 0.000000e+00
1275 5.318741e-08
1276 4.781291e-08
1277 4.144090e-08
1278 3.466608e-08
1279 2.810846e-08
1280 2.226025e-08
1281 1.730706e-08
1282 1.317359e-08
1283 9.738142e-09
1284 7.013513e-09
1285 5.041488e-09
1286 3.639927e-09
1287 2.632268e-09
1288 1.929445e-09
1289 1.430262e-09
1290 1.069940e-09
1291 0.000000e+00
1292 0.000000e+00
1293 0.000000e+00
1294 0.000000e+00
1295 0.000000e+00
1296 0.000000e+00
1297 0.000000e+00
1298 0.000000e+00
1299 0.000000e+00
1300 5.374826e-08
1301 4.848540e-08
1302 4.220367e-08
1303 3.546487e-08
1304 2.888555e-08
1305 2.295043e-08
1306 1.788061e-08
1307 1.364697e-08
1308 1.013871e-08
1309 7.337252e-09
1310 5.269285e-09
1311 3.801498e-09
1312 2.745342e-09
1313 2.006148e-09
1314 1.481463e-09
1315 1.104538e-09
1316 0.000000e+00
1317 0.000000e+00
1318 0.000000e+00
1319 0.000000e+00
1320 0.000000e+00
1321 0.000000e+00
1322 0.000000e+00
1323 0.000000e+00
1324 0.000000e+00
1325 6.092568e-08
1326 5.558904e-08
1327 4.893342e-08
1328 4.155459e-08
1329 3.413655e-08
1330 2.729387e-08
1331 2.138066e-08
1332 1.642610e-08
1333 1.230094e-08
1334 8.943460e-09
1335 6.405840e-09
1336 4.609809e-09
1337 3.314038e-09
1338 2.405788e-09
1339 1.764838e-09
1340 1.308705e-09
1341 0.000000e+00
1342 0.000000e+00
1343 0.000000e+00
1344 0.000000e+00
1345 0.000000e+00
1346 0.000000e+00
1347 0.000000e+00
1348 0.000000e+00
1349 0.000000e+00
1350 7.142105e-08
1351 6.625686e-08
1352 5.936435e-08
1353 5.132122e-08
1354 4.285377e-08
1355 3.471149e-08
1356 2.745589e-08
1357 2.129731e-08
1358 1.615679e-08
1359 1.190992e-08
1360 8.562631e-09
1361 6.125262e-09
1362 4.390721e-09
1363 3.151268e-09
1364 2.286356e-09
1365 1.675592e-09
1366 0.000000e+00
1367 0.000000e+00
1368 0.000000e+00
1369 0.000000e+00
1370 0.000000e+00
1371 0.000000e+00
1372 0.000000e+00
1373 0.000000e+00
1374 0.000000e+00
1375 6.130071e-07
1376 5.073526e-07
1377 4.142718e-07
1378 3.393357e-07
1379 2.677515e-07
1380 1.957354e-07
1381 1.402885e-07
1382 1.015084e-07
1383 7.205809e-08
1384 5.196532e-08
1385 0.000000e+00
1386 0.000000e+00
1387 0.000000e+00
1388 0.000000e+00
1389 0.000000e+00
1390 0.000000e+00
1391 0.000000e+00
1392 0.000000e+00
1393 0.000000e+00
1394 0.000000e+00
1395 0.000000e+00
1396 0.000000e+00
1397 0.000000e+00
1398 0.000000e+00
1399 0.000000e+00
1400 7.604503e-07
1401 6.308147e-07
1402 5.148928e-07
1403 4.216859e-07
1404 3.342890e-07
1405 2.456417e-07
1406 1.757704e-07
1407 1.273068e-07
1408 9.033695e-08
1409 6.506386e-08
1410 0.000000e+00
1411 0.000000e+00
1412 0.000000e+00
1413 0.000000e+00
1414 0.000000e+00
1415 0.000000e+00
1416 0.000000e+00
1417 0.000000e+00
1418 0.000000e+00
1419 0.000000e+00
1420 0.000000e+00
1421 0.000000e+00
1422 0.000000e+00
1423 0.000000e+00
1424 0.000000e+00
1425 8.614264e-07
1426 7.152602e-07
1427 5.837511e-07
1428 4.780775e-07
1429 3.798019e-07
1430 2.797034e-07
1431 1.999877e-07
1432 1.449279e-07
1433 1.028128e-07
1434 7.400945e-08
1435 0.000000e+00
1436 0.000000e+00
1437 0.000000e+00
1438 0.000000e+00
1439 0.000000e+00
1440 0.000000e+00
1441 0.000000e+00
1442 0.000000e+00
1443 0.000000e+00
1444 0.000000e+00
1445 0.000000e+00
1446 0.000000e+00
1447 0.000000e+00
1448 0.000000e+00
1449 0.000000e+00
1450 9.393751e-07
1451 7.804888e-07
1452 6.368934e-07
1453 5.216051e-07
1454 4.149393e-07
1455 3.060025e-07
1456 2.186866e-07
1457 1.585239e-07
1458 1.124420e-07
1459 8.091412e-08
1460 0.000000e+00
1461 0.000000e+00
1462 0.000000e+00
1463 0.000000e+00
1464 0.000000e+00
1465 0.000000e+00
1466 0.000000e+00
1467 0.000000e+00
1468 0.000000e+00
1469 0.000000e+00
1470 0.000000e+00
1471 0.000000e+00
1472 0.000000e+00
1473 0.000000e+00
1474 0.000000e+00
1475 1.003825e-06
1476 8.344183e-07
1477 6.808550e-07
1478 5.576023e-07
1479 4.439883e-07
1480 3.277407e-07
1481 2.341455e-07
1482 1.697749e-07
1483 1.204061e-07
1484 8.662727e-08
1485 0.000000e+00
1486 0.000000e+00
1487 0.000000e+00
1488 0.000000e+00
1489 0.000000e+00
1490 0.000000e+00
1491 0.000000e+00
1492 0.000000e+00
1493 0.000000e+00
1494 0.000000e+00
1495 0.000000e+00
1496 0.000000e+00
1497 0.000000e+00
1498 0.000000e+00
1499 0.000000e+00
1500 1.061323e-06
1501 8.825247e-07
1502 7.200587e-07
1503 5.897138e-07
1504 4.699062e-07
1505 3.471331e-07
1506 2.479335e-07
1507 1.798109e-07
1508 1.275101e-07
1509 9.171733e-08
1510 0.000000e+00
1511 0.000000e+00
1512 0.000000e+00
1513 0.000000e+00
1514 0.000000e+00
1515 0.000000e+00
1516 0.000000e+00
1517 0.000000e+00
1518 0.000000e+00
1519 0.000000e+00
1520 0.000000e+00
1521 0.000000e+00
1522 0.000000e+00
1523 0.000000e+00
1524 0.000000e+00
1525 1.117112e-06
1526 9.291737e-07
1527 7.580895e-07
1528 6.208635e-07
1529 4.950533e-07
1530 3.659578e-07
1531 2.613152e-07
1532 1.895349e-07
1533 1.343996e-07
1534 9.665918e-08
1535 0.000000e+00
1536 0.000000e+00
1537 0.000000e+00
1538 0.000000e+00
1539 0.000000e+00
1540 0.000000e+00
1541 0.000000e+00
1542 0.000000e+00
1543 0.000000e+00
1544 0.000000e+00
1545 0.000000e+00
1546 0.000000e+00
1547 0.000000e+00
1548 0.000000e+00
1549 0.000000e+00
1550 1.185018e-06
1551 9.859775e-07
1552 8.043820e-07
1553 6.587504e-07
1554 5.256465e-07
1555 3.888667e-07
1556 2.776017e-07
1557 2.013828e-07
1558 1.427886e-07
1559 1.026728e-07
1560 0.000000e+00
1561 0.000000e+00
1562 0.000000e+00
1563 0.000000e+00
1564 0.000000e+00
1565 0.000000e+00
1566 0.000000e+00
1567 0.000000e+00
1568 0.000000e+00
1569 0.000000e+00
1570 0.000000e+00
1571 0.000000e+00
1572 0.000000e+00
1573 0.000000e+00
1574 0.000000e+00
1575 2.451838e-07
1576 2.171293e-07
1577 1.803722e-07
1578 1.460718e-07
1579 1.206992e-07
1580 9.897014e-08
1581 7.182601e-08
1582 5.085875e-08
1583 3.718541e-08
1584 2.598852e-08
1585 1.848954e-08
1586 1.334736e-08
1587 0.000000e+00
1588 0.000000e+00
1589 0.000000e+00
1590 0.000000e+00
1591 0.000000e+00
1592 0.000000e+00
1593 0.000000e+00
1594 0.000000e+00
1595 0.000000e+00
1596 0.000000e+00
1597 0.000000e+00
1598 0.000000e+00
1599 0.000000e+00
1600 4.418279e-07
1601 3.946476e-07
1602 3.300800e-07
1603 2.674296e-07
1604 2.199471e-07
1605 1.813177e-07
1606 1.343374e-07
1607 9.427603e-08
1608 6.931353e-08
1609 4.829329e-08
1610 3.438093e-08
1611 2.470148e-08
1612 0.000000e+00
1613 0.000000e+00
1614 0.000000e+00
1615 0.000000e+00
1616 0.000000e+00
1617 0.000000e+00
1618 0.000000e+00
1619 0.000000e+00
1620 0.000000e+00
1621 0.000000e+00
1622 0.000000e+00
1623 0.000000e+00
1624 0.000000e+00
1625 5.696752e-07
1626 5.101096e-07
1627 4.275271e-07
1628 3.464716e-07
1629 2.845889e-07
1630 2.349047e-07
1631 1.750487e-07
1632 1.226297e-07
1633 9.022813e-08
1634 6.285638e-08
1635 4.474381e-08
1636 3.210318e-08
1637 0.000000e+00
1638 0.000000e+00
1639 0.000000e+00
1640 0.000000e+00
1641 0.000000e+00
1642 0.000000e+00
1643 0.000000e+00
1644 0.000000e+00
1645 0.000000e+00
1646 0.000000e+00
1647 0.000000e+00
1648 0.000000e+00
1649 0.000000e+00
1650 6.665087e-07
1651 5.975053e-07
1652 5.012435e-07
1653 4.062546e-07
1654 3.334898e-07
1655 2.754400e-07
1656 2.057995e-07
1657 1.440412e-07
1658 1.060317e-07
1659 7.385338e-08
1660 5.257120e-08
1661 3.769610e-08
1662 0.000000e+00
1663 0.000000e+00
1664 0.000000e+00
1665 0.000000e+00
1666 0.000000e+00
1667 0.000000e+00
1668 0.000000e+00
1669 0.000000e+00
1670 0.000000e+00
1671 0.000000e+00
1672 0.000000e+00
1673 0.000000e+00
1674 0.000000e+00
1675 7.465437e-07
1676 6.697471e-07
1677 5.621731e-07
1678 4.556690e-07
1679 3.739097e-07
1680 3.089453e-07
1681 2.312112e-07
1682 1.617379e-07
1683 1.190915e-07
1684 8.294247e-08
1685 5.903948e-08
1686 4.231901e-08
1687 0.000000e+00
1688 0.000000e+00
1689 0.000000e+00
1690 0.000000e+00
1691 0.000000e+00
1692 0.000000e+00
1693 0.000000e+00
1694 0.000000e+00
1695 0.000000e+00
1696 0.000000e+00
1697 0.000000e+00
1698 0.000000e+00
1699 0.000000e+00
1700 8.179060e-07
1701 7.341541e-07
1702 6.164926e-07
1703 4.997141e-07
1704 4.099438e-07
1705 3.388133e-07
1706 2.538705e-07
1707 1.775163e-07
1708 1.307366e-07
1709 9.104614e-08
1710 6.480713e-08
1711 4.643999e-08
1712 0.000000e+00
1713 0.000000e+00
1714 0.000000e+00
1715 0.000000e+00
1716 0.000000e+00
1717 0.000000e+00
1718 0.000000e+00
1719 0.000000e+00
1720 0.000000e+00
1721 0.000000e+00
1722 0.000000e+00
1723 0.000000e+00
1724 0.000000e+00
1725 8.871376e-07
1726 7.966449e-07
1727 6.691907e-07
1728 5.424512e-07
1729 4.449043e-07
1730 3.677974e-07
1731 2.758512e-07
1732 1.928247e-07
1733 1.420349e-07
1734 9.890735e-08
1735 7.040242e-08
1736 5.043821e-08
1737 0.000000e+00
1738 0.000000e+00
1739 0.000000e+00
1740 0.000000e+00
1741 0.000000e+00
1742 0.000000e+00
1743 0.000000e+00
1744 0.000000e+00
1745 0.000000e+00
1746 0.000000e+00
1747 0.000000e+00
1748 0.000000e+00
1749 0.000000e+00
1750 9.715003e-07
1751 8.727733e-07
1752 7.334041e-07
1753 5.945308e-07
1754 4.875076e-07
1755 4.031171e-07
1756 3.026383e-07
1757 2.114779e-07
1758 1.558008e-07
1759 1.084887e-07
1760 7.722164e-08
1761 5.531053e-08
1762 0.000000e+00
1763 0.000000e+00
1764 0.000000e+00
1765 0.000000e+00
1766 0.000000e+00
1767 0.000000e+00
1768 0.000000e+00
1769 0.000000e+00
1770 0.000000e+00
1771 0.000000e+00
1772 0.000000e+00
1773 0.000000e+00
1774 0.000000e+00
1775 2.161237e-07
1776 2.040342e-07
1777 1.789322e-07
1778 1.474388e-07
1779 1.191764e-07
1780 9.889123e-08
1781 8.065308e-08
1782 5.699852e-08
1783 4.091025e-08
1784 2.935040e-08
1785 2.062219e-08
1786 1.450151e-08
1787 0.000000e+00
1788 0.000000e+00
1789 0.000000e+00
1790 0.000000e+00
1791 0.000000e+00
1792 0.000000e+00
1793 0.000000e+00
1794 0.000000e+00
1795 0.000000e+00
1796 0.000000e+00
1797 0.000000e+00
1798 0.000000e+00
1799 0.000000e+00
1800 3.623882e-07
1801 3.435701e-07
1802 3.029209e-07
1803 2.505444e-07
1804 2.023967e-07
1805 1.674117e-07
1806 1.373036e-07
1807 9.834431e-08
1808 6.981140e-08
1809 5.059947e-08
1810 3.530798e-08
1811 2.484599e-08
1812 0.000000e+00
1813 0.000000e+00
1814 0.000000e+00
1815 0.000000e+00
1816 0.000000e+00
1817 0.000000e+00
1818 0.000000e+00
1819 0.000000e+00
1820 0.000000e+00
1821 0.000000e+00
1822 0.000000e+00
1823 0.000000e+00
1824 0.000000e+00
1825 4.676225e-07
1826 4.439349e-07
1827 3.920828e-07
1828 3.246842e-07
1829 2.622563e-07
1830 2.167050e-07
1831 1.780242e-07
1832 1.280516e-07
1833 9.060871e-08
1834 6.586252e-08
1835 4.586941e-08
1836 3.228655e-08
1837 0.000000e+00
1838 0.000000e+00
1839 0.000000e+00
1840 0.000000e+00
1841 0.000000e+00
1842 0.000000e+00
1843 0.000000e+00
1844 0.000000e+00
1845 0.000000e+00
1846 0.000000e+00
1847 0.000000e+00
1848 0.000000e+00
1849 0.000000e+00
1850 5.536220e-07
1851 5.259336e-07
1852 4.648991e-07
1853 3.852168e-07
1854 3.111193e-07
1855 2.569538e-07
1856 2.112719e-07
1857 1.522799e-07
1858 1.075790e-07
1859 7.831265e-08
1860 5.448789e-08
1861 3.835737e-08
1862 0.000000e+00
1863 0.000000e+00
1864 0.000000e+00
1865 0.000000e+00
1866 0.000000e+00
1867 0.000000e+00
1868 0.000000e+00
1869 0.000000e+00
1870 0.000000e+00
1871 0.000000e+00
1872 0.000000e+00
1873 0.000000e+00
1874 0.000000e+00
1875 6.302996e-07
1876 5.990426e-07
1877 5.298133e-07
1878 4.391848e-07
1879 3.546886e-07
1880 2.928407e-07
1881 2.409186e-07
1882 1.738828e-07
1883 1.227085e-07
1884 8.941338e-08
1885 6.217120e-08
1886 4.376996e-08
1887 0.000000e+00
1888 0.000000e+00
1889 0.000000e+00
1890 0.000000e+00
1891 0.000000e+00
1892 0.000000e+00
1893 0.000000e+00
1894 0.000000e+00
1895 0.000000e+00
1896 0.000000e+00
1897 0.000000e+00
1898 0.000000e+00
1899 0.000000e+00
1900 7.046589e-07
1901 6.699385e-07
1902 5.927719e-07
1903 4.915174e-07
1904 3.969401e-07
1905 3.276431e-07
1906 2.696650e-07
1907 1.948373e-07
1908 1.373812e-07
1909 1.001814e-07
1910 6.962433e-08
1911 4.901840e-08
1912 0.000000e+00
1913 0.000000e+00
1914 0.000000e+00
1915 0.000000e+00
1916 0.000000e+00
1917 0.000000e+00
1918 0.000000e+00
1919 0.000000e+00
1920 0.000000e+00
1921 0.000000e+00
1922 0.000000e+00
1923 0.000000e+00
1924 0.000000e+00
1925 7.952244e-07
1926 7.562800e-07
1927 6.694539e-07
1928 5.552611e-07
1929 4.483970e-07
1930 3.700282e-07
1931 3.046751e-07
1932 2.203519e-07
1933 1.552566e-07
1934 1.132924e-07
1935 7.869810e-08
1936 5.541074e-08
1937 0.000000e+00
1938 0.000000e+00
1939 0.000000e+00
1940 0.000000e+00
1941 0.000000e+00
1942 0.000000e+00
1943 0.000000e+00
1944 0.000000e+00
1945 0.000000e+00
1946 0.000000e+00
1947 0.000000e+00
1948 0.000000e+00
1949 0.000000e+00
1950 2.062604e-07
1951 2.030265e-07
1952 1.866057e-07
1953 1.593436e-07
1954 1.293874e-07
1955 1.051602e-07
1956 8.797468e-08
1957 6.868121e-08
1958 4.673422e-08
1959 3.497744e-08
1960 2.385218e-08
1961 1.695291e-08
1962 1.192647e-08
1963 0.000000e+00
1964 0.000000e+00
1965 0.000000e+00
1966 0.000000e+00
1967 0.000000e+00
1968 0.000000e+00
1969 0.000000e+00
1970 0.000000e+00
1971 0.000000e+00
1972 0.000000e+00
1973 0.000000e+00
1974 0.000000e+00
1975 3.200315e-07
1976 3.155821e-07
1977 2.909533e-07
1978 2.492632e-07
1979 2.026840e-07
1980 1.644868e-07
1981 1.374577e-07
1982 1.081158e-07
1983 7.381318e-08
1984 5.493858e-08
1985 3.766507e-08
1986 2.673824e-08
1987 1.876618e-08
1988 0.000000e+00
1989 0.000000e+00
1990 0.000000e+00
1991 0.000000e+00
1992 0.000000e+00
1993 0.000000e+00
1994 0.000000e+00
1995 0.000000e+00
1996 0.000000e+00
1997 0.000000e+00
1998 0.000000e+00
1999 0.000000e+00
2000 4.090846e-07
2001 4.036556e-07
2002 3.725693e-07
2003 3.195323e-07
2004 2.599572e-07
2005 2.108624e-07
2006 1.761440e-07
2007 1.389062e-07
2008 9.494003e-08
2009 7.053136e-08
2010 4.844263e-08
2011 3.437432e-08
2012 2.410639e-08
2013 0.000000e+00
2014 0.000000e+00
2015 0.000000e+00
2016 0.000000e+00
2017 0.000000e+00
2018 0.000000e+00
2019 0.000000e+00
2020 0.000000e+00
2021 0.000000e+00
2022 0.000000e+00
2023 0.000000e+00
2024 0.000000e+00
2025 4.881193e-07
2026 4.818167e-07
2027 4.449614e-07
2028 3.818704e-07
2029 3.107593e-07
2030 2.519926e-07
2031 2.104583e-07
2032 1.662179e-07
2033 1.136746e-07
2034 8.436383e-08
2035 5.799957e-08
2036 4.114609e-08
2037 2.884343e-08
2038 0.000000e+00
2039 0.000000e+00
2040 0.000000e+00
2041 0.000000e+00
2042 0.000000e+00
2043 0.000000e+00
2044 0.000000e+00
2045 0.000000e+00
2046 0.000000e+00
2047 0.000000e+00
2048 0.000000e+00
2049 0.000000e+00
2050 5.647719e-07
2051 5.576295e-07
2052 5.151945e-07
2053 4.423341e-07
2054 3.600328e-07
2055 2.918886e-07
2056 2.437498e-07
2057 1.926973e-07
2058 1.318412e-07
2059 9.777467e-08
2060 6.726835e-08
2061 4.771305e-08
2062 3.343746e-08
2063 0.000000e+00
2064 0.000000e+00
2065 0.000000e+00
2066 0.000000e+00
2067 0.000000e+00
2068 0.000000e+00
2069 0.000000e+00
2070 0.000000e+00
2071 0.000000e+00
2072 0.000000e+00
2073 0.000000e+00
2074 0.000000e+00
2075 6.581105e-07
2076 6.499266e-07
2077 6.006986e-07
2078 5.159622e-07
2079 4.200433e-07
2080 3.404781e-07
2081 2.842890e-07
2082 2.249485e-07
2083 1.539648e-07
2084 1.141088e-07
2085 7.855431e-08
2086 5.571034e-08
2087 3.903155e-08
2088 0.000000e+00
2089 0.000000e+00
2090 0.000000e+00
2091 0.000000e+00
2092 0.000000e+00
2093 0.000000e+00
2094 0.000000e+00
2095 0.000000e+00
2096 0.000000e+00
2097 0.000000e+00
2098 0.000000e+00
2099 0.000000e+00
2100 2.042916e-07
2101 2.069500e-07
2102 1.972159e-07
2103 1.746101e-07
2104 1.445938e-07
2105 1.165613e-07
2106 9.628074e-08
2107 7.961578e-08
2108 5.697788e-08
2109 4.001069e-08
2110 2.909851e-08
2111 2.012494e-08
2112 1.395542e-08
2113 0.000000e+00
2114 0.000000e+00
2115 0.000000e+00
2116 0.000000e+00
2117 0.000000e+00
2118 0.000000e+00
2119 0.000000e+00
2120 0.000000e+00
2121 0.000000e+00
2122 0.000000e+00
2123 0.000000e+00
2124 0.000000e+00
2125 2.968970e-07
2126 3.009609e-07
2127 2.872500e-07
2128 2.548534e-07
2129 2.113753e-07
2130 1.703823e-07
2131 1.405473e-07
2132 1.164109e-07
2133 8.380809e-08
2134 5.858491e-08
2135 4.279701e-08
2136 2.949337e-08
2137 2.046776e-08
2138 0.000000e+00
2139 0.000000e+00
2140 0.000000e+00
2141 0.000000e+00
2142 0.000000e+00
2143 0.000000e+00
2144 0.000000e+00
2145 0.000000e+00
2146 0.000000e+00
2147 0.000000e+00
2148 0.000000e+00
2149 0.000000e+00
2150 3.770217e-07
2151 3.822855e-07
2152 3.651048e-07
2153 3.242070e-07
2154 2.690710e-07
2155 2.168799e-07
2156 1.788027e-07
2157 1.481994e-07
2158 1.069548e-07
2159 7.462118e-08
2160 5.461961e-08
2161 3.758286e-08
2162 2.608966e-08
2163 0.000000e+00
2164 0.000000e+00
2165 0.000000e+00
2166 0.000000e+00
2167 0.000000e+00
2168 0.000000e+00
2169 0.000000e+00
2170 0.000000e+00
2171 0.000000e+00
2172 0.000000e+00
2173 0.000000e+00
2174 0.000000e+00
2175 4.546394e-07
2176 4.610643e-07
2177 4.405205e-07
2178 3.913856e-07
2179 3.249557e-07
2180 2.619179e-07
2181 2.158579e-07
2182 1.789909e-07
2183 1.293730e-07
2184 9.015333e-08
2185 6.606691e-08
2186 4.541804e-08
2187 3.153354e-08
2188 0.000000e+00
2189 0.000000e+00
2190 0.000000e+00
2191 0.000000e+00
2192 0.000000e+00
2193 0.000000e+00
2194 0.000000e+00
2195 0.000000e+00
2196 0.000000e+00
2197 0.000000e+00
2198 0.000000e+00
2199 0.000000e+00
2200 5.491963e-07
2201 5.570358e-07
2202 5.323951e-07
2203 4.732257e-07
2204 3.930372e-07
2205 3.167852e-07
2206 2.610002e-07
2207 2.165032e-07
2208 1.566841e-07
2209 1.090742e-07
2210 8.001267e-08
2211 5.496325e-08
2212 3.816695e-08
2213 0.000000e+00
2214 0.000000e+00
2215 0.000000e+00
2216 0.000000e+00
2217 0.000000e+00
2218 0.000000e+00
2219 0.000000e+00
2220 0.000000e+00
2221 0.000000e+00
2222 0.000000e+00
2223 0.000000e+00
2224 0.000000e+00
2225 1.089140e-07
2226 1.126511e-07
2227 1.101133e-07
2228 1.002725e-07
2229 8.482737e-08
2230 6.858310e-08
2231 5.592573e-08
2232 4.689030e-08
2233 3.578410e-08
2234 2.411564e-08
2235 1.822927e-08
2236 1.219288e-08
2237 8.566385e-09
2238 5.996384e-09
2239 0.000000e+00
2240 0.000000e+00
2241 0.000000e+00
2242 0.000000e+00
2243 0.000000e+00
2244 0.000000e+00
2245 0.000000e+00
2246 0.000000e+00
2247 0.000000e+00
2248 0.000000e+00
2249 0.000000e+00
2250 2.062465e-07
2251 2.134083e-07
2252 2.091042e-07
2253 1.911620e-07
2254 1.623504e-07
2255 1.314251e-07
2256 1.069267e-07
2257 8.959715e-08
2258 6.915689e-08
2259 4.660799e-08
2260 3.512524e-08
2261 2.354211e-08
2262 1.658541e-08
2263 1.156922e-08
2264 0.000000e+00
2265 0.000000e+00
2266 0.000000e+00
2267 0.000000e+00
2268 0.000000e+00
2269 0.000000e+00
2270 0.000000e+00
2271 0.000000e+00
2272 0.000000e+00
2273 0.000000e+00
2274 0.000000e+00
2275 2.873376e-07
2276 2.973709e-07
2277 2.915815e-07
2278 2.669013e-07
2279 2.269458e-07
2280 1.837929e-07
2281 1.494328e-07
2282 1.251852e-07
2283 9.695095e-08
2284 6.536210e-08
2285 4.919896e-08
2286 3.300707e-08
2287 2.326515e-08
2288 1.621225e-08
2289 0.000000e+00
2290 0.000000e+00
2291 0.000000e+00
2292 0.000000e+00
2293 0.000000e+00
2294 0.000000e+00
2295 0.000000e+00
2296 0.000000e+00
2297 0.000000e+00
2298 0.000000e+00
2299 0.000000e+00
2300 3.652610e-07
2301 3.780513e-07
2302 3.708305e-07
2303 3.396479e-07
2304 2.889794e-07
2305 2.340749e-07
2306 1.902509e-07
2307 1.593641e-07
2308 1.236313e-07
2309 8.335414e-08
2310 6.270968e-08
2311 4.208734e-08
2312 2.967626e-08
2313 2.066864e-08
2314 0.000000e+00
2315 0.000000e+00
2316 0.000000e+00
2317 0.000000e+00
2318 0.000000e+00
2319 0.000000e+00
2320 0.000000e+00
2321 0.000000e+00
2322 0.000000e+00
2323 0.000000e+00
2324 0.000000e+00
2325 4.601854e-07
2326 4.763063e-07
2327 4.673530e-07
2328 4.282436e-07
2329 3.645275e-07
2330 2.953207e-07
2331 2.399631e-07
2332 2.009892e-07
2333 1.561306e-07
2334 1.052709e-07
2335 7.916576e-08
2336 5.314906e-08
2337 3.748505e-08
2338 2.609682e-08
2339 0.000000e+00
2340 0.000000e+00
2341 0.000000e+00
2342 0.000000e+00
2343 0.000000e+00
2344 0.000000e+00
2345 0.000000e+00
2346 0.000000e+00
2347 0.000000e+00
2348 0.000000e+00
2349 0.000000e+00
2350 1.287702e-07
2351 1.354971e-07
2352 1.356038e-07
2353 1.271853e-07
2354 1.106526e-07
2355 9.055741e-08
2356 7.308662e-08
2357 6.088893e-08
2358 4.938937e-08
2359 3.388693e-08
2360 2.471250e-08
2361 1.709426e-08
2362 1.204645e-08
2363 8.261931e-09
2364 0.000000e+00
2365 0.000000e+00
2366 0.000000e+00
2367 0.000000e+00
2368 0.000000e+00
2369 0.000000e+00
2370 0.000000e+00
2371 0.000000e+00
2372 0.000000e+00
2373 0.000000e+00
2374 0.000000e+00
2375 2.123996e-07
2376 2.234731e-07
2377 2.238683e-07
2378 2.103841e-07
2379 1.834761e-07
2380 1.503744e-07
2381 1.212892e-07
2382 1.009021e-07
2383 8.215030e-08
2384 5.668509e-08
2385 4.105602e-08
2386 2.861230e-08
2387 2.008750e-08
2388 1.376114e-08
2389 0.000000e+00
2390 0.000000e+00
2391 0.000000e+00
2392 0.000000e+00
2393 0.000000e+00
2394 0.000000e+00
2395 0.000000e+00
2396 0.000000e+00
2397 0.000000e+00
2398 0.000000e+00
2399 0.000000e+00
2400 2.902828e-07
2401 3.053996e-07
2402 3.060527e-07
2403 2.878263e-07
2404 2.512296e-07
2405 2.060102e-07
2406 1.661272e-07
2407 1.381329e-07
2408 1.126136e-07
2409 7.785776e-08
2410 5.625651e-08
2411 3.930763e-08
2412 2.756234e-08
2413 1.887384e-08
2414 0.000000e+00
2415 0.000000e+00
2416 0.000000e+00
2417 0.000000e+00
2418 0.000000e+00
2419 0.000000e+00
2420 0.000000e+00
2421 0.000000e+00
2422 0.000000e+00
2423 0.000000e+00
2424 0.000000e+00
2425 3.850262e-07
2426 4.050514e-07
2427 4.060122e-07
2428 3.820155e-07
2429 3.336293e-07
2430 2.736726e-07
2431 2.206577e-07
2432 1.834118e-07
2433 1.496626e-07
2434 1.036108e-07
2435 7.474298e-08
2436 5.231663e-08
2437 3.665299e-08
2438 2.508981e-08
2439 0.000000e+00
2440 0.000000e+00
2441 0.000000e+00
2442 0.000000e+00
2443 0.000000e+00
2444 0.000000e+00
2445 0.000000e+00
2446 0.000000e+00
2447 0.000000e+00
2448 0.000000e+00
2449 0.000000e+00
2450 6.222579e-08
2451 6.648854e-08
2452 6.773503e-08
2453 6.489591e-08
2454 5.771813e-08
2455 4.789584e-08
2456 3.857364e-08
2457 3.181715e-08
2458 2.646990e-08
2459 1.898644e-08
2460 1.316723e-08
2461 9.629287e-09
2462 6.577423e-09
2463 4.484001e-09
2464 3.119573e-09
2465 0.000000e+00
2466 0.000000e+00
2467 0.000000e+00
2468 0.000000e+00
2469 0.000000e+00
2470 0.000000e+00
2471 0.000000e+00
2472 0.000000e+00
2473 0.000000e+00
2474 0.000000e+00
2475 1.478760e-07
2476 1.577738e-07
2477 1.609112e-07
2478 1.546993e-07
2479 1.382561e-07
2480 1.151786e-07
2481 9.276852e-08
2482 7.626829e-08
2483 6.363513e-08
2484 4.635355e-08
2485 3.178766e-08
2486 2.351642e-08
2487 1.589347e-08
2488 1.087459e-08
2489 7.552748e-09
2490 0.000000e+00
2491 0.000000e+00
2492 0.000000e+00
2493 0.000000e+00
2494 0.000000e+00
2495 0.000000e+00
2496 0.000000e+00
2497 0.000000e+00
2498 0.000000e+00
2499 0.000000e+00
2500 2.259916e-07
2501 2.410517e-07
2502 2.459330e-07
2503 2.366492e-07
2504 2.117817e-07
2505 1.766205e-07
2506 1.422647e-07
2507 1.168565e-07
2508 9.756648e-08
2509 7.136198e-08
2510 4.880458e-08
2511 3.620309e-08
2512 2.440470e-08
2513 1.671606e-08
2514 1.160412e-08
2515 0.000000e+00
2516 0.000000e+00
2517 0.000000e+00
2518 0.000000e+00
2519 0.000000e+00
2520 0.000000e+00
2521 0.000000e+00
2522 0.000000e+00
2523 0.000000e+00
2524 0.000000e+00
2525 3.201967e-07
2526 3.414783e-07
2527 3.484568e-07
2528 3.354749e-07
2529 3.004257e-07
2530 2.506810e-07
2531 2.019247e-07
2532 1.657890e-07
2533 1.384717e-07
2534 1.014926e-07
2535 6.931193e-08
2536 5.148949e-08
2537 3.466260e-08
2538 2.375528e-08
2539 1.648609e-08
2540 0.000000e+00
2541 0.000000e+00
2542 0.000000e+00
2543 0.000000e+00
2544 0.000000e+00
2545 0.000000e+00
2546 0.000000e+00
2547 0.000000e+00
2548 0.000000e+00
2549 0.000000e+00
2550 9.003549e-08
2551 9.729081e-08
2552 1.007723e-07
2553 9.879335e-08
2554 9.031112e-08
2555 7.663140e-08
2556 6.197205e-08
2557 5.042027e-08
2558 4.232177e-08
2559 3.258607e-08
2560 2.175886e-08
2561 1.647593e-08
2562 1.085753e-08
2563 7.568605e-09
2564 5.207107e-09
2565 0.000000e+00
2566 0.000000e+00
2567 0.000000e+00
2568 0.000000e+00
2569 0.000000e+00
2570 0.000000e+00
2571 0.000000e+00
2572 0.000000e+00
2573 0.000000e+00
2574 0.000000e+00
2575 1.697916e-07
2576 1.833018e-07
2577 1.899235e-07
2578 1.864621e-07
2579 1.708505e-07
2580 1.453085e-07
2581 1.176066e-07
2582 9.555952e-08
2583 8.017140e-08
2584 6.214324e-08
2585 4.151097e-08
2586 3.136429e-08
2587 2.070006e-08
2588 1.446304e-08
2589 9.929119e-09
2590 0.000000e+00
2591 0.000000e+00
2592 0.000000e+00
2593 0.000000e+00
2594 0.000000e+00
2595 0.000000e+00
2596 0.000000e+00
2597 0.000000e+00
2598 0.000000e+00
2599 0.000000e+00
2600 2.632482e-07
2601 2.840972e-07
2602 2.943865e-07
2603 2.891712e-07
2604 2.651825e-07
2605 2.257225e-07
2606 1.827428e-07
2607 1.484162e-07
2608 1.244949e-07
2609 9.672958e-08
2610 6.462223e-08
2611 4.878958e-08
2612 3.221742e-08
2613 2.252834e-08
2614 1.545449e-08
2615 0.000000e+00
2616 0.000000e+00
2617 0.000000e+00
2618 0.000000e+00
2619 0.000000e+00
2620 0.000000e+00
2621 0.000000e+00
2622 0.000000e+00
2623 0.000000e+00
2624 0.000000e+00
2625 1.190967e-07
2626 1.299998e-07
2627 1.365678e-07
2628 1.365046e-07
2629 1.278718e-07
2630 1.110883e-07
2631 9.079290e-08
2632 7.325202e-08
2633 6.108600e-08
2634 4.950104e-08
2635 3.368472e-08
2636 2.462292e-08
2637 1.679052e-08
2638 1.177879e-08
2639 7.954577e-09
2640 0.000000e+00
2641 0.000000e+00
2642 0.000000e+00
2643 0.000000e+00
2644 0.000000e+00
2645 0.000000e+00
2646 0.000000e+00
2647 0.000000e+00
2648 0.000000e+00
2649 0.000000e+00
2650 2.119555e-07
2651 2.312182e-07
2652 2.428940e-07
2653 2.429315e-07
2654 2.278157e-07
2655 1.981765e-07
2656 1.620878e-07
2657 1.307263e-07
2658 1.089312e-07
2659 8.847309e-08
2660 6.037298e-08
2661 4.396798e-08
2662 3.010833e-08
2663 2.108893e-08
2664 1.422819e-08
2665 0.000000e+00
2666 0.000000e+00
2667 0.000000e+00
2668 0.000000e+00
2669 0.000000e+00
2670 0.000000e+00
2671 0.000000e+00
2672 0.000000e+00
2673 0.000000e+00
2674 0.000000e+00
2675 6.615199e-05
2676 5.471562e-05
2677 4.448433e-05
2678 3.672284e-05
2679 2.952335e-05
2680 2.145393e-05
2681 1.534829e-05
2682 1.115727e-05
2683 7.877120e-06
2684 5.660163e-06
2685 0.000000e+00
2686 0.000000e+00
2687 0.000000e+00
2688 0.000000e+00
2689 0.000000e+00
2690 0.000000e+00
2691 0.000000e+00
2692 0.000000e+00
2693 0.000000e+00
2694 0.000000e+00
2695 0.000000e+00
2696 0.000000e+00
2697 0.000000e+00
2698 0.000000e+00
2699 0.000000e+00
2700 5.183427e-05
2701 4.656534e-05
2702 3.905127e-05
2703 3.156064e-05
2704 2.587569e-05
2705 2.156667e-05
2706 1.613930e-05
2707 1.114819e-05
2708 8.333450e-06
2709 5.743101e-06
2710 4.087641e-06
2711 2.932691e-06
2712 0.000000e+00
2713 0.000000e+00
2714 0.000000e+00
2715 0.000000e+00
2716 0.000000e+00
2717 0.000000e+00
2718 0.000000e+00
2719 0.000000e+00
2720 0.000000e+00
2721 0.000000e+00
2722 0.000000e+00
2723 0.000000e+00
2724 0.000000e+00
2725 4.042057e-05
2726 3.845953e-05
2727 3.404179e-05
2728 2.819467e-05
2729 2.272360e-05
2730 1.876060e-05
2731 1.554410e-05
2732 1.117853e-05
2733 7.851706e-06
2734 5.756552e-06
2735 4.001897e-06
2736 2.803407e-06
2737 0.000000e+00
2738 0.000000e+00
2739 0.000000e+00
2740 0.000000e+00
2741 0.000000e+00
2742 0.000000e+00
2743 0.000000e+00
2744 0.000000e+00
2745 0.000000e+00
2746 0.000000e+00
2747 0.000000e+00
2748 0.000000e+00
2749 0.000000e+00
2750 3.248008e-05
2751 3.208217e-05
2752 2.966489e-05
2753 2.547248e-05
2754 2.070948e-05
2755 1.676566e-05
2756 1.402829e-05
2757 1.114862e-05
2758 7.553799e-06
2759 5.655716e-06
2760 3.848489e-06
2761 2.750220e-06
2762 1.926026e-06
2763 0.000000e+00
2764 0.000000e+00
2765 0.000000e+00
2766 0.000000e+00
2767 0.000000e+00
2768 0.000000e+00
2769 0.000000e+00
2770 0.000000e+00
2771 0.000000e+00
2772 0.000000e+00
2773 0.000000e+00
2774 0.000000e+00
2775 2.682078e-05
2776 2.719940e-05
2777 2.600640e-05
2778 2.312259e-05
2779 1.919302e-05
2780 1.545104e-05
2781 1.272734e-05
2782 1.059932e-05
2783 7.658188e-06
2784 5.307607e-06
2785 3.916738e-06
2786 2.688214e-06
2787 1.858614e-06
2788 0.000000e+00
2789 0.000000e+00
2790 0.000000e+00
2791 0.000000e+00
2792 0.000000e+00
2793 0.000000e+00
2794 0.000000e+00
2795 0.000000e+00
2796 0.000000e+00
2797 0.000000e+00
2798 0.000000e+00
2799 0.000000e+00
2800 2.254482e-05
2801 2.332411e-05
2802 2.289161e-05
2803 2.098642e-05
2804 1.786362e-05
2805 1.446035e-05
2806 1.173931e-05
2807 9.849535e-06
2808 7.675049e-06
2809 5.136736e-06
2810 3.897161e-06
2811 2.591104e-06
2812 1.834135e-06
2813 1.277922e-06
2814 0.000000e+00
2815 0.000000e+00
2816 0.000000e+00
2817 0.000000e+00
2818 0.000000e+00
2819 0.000000e+00
2820 0.000000e+00
2821 0.000000e+00
2822 0.000000e+00
2823 0.000000e+00
2824 0.000000e+00
2825 1.917478e-05
2826 2.015724e-05
2827 2.020663e-05
2828 1.902208e-05
2829 1.661915e-05
2830 1.362729e-05
2831 1.097756e-05
2832 9.125895e-06
2833 7.473357e-06
2834 5.158652e-06
2835 3.723047e-06
2836 2.602652e-06
2837 1.832446e-06
2838 1.251268e-06
2839 0.000000e+00
2840 0.000000e+00
2841 0.000000e+00
2842 0.000000e+00
2843 0.000000e+00
2844 0.000000e+00
2845 0.000000e+00
2846 0.000000e+00
2847 0.000000e+00
2848 0.000000e+00
2849 0.000000e+00
2850 1.646975e-05
2851 1.754726e-05
2852 1.790367e-05
2853 1.724468e-05
2854 1.545220e-05
2855 1.289425e-05
2856 1.037939e-05
2857 8.516919e-06
2858 7.130089e-06
2859 5.232888e-06
2860 3.555754e-06
2861 2.659001e-06
2862 1.783526e-06
2863 1.219060e-06
2864 8.468553e-07
2865 0.000000e+00
2866 0.000000e+00
2867 0.000000e+00
2868 0.000000e+00
2869 0.000000e+00
2870 0.000000e+00
2871 0.000000e+00
2872 0.000000e+00
2873 0.000000e+00
2874 0.000000e+00
2875 1.419089e-05
2876 1.529606e-05
2877 1.584564e-05
2878 1.557089e-05
2879 1.428903e-05
2880 1.216784e-05
2881 9.847480e-06
2882 7.991278e-06
2883 6.709364e-06
2884 5.230023e-06
2885 3.477709e-06
2886 2.640064e-06
2887 1.731929e-06
2888 1.214524e-06
2889 8.334127e-07
2890 0.000000e+00
2891 0.000000e+00
2892 0.000000e+00
2893 0.000000e+00
2894 0.000000e+00
2895 0.000000e+00
2896 0.000000e+00
2897 0.000000e+00
2898 0.000000e+00
2899 0.000000e+00
2900 1.220457e-05
2901 1.329367e-05
2902 1.395881e-05
2903 1.396475e-05
2904 1.310630e-05
2905 1.140900e-05
2906 9.331862e-06
2907 7.520686e-06
2908 6.266063e-06
2909 5.105849e-06
2910 3.479937e-06
2911 2.533361e-06
2912 1.734104e-06
2913 1.219160e-06
2914 8.212159e-07
2915 0.000000e+00
2916 0.000000e+00
2917 0.000000e+00
2918 0.000000e+00
2919 0.000000e+00
2920 0.000000e+00
2921 0.000000e+00
2922 0.000000e+00
2923 0.000000e+00
2924 0.000000e+00
