0 2.557515e-09
1 1.940187e-09
2 1.436315e-09
3 1.043161e-09
4 7.533687e-10
5 5.460376e-10
6 3.976956e-10
7 2.943469e-10
8 2.215032e-10
9 1.691118e-10
10 1.300513e-10
11 9.997609e-11
12 7.608580e-11
13 5.684730e-11
14 4.142045e-11
15 2.930224e-11
16 2.008609e-11
17 1.334560e-11
18 8.612050e-12
19 5.411456e-12
20 3.319188e-12
21 1.990751e-12
22 0.000000e+00
23 0.000000e+00
24 0.000000e+00
25 4.119952e-09
26 3.163464e-09
27 2.373314e-09
28 1.729712e-09
29 1.231375e-09
30 8.770404e-10
31 6.333375e-10
32 4.602279e-10
33 3.422037e-10
34 2.598755e-10
35 2.005855e-10
36 1.558391e-10
37 1.207355e-10
38 9.223932e-11
39 6.883365e-11
40 4.979992e-11
41 3.475971e-11
42 2.336177e-11
43 1.513603e-11
44 9.489178e-12
45 5.784065e-12
46 3.443463e-12
47 0.000000e+00
48 0.000000e+00
49 0.000000e+00
50 4.375978e-09
51 3.354042e-09
52 2.515026e-09
53 1.828556e-09
54 1.291560e-09
55 9.116631e-10
56 6.576706e-10
57 4.768957e-10
58 3.544824e-10
59 2.699214e-10
60 2.094282e-10
61 1.635426e-10
62 1.274064e-10
63 9.780894e-11
64 7.324162e-11
65 5.306191e-11
66 3.698371e-11
67 2.473717e-11
68 1.589484e-11
69 9.851513e-12
70 5.924954e-12
71 3.477899e-12
72 0.000000e+00
73 0.000000e+00
74 0.000000e+00
75 4.526308e-09
76 3.466996e-09
77 2.599522e-09
78 1.888348e-09
79 1.328828e-09
80 9.340498e-10
81 6.734990e-10
82 4.877730e-10
83 3.624619e-10
84 2.763107e-10
85 2.148997e-10
86 1.682124e-10
87 1.313905e-10
88 1.011044e-10
89 7.584126e-11
90 5.498909e-11
91 3.831162e-11
92 2.557577e-11
93 1.637351e-11
94 1.009659e-11
95 6.035457e-12
96 3.519435e-12
97 0.000000e+00
98 0.000000e+00
99 0.000000e+00
100 4.626980e-09
101 3.542679e-09
102 2.656343e-09
103 1.928366e-09
104 1.353777e-09
105 9.489819e-10
106 6.840815e-10
107 4.950352e-10
108 3.677993e-10
109 2.805877e-10
110 2.185575e-10
111 1.713382e-10
112 1.340603e-10
113 1.033107e-10
114 7.758369e-11
115 5.628314e-11
116 3.920159e-11
117 2.613674e-11
118 1.669456e-11
119 1.026064e-11
120 6.108492e-12
121 3.546594e-12
122 0.000000e+00
123 0.000000e+00
124 0.000000e+00
125 4.703825e-09
126 3.600402e-09
127 2.699643e-09
128 1.958855e-09
129 1.372815e-09
130 9.603921e-10
131 6.921829e-10
132 5.005886e-10
133 3.718793e-10
134 2.838469e-10
135 2.213574e-10
136 1.737213e-10
137 1.360899e-10
138 1.049942e-10
139 7.891308e-11
140 5.726697e-11
141 3.987921e-11
142 2.656463e-11
143 1.693883e-11
144 1.038539e-11
145 6.164503e-12
146 3.567655e-12
147 0.000000e+00
148 0.000000e+00
149 0.000000e+00
150 4.766198e-09
151 3.647389e-09
152 2.734662e-09
153 1.983556e-09
154 1.388201e-09
155 9.696297e-10
156 6.986975e-10
157 5.050649e-10
158 3.751800e-10
159 2.864898e-10
160 2.236179e-10
161 1.756590e-10
162 1.377455e-10
163 1.063625e-10
164 7.999283e-11
165 5.806890e-11
166 4.043305e-11
167 2.691308e-11
168 1.713747e-11
169 1.048665e-11
170 6.210092e-12
171 3.584575e-12
172 0.000000e+00
173 0.000000e+00
174 0.000000e+00
175 4.817799e-09
176 3.685909e-09
177 2.763619e-09
178 2.003942e-09
179 1.400920e-09
180 9.772657e-10
181 7.041259e-10
182 5.087830e-10
183 3.779024e-10
184 2.886739e-10
185 2.254796e-10
186 1.772565e-10
187 1.391099e-10
188 1.074904e-10
189 8.087857e-11
190 5.872867e-11
191 4.088597e-11
192 2.719826e-11
193 1.730087e-11
194 1.057070e-11
195 6.248007e-12
196 3.598689e-12
197 0.000000e+00
198 0.000000e+00
199 0.000000e+00
200 4.862707e-09
201 3.719794e-09
202 2.789072e-09
203 2.021882e-09
204 1.412113e-09
205 9.839970e-10
206 7.088596e-10
207 5.120423e-10
208 3.802967e-10
209 2.905950e-10
210 2.271223e-10
211 1.786567e-10
212 1.403029e-10
213 1.084786e-10
214 8.166165e-11
215 5.930692e-11
216 4.128392e-11
217 2.745007e-11
218 1.744498e-11
219 1.064423e-11
220 6.280843e-12
221 3.611164e-12
222 0.000000e+00
223 0.000000e+00
224 0.000000e+00
225 4.919993e-09
226 3.762870e-09
227 2.821235e-09
228 2.044584e-09
229 1.426261e-09
230 9.924639e-10
231 7.148818e-10
232 5.161810e-10
233 3.833297e-10
234 2.930194e-10
235 2.292030e-10
236 1.804306e-10
237 1.418214e-10
238 1.097328e-10
239 8.265082e-11
240 6.004184e-11
241 4.178949e-11
242 2.776928e-11
243 1.762715e-11
244 1.073765e-11
245 6.322780e-12
246 3.626819e-12
247 0.000000e+00
248 0.000000e+00
249 0.000000e+00
250 1.089504e-08
251 8.719872e-09
252 6.830609e-09
253 5.236009e-09
254 3.904719e-09
255 2.827736e-09
256 2.020432e-09
257 1.445743e-09
258 1.034085e-09
259 7.501381e-10
260 5.544077e-10
261 4.179018e-10
262 3.198832e-10
263 2.469177e-10
264 1.902164e-10
265 1.447874e-10
266 1.078696e-10
267 7.810048e-11
268 5.472048e-11
269 3.703057e-11
270 2.423033e-11
271 1.536814e-11
272 0.000000e+00
273 0.000000e+00
274 0.000000e+00
275 1.314297e-08
276 1.057475e-08
277 8.321216e-09
278 6.421067e-09
279 4.829811e-09
280 3.514135e-09
281 2.500245e-09
282 1.784855e-09
283 1.273410e-09
284 9.165437e-10
285 6.724024e-10
286 5.043810e-10
287 3.848997e-10
288 2.972268e-10
289 2.299192e-10
290 1.762504e-10
291 1.325623e-10
292 9.700634e-11
293 6.867917e-11
294 4.690979e-11
295 3.091883e-11
296 1.971314e-11
297 0.000000e+00
298 0.000000e+00
299 0.000000e+00
300 1.431160e-08
301 1.152807e-08
302 9.080343e-09
303 7.021084e-09
304 5.296308e-09
305 3.856939e-09
306 2.735979e-09
307 1.949456e-09
308 1.389823e-09
309 9.969878e-10
310 7.297750e-10
311 5.468452e-10
312 4.172247e-10
313 3.225291e-10
314 2.501161e-10
315 1.923828e-10
316 1.452322e-10
317 1.066771e-10
318 7.576720e-11
319 5.186014e-11
320 3.421258e-11
321 2.181515e-11
322 0.000000e+00
323 0.000000e+00
324 0.000000e+00
325 1.511009e-08
326 1.218129e-08
327 9.601620e-09
328 7.433741e-09
329 5.617352e-09
330 4.092884e-09
331 2.898582e-09
332 2.063756e-09
333 1.470626e-09
334 1.052789e-09
335 7.695756e-10
336 5.762033e-10
337 4.394605e-10
338 3.399305e-10
339 2.639836e-10
340 2.034127e-10
341 1.539050e-10
342 1.132968e-10
343 8.062504e-11
344 5.526727e-11
345 3.649079e-11
346 2.327099e-11
347 0.000000e+00
348 0.000000e+00
349 0.000000e+00
350 1.571608e-08
351 1.267813e-08
352 9.997471e-09
353 7.747090e-09
354 5.860865e-09
355 4.271750e-09
356 3.022018e-09
357 2.150359e-09
358 1.531690e-09
359 1.095082e-09
360 7.997503e-10
361 5.985318e-10
362 4.563353e-10
363 3.531059e-10
364 2.744400e-10
365 2.117755e-10
366 1.604649e-10
367 1.183236e-10
368 8.430393e-11
369 5.783944e-11
370 3.821632e-11
371 2.437743e-11
372 0.000000e+00
373 0.000000e+00
374 0.000000e+00
375 1.620749e-08
376 1.307946e-08
377 1.031811e-08
378 8.001160e-09
379 6.058488e-09
380 4.417045e-09
381 3.122140e-09
382 2.220540e-09
383 1.581449e-09
384 1.129446e-09
385 8.242679e-10
386 6.165150e-10
387 4.700547e-10
388 3.638502e-10
389 2.830077e-10
390 2.185865e-10
391 1.658366e-10
392 1.224014e-10
393 8.730554e-11
394 5.994390e-11
395 3.961949e-11
396 2.527263e-11
397 0.000000e+00
398 0.000000e+00
399 0.000000e+00
400 1.661244e-08
401 1.341108e-08
402 1.058278e-08
403 8.210392e-09
404 6.221206e-09
405 4.536869e-09
406 3.204745e-09
407 2.278438e-09
408 1.622326e-09
409 1.157714e-09
410 8.444000e-10
411 6.315418e-10
412 4.813982e-10
413 3.727578e-10
414 2.900843e-10
415 2.242311e-10
416 1.702527e-10
417 1.257722e-10
418 8.977579e-11
419 6.167717e-11
420 4.077630e-11
421 2.601168e-11
422 0.000000e+00
423 0.000000e+00
424 0.000000e+00
425 1.696831e-08
426 1.370268e-08
427 1.081550e-08
428 8.394411e-09
429 6.364110e-09
430 4.641779e-09
431 3.277309e-09
432 2.329337e-09
433 1.658226e-09
434 1.182636e-09
435 8.621390e-10
436 6.446235e-10
437 4.913363e-10
438 3.804984e-10
439 2.962365e-10
440 2.291635e-10
441 1.741221e-10
442 1.287262e-10
443 9.194365e-11
444 6.319752e-11
445 4.178940e-11
446 2.666142e-11
447 0.000000e+00
448 0.000000e+00
449 0.000000e+00
450 1.741763e-08
451 1.407007e-08
452 1.110915e-08
453 8.627225e-09
454 6.544942e-09
455 4.774973e-09
456 3.369159e-09
457 2.393691e-09
458 1.703786e-09
459 1.214109e-09
460 8.845339e-10
461 6.611999e-10
462 5.039127e-10
463 3.903575e-10
464 3.040390e-10
465 2.353692e-10
466 1.790160e-10
467 1.324668e-10
468 9.468156e-11
469 6.511841e-11
470 4.307378e-11
471 2.748205e-11
472 0.000000e+00
473 0.000000e+00
474 0.000000e+00
475 1.821834e-08
476 1.501014e-08
477 1.203068e-08
478 9.430750e-09
479 7.236897e-09
480 5.407188e-09
481 3.920965e-09
482 2.794379e-09
483 1.991216e-09
484 1.418462e-09
485 1.021451e-09
486 7.488307e-10
487 5.600589e-10
488 4.258670e-10
489 3.273164e-10
490 2.517890e-10
491 1.919168e-10
492 1.435862e-10
493 1.046432e-10
494 7.391210e-11
495 5.046469e-11
496 3.330709e-11
497 0.000000e+00
498 0.000000e+00
499 0.000000e+00
500 2.087049e-08
501 1.731533e-08
502 1.394710e-08
503 1.097907e-08
504 8.469496e-09
505 6.372422e-09
506 4.643506e-09
507 3.303566e-09
508 2.349821e-09
509 1.671324e-09
510 1.196467e-09
511 8.714820e-10
512 6.485604e-10
513 4.913270e-10
514 3.771707e-10
515 2.906482e-10
516 2.225367e-10
517 1.676406e-10
518 1.232115e-10
519 8.780098e-11
520 6.046877e-11
521 4.020493e-11
522 0.000000e+00
523 0.000000e+00
524 0.000000e+00
525 2.261965e-08
526 1.882806e-08
527 1.519902e-08
528 1.198540e-08
529 9.270140e-09
530 6.997923e-09
531 5.109228e-09
532 3.629567e-09
533 2.578732e-09
534 1.832439e-09
535 1.307883e-09
536 9.496825e-10
537 7.052708e-10
538 5.333916e-10
539 4.094148e-10
540 3.159397e-10
541 2.425628e-10
542 1.833815e-10
543 1.353373e-10
544 9.685501e-11
545 6.695000e-11
546 4.465333e-11
547 0.000000e+00
548 0.000000e+00
549 0.000000e+00
550 2.395106e-08
551 1.998065e-08
552 1.615304e-08
553 1.275430e-08
554 9.880750e-09
555 7.476156e-09
556 5.466153e-09
557 3.879747e-09
558 2.754524e-09
559 1.956489e-09
560 1.393771e-09
561 1.009702e-09
562 7.488328e-10
563 5.657385e-10
564 4.341386e-10
565 3.352739e-10
566 2.578357e-10
567 1.954008e-10
568 1.445981e-10
569 1.037694e-10
570 7.190881e-11
571 4.806307e-11
572 0.000000e+00
573 0.000000e+00
574 0.000000e+00
575 2.503347e-08
576 2.091837e-08
577 1.693123e-08
578 1.338054e-08
579 1.037885e-08
580 7.864731e-09
581 5.756174e-09
582 4.083032e-09
583 2.897274e-09
584 2.056929e-09
585 1.463241e-09
586 1.058636e-09
587 7.842061e-10
588 5.919341e-10
589 4.541484e-10
590 3.509529e-10
591 2.702226e-10
592 2.051375e-10
593 1.521323e-10
594 1.093915e-10
595 7.593843e-11
596 5.083093e-11
597 0.000000e+00
598 0.000000e+00
599 0.000000e+00
600 2.592306e-08
601 2.168921e-08
602 1.756959e-08
603 1.389371e-08
604 1.078719e-08
605 8.184611e-09
606 5.994379e-09
607 4.250146e-09
608 3.015015e-09
609 2.140130e-09
610 1.520552e-09
611 1.098827e-09
612 8.134146e-10
613 6.136062e-10
614 4.706916e-10
615 3.638825e-10
616 2.804746e-10
617 2.132047e-10
618 1.583187e-10
619 1.140085e-10
620 7.925542e-11
621 5.310348e-11
622 0.000000e+00
623 0.000000e+00
624 0.000000e+00
625 2.670638e-08
626 2.236574e-08
627 1.813088e-08
628 1.434551e-08
629 1.114671e-08
630 8.465818e-09
631 6.204436e-09
632 4.397009e-09
633 3.118084e-09
634 2.212952e-09
635 1.570752e-09
636 1.134147e-09
637 8.389179e-10
638 6.324585e-10
639 4.851600e-10
640 3.752547e-10
641 2.894167e-10
642 2.202442e-10
643 1.637470e-10
644 1.180659e-10
645 8.215968e-11
646 5.510992e-11
647 0.000000e+00
648 0.000000e+00
649 0.000000e+00
650 2.769643e-08
651 2.322403e-08
652 1.884184e-08
653 1.491727e-08
654 1.160125e-08
655 8.821160e-09
656 6.469216e-09
657 4.582783e-09
658 3.248748e-09
659 2.304959e-09
660 1.634669e-09
661 1.178849e-09
662 8.713481e-10
663 6.565121e-10
664 5.035592e-10
665 3.896108e-10
666 3.008071e-10
667 2.291905e-10
668 1.706404e-10
669 1.232117e-10
670 8.585679e-11
671 5.763586e-11
672 0.000000e+00
673 0.000000e+00
674 0.000000e+00
675 2.542784e-08
676 2.146488e-08
677 1.754820e-08
678 1.397430e-08
679 1.089134e-08
680 8.300710e-09
681 6.149100e-09
682 4.424531e-09
683 3.141834e-09
684 2.232387e-09
685 1.586201e-09
686 1.141405e-09
687 8.366072e-10
688 6.254483e-10
689 4.751575e-10
690 3.644328e-10
691 2.794311e-10
692 2.121387e-10
693 1.579826e-10
694 1.145941e-10
695 8.057806e-11
696 5.478776e-11
697 0.000000e+00
698 0.000000e+00
699 0.000000e+00
700 2.833980e-08
701 2.409522e-08
702 1.981499e-08
703 1.584739e-08
704 1.239998e-08
705 9.499011e-09
706 7.080111e-09
707 5.112251e-09
708 3.624653e-09
709 2.572899e-09
710 1.822664e-09
711 1.305546e-09
712 9.513897e-10
713 7.077862e-10
714 5.357802e-10
715 4.104079e-10
716 3.151050e-10
717 2.401254e-10
718 1.798849e-10
719 1.314408e-10
720 9.315826e-11
721 6.384216e-11
722 0.000000e+00
723 0.000000e+00
724 0.000000e+00
725 3.051274e-08
726 2.605772e-08
727 2.149746e-08
728 1.723393e-08
729 1.351402e-08
730 1.038362e-08
731 7.767080e-09
732 5.617488e-09
733 3.977065e-09
734 2.822210e-09
735 1.995989e-09
736 1.425315e-09
737 1.035098e-09
738 7.682968e-10
739 5.803722e-10
740 4.443351e-10
741 3.415193e-10
742 2.608932e-10
743 1.961396e-10
744 1.439359e-10
745 1.024759e-10
746 7.053748e-11
747 0.000000e+00
748 0.000000e+00
749 0.000000e+00
750 3.228365e-08
751 2.765439e-08
752 2.287188e-08
753 1.836775e-08
754 1.442494e-08
755 1.110632e-08
756 8.328119e-09
757 6.031077e-09
758 4.266000e-09
759 3.026221e-09
760 2.137777e-09
761 1.523807e-09
762 1.103854e-09
763 8.177140e-10
764 6.168179e-10
765 4.720118e-10
766 3.630654e-10
767 2.778128e-10
768 2.094135e-10
769 1.541382e-10
770 1.100841e-10
771 7.600055e-11
772 0.000000e+00
773 0.000000e+00
774 0.000000e+00
775 3.374336e-08
776 2.897068e-08
777 2.400300e-08
778 1.929944e-08
779 1.517414e-08
780 1.170084e-08
781 8.789460e-09
782 6.370929e-09
783 4.503878e-09
784 3.194445e-09
785 2.254446e-09
786 1.604612e-09
787 1.160394e-09
788 8.585324e-10
789 6.468937e-10
790 4.949022e-10
791 3.808861e-10
792 2.918046e-10
793 2.203650e-10
794 1.625467e-10
795 1.163628e-10
796 8.050451e-11
797 0.000000e+00
798 0.000000e+00
799 0.000000e+00
800 3.502315e-08
801 3.012566e-08
802 2.499686e-08
803 2.011874e-08
804 1.583296e-08
805 1.222457e-08
806 9.196140e-09
807 6.670100e-09
808 4.713073e-09
809 3.342331e-09
810 2.357075e-09
811 1.675690e-09
812 1.210050e-09
813 8.942051e-10
814 6.732558e-10
815 5.149427e-10
816 3.964475e-10
817 3.040668e-10
818 2.299310e-10
819 1.699140e-10
820 1.218959e-10
821 8.446065e-11
822 0.000000e+00
823 0.000000e+00
824 0.000000e+00
825 3.664524e-08
826 3.158897e-08
827 2.625335e-08
828 2.115636e-08
829 1.666700e-08
830 1.288599e-08
831 9.709531e-09
832 7.048376e-09
833 4.977515e-09
834 3.529111e-09
835 2.486944e-09
836 1.765734e-09
837 1.272948e-09
838 9.395046e-10
839 7.066904e-10
840 5.403134e-10
841 4.161995e-10
842 3.195951e-10
843 2.420616e-10
844 1.792453e-10
845 1.288199e-10
846 8.945886e-11
847 0.000000e+00
848 0.000000e+00
849 0.000000e+00
850 3.270916e-08
851 2.819126e-08
852 2.347593e-08
853 1.897024e-08
854 1.496504e-08
855 1.155836e-08
856 8.709419e-09
857 6.364383e-09
858 4.535129e-09
859 3.211171e-09
860 2.273133e-09
861 1.615483e-09
862 1.165020e-09
863 8.569777e-10
864 6.421719e-10
865 4.883342e-10
866 3.738004e-10
867 2.853712e-10
868 2.151605e-10
869 1.588622e-10
870 1.141466e-10
871 7.946798e-11
872 0.000000e+00
873 0.000000e+00
874 0.000000e+00
875 3.587284e-08
876 3.114124e-08
877 2.609404e-08
878 2.119020e-08
879 1.677915e-08
880 1.301074e-08
881 9.855089e-09
882 7.239464e-09
883 5.166316e-09
884 3.652801e-09
885 2.585120e-09
886 1.828937e-09
887 1.312566e-09
888 9.606342e-10
889 7.164451e-10
890 5.430828e-10
891 4.154174e-10
892 3.176244e-10
893 2.403538e-10
894 1.784561e-10
895 1.290991e-10
896 9.057592e-11
897 0.000000e+00
898 0.000000e+00
899 0.000000e+00
900 3.841941e-08
901 3.350810e-08
902 2.819375e-08
903 2.296699e-08
904 1.822900e-08
905 1.416991e-08
906 1.076972e-08
907 7.937427e-09
908 5.667848e-09
909 4.002321e-09
910 2.831952e-09
911 1.998381e-09
912 1.429664e-09
913 1.042688e-09
914 7.754910e-10
915 5.866786e-10
916 4.485609e-10
917 3.433596e-10
918 2.605478e-10
919 1.941664e-10
920 1.410846e-10
921 9.944796e-11
922 0.000000e+00
923 0.000000e+00
924 0.000000e+00
925 4.052191e-08
926 3.546462e-08
927 2.992786e-08
928 2.443374e-08
929 1.942601e-08
930 1.512891e-08
931 1.152561e-08
932 8.515508e-09
933 6.084392e-09
934 4.292581e-09
935 3.037023e-09
936 2.138659e-09
937 1.526883e-09
938 1.110833e-09
939 8.244031e-10
940 6.228812e-10
941 4.760877e-10
942 3.647012e-10
943 2.772097e-10
944 2.071554e-10
945 1.510082e-10
946 1.067862e-10
947 0.000000e+00
948 0.000000e+00
949 0.000000e+00
950 4.236675e-08
951 3.718120e-08
952 3.145252e-08
953 2.572284e-08
954 2.047796e-08
955 1.596953e-08
956 1.218984e-08
957 9.021715e-09
958 6.448861e-09
959 4.547110e-09
960 3.216690e-09
961 2.261779e-09
962 1.612085e-09
963 1.170569e-09
964 8.673669e-10
965 6.545413e-10
966 5.001718e-10
967 3.834281e-10
968 2.918706e-10
969 2.185365e-10
970 1.597371e-10
971 1.132429e-10
972 0.000000e+00
973 0.000000e+00
974 0.000000e+00
975 4.470474e-08
976 3.935813e-08
977 3.338049e-08
978 2.735641e-08
979 2.181102e-08
980 1.703505e-08
981 1.303039e-08
982 9.664202e-09
983 6.911247e-09
984 4.869872e-09
985 3.444383e-09
986 2.417883e-09
987 1.719987e-09
988 1.246429e-09
989 9.220796e-10
990 6.947151e-10
991 5.307274e-10
992 4.071451e-10
993 3.104483e-10
994 2.329754e-10
995 1.706981e-10
996 1.213948e-10
997 0.000000e+00
998 0.000000e+00
999 0.000000e+00
1000 4.027460e-08
1001 3.536268e-08
1002 2.996170e-08
1003 2.456835e-08
1004 1.960429e-08
1005 1.530183e-08
1006 1.167992e-08
1007 8.666293e-09
1008 6.235662e-09
1009 4.411104e-09
1010 3.116406e-09
1011 2.198174e-09
1012 1.565935e-09
1013 1.134499e-09
1014 8.383979e-10
1015 6.303223e-10
1016 4.796298e-10
1017 3.661960e-10
1018 2.778152e-10
1019 2.075480e-10
1020 1.515619e-10
1021 1.076035e-10
1022 0.000000e+00
1023 0.000000e+00
1024 0.000000e+00
1025 4.373402e-08
1026 3.866397e-08
1027 3.297327e-08
1028 2.718702e-08
1029 2.178393e-08
1030 1.706241e-08
1031 1.308098e-08
1032 9.758446e-09
1033 7.048946e-09
1034 4.983843e-09
1035 3.518262e-09
1036 2.477560e-09
1037 1.757308e-09
1038 1.266136e-09
1039 9.310497e-10
1040 6.969062e-10
1041 5.289346e-10
1042 4.036784e-10
1043 3.068835e-10
1044 2.301870e-10
1045 1.690326e-10
1046 1.208076e-10
1047 0.000000e+00
1048 0.000000e+00
1049 0.000000e+00
1050 4.656609e-08
1051 4.136909e-08
1052 3.543330e-08
1053 2.931957e-08
1054 2.355818e-08
1055 1.849534e-08
1056 1.421995e-08
1057 1.064693e-08
1058 7.710028e-09
1059 5.448637e-09
1060 3.843405e-09
1061 2.703294e-09
1062 1.912183e-09
1063 1.372739e-09
1064 1.006273e-09
1065 7.509881e-10
1066 5.691051e-10
1067 4.343083e-10
1068 3.305637e-10
1069 2.486626e-10
1070 1.833095e-10
1071 1.316053e-10
1072 0.000000e+00
1073 0.000000e+00
1074 0.000000e+00
1075 4.905558e-08
1076 4.374030e-08
1077 3.759829e-08
1078 3.119820e-08
1079 2.511863e-08
1080 1.975564e-08
1081 1.522302e-08
1082 1.142823e-08
1083 8.291162e-09
1084 5.857549e-09
1085 4.130512e-09
1086 2.902075e-09
1087 2.048579e-09
1088 1.466658e-09
1089 1.072577e-09
1090 7.985373e-10
1091 6.043631e-10
1092 4.611611e-10
1093 3.514301e-10
1094 2.648938e-10
1095 1.958892e-10
1096 1.410866e-10
1097 0.000000e+00
1098 0.000000e+00
1099 0.000000e+00
1100 5.220931e-08
1101 4.674856e-08
1102 4.033794e-08
1103 3.357768e-08
1104 2.709646e-08
1105 2.135210e-08
1106 1.649286e-08
1107 1.241911e-08
1108 9.028607e-09
1109 6.376297e-09
1110 4.493539e-09
1111 3.154421e-09
1112 2.221513e-09
1113 1.585695e-09
1114 1.156480e-09
1115 8.589726e-10
1116 6.491803e-10
1117 4.952612e-10
1118 3.778322e-10
1119 2.854728e-10
1120 2.117153e-10
1121 1.531016e-10
1122 0.000000e+00
1123 0.000000e+00
1124 0.000000e+00
1125 4.832232e-08
1126 4.315205e-08
1127 3.717840e-08
1128 3.094013e-08
1129 2.498449e-08
1130 1.968908e-08
1131 1.518820e-08
1132 1.142263e-08
1133 8.324217e-09
1134 5.908957e-09
1135 4.164565e-09
1136 2.930499e-09
1137 2.066513e-09
1138 1.477383e-09
1139 1.076605e-09
1140 7.990468e-10
1141 6.023917e-10
1142 4.580886e-10
1143 3.481998e-10
1144 2.620179e-10
1145 1.936370e-10
1146 1.396424e-10
1147 0.000000e+00
1148 0.000000e+00
1149 0.000000e+00
1150 5.201906e-08
1151 4.675483e-08
1152 4.054021e-08
1153 3.393119e-08
1154 2.752390e-08
1155 2.176956e-08
1156 1.685357e-08
1157 1.273647e-08
1158 9.328102e-09
1159 6.633645e-09
1160 4.669147e-09
1161 3.284064e-09
1162 2.307895e-09
1163 1.642275e-09
1164 1.190512e-09
1165 8.793538e-10
1166 6.604059e-10
1167 5.012283e-10
1168 3.810215e-10
1169 2.874310e-10
1170 2.133162e-10
1171 1.547062e-10
1172 0.000000e+00
1173 0.000000e+00
1174 0.000000e+00
1175 5.525212e-08
1176 4.990468e-08
1177 4.347278e-08
1178 3.653907e-08
1179 2.973826e-08
1180 2.357894e-08
1181 1.830228e-08
1182 1.387768e-08
1183 1.019945e-08
1184 7.261631e-09
1185 5.106946e-09
1186 3.590575e-09
1187 2.516539e-09
1188 1.785219e-09
1189 1.289457e-09
1190 9.488808e-10
1191 7.107654e-10
1192 5.387969e-10
1193 4.096812e-10
1194 3.095810e-10
1195 2.305022e-10
1196 1.678234e-10
1197 0.000000e+00
1198 0.000000e+00
1199 0.000000e+00
1200 5.934265e-08
1201 5.389288e-08
1202 4.719273e-08
1203 3.984790e-08
1204 3.254507e-08
1205 2.587369e-08
1206 2.013921e-08
1207 1.532764e-08
1208 1.130651e-08
1209 8.058898e-09
1210 5.662060e-09
1211 3.979915e-09
1212 2.781769e-09
1213 1.966662e-09
1214 1.415060e-09
1215 1.037311e-09
1216 7.746621e-10
1217 5.863584e-10
1218 4.459573e-10
1219 3.376710e-10
1220 2.522045e-10
1221 1.844764e-10
1222 0.000000e+00
1223 0.000000e+00
1224 0.000000e+00
1225 5.674581e-08
1226 5.146173e-08
1227 4.503131e-08
1228 3.802465e-08
1229 3.108606e-08
1230 2.473430e-08
1231 1.925027e-08
1232 1.464230e-08
1233 1.081111e-08
1234 7.736408e-09
1235 5.445980e-09
1236 3.826260e-09
1237 2.681080e-09
1238 1.895977e-09
1239 1.363042e-09
1240 9.985986e-10
1241 7.444595e-10
1242 5.621060e-10
1243 4.263166e-10
1244 3.218669e-10
1245 2.397931e-10
1246 1.750346e-10
1247 0.000000e+00
1248 0.000000e+00
1249 0.000000e+00
1250 6.082347e-08
1251 5.550858e-08
1252 4.888320e-08
1253 4.152883e-08
1254 3.412137e-08
1255 2.725601e-08
1256 2.128728e-08
1257 1.625828e-08
1258 1.206691e-08
1259 8.666843e-09
1260 6.100024e-09
1261 4.281940e-09
1262 2.994459e-09
1263 2.109284e-09
1264 1.508198e-09
1265 1.099080e-09
1266 8.154623e-10
1267 6.137269e-10
1268 4.649036e-10
1269 3.512867e-10
1270 2.625101e-10
1271 1.924563e-10
1272 0.000000e+00
1273 0.000000e+00
1274 0.000000e+00
1275 6.597511e-08
1276 6.061820e-08
1277 5.374694e-08
1278 4.595107e-08
1279 3.794892e-08
1280 3.043514e-08
1281 2.385151e-08
1282 1.829489e-08
1283 1.364846e-08
1284 9.837167e-09
1285 6.919924e-09
1286 4.854618e-09
1287 3.388206e-09
1288 2.377004e-09
1289 1.690507e-09
1290 1.225563e-09
1291 9.050764e-10
1292 6.787507e-10
1293 5.135389e-10
1294 3.884448e-10
1295 2.911043e-10
1296 2.144774e-10
1297 0.000000e+00
1298 0.000000e+00
1299 0.000000e+00
1300 6.593478e-08
1301 6.067082e-08
1302 5.390004e-08
1303 4.619449e-08
1304 3.825483e-08
1305 3.075851e-08
1306 2.414699e-08
1307 1.854512e-08
1308 1.386457e-08
1309 1.003272e-08
1310 7.079712e-09
1311 4.962974e-09
1312 3.467809e-09
1313 2.429634e-09
1314 1.724454e-09
1315 1.246596e-09
1316 9.174752e-10
1317 6.859197e-10
1318 5.174956e-10
1319 3.905724e-10
1320 2.924064e-10
1321 2.153132e-10
1322 0.000000e+00
1323 0.000000e+00
1324 0.000000e+00
1325 7.234188e-08
1326 6.713688e-08
1327 6.017319e-08
1328 5.201973e-08
1329 4.340996e-08
1330 3.511451e-08
1331 2.769976e-08
1332 2.138430e-08
1333 1.609436e-08
1334 1.172319e-08
1335 8.288459e-09
1336 5.803169e-09
1337 4.051486e-09
1338 2.824722e-09
1339 1.991369e-09
1340 1.428666e-09
1341 1.043914e-09
1342 7.755046e-10
1343 5.829066e-10
1344 4.397807e-10
1345 3.297685e-10
1346 2.439044e-10
1347 0.000000e+00
1348 0.000000e+00
1349 0.000000e+00
1350 8.091702e-08
1351 7.597480e-08
1352 6.895973e-08
1353 6.039844e-08
1354 5.103769e-08
1355 4.173366e-08
1356 3.320318e-08
1357 2.582742e-08
1358 1.962159e-08
1359 1.446215e-08
1360 1.031595e-08
1361 7.223325e-09
1362 5.037625e-09
1363 3.496813e-09
1364 2.443259e-09
1365 1.731149e-09
1366 1.249188e-09
1367 9.167174e-10
1368 6.824409e-10
1369 5.119467e-10
1370 3.831954e-10
1371 2.843170e-10
1372 0.000000e+00
1373 0.000000e+00
1374 0.000000e+00
1375 6.324850e-07
1376 5.175721e-07
1377 4.138241e-07
1378 3.246862e-07
1379 2.475602e-07
1380 1.806535e-07
1381 1.280582e-07
1382 9.101550e-08
1383 6.393015e-08
1384 0.000000e+00
1385 0.000000e+00
1386 0.000000e+00
1387 0.000000e+00
1388 0.000000e+00
1389 0.000000e+00
1390 0.000000e+00
1391 0.000000e+00
1392 0.000000e+00
1393 0.000000e+00
1394 0.000000e+00
1395 0.000000e+00
1396 0.000000e+00
1397 0.000000e+00
1398 0.000000e+00
1399 0.000000e+00
1400 8.363388e-07
1401 6.895467e-07
1402 5.542233e-07
1403 4.379589e-07
1404 3.380083e-07
1405 2.495449e-07
1406 1.771242e-07
1407 1.259966e-07
1408 8.844591e-08
1409 0.000000e+00
1410 0.000000e+00
1411 0.000000e+00
1412 0.000000e+00
1413 0.000000e+00
1414 0.000000e+00
1415 0.000000e+00
1416 0.000000e+00
1417 0.000000e+00
1418 0.000000e+00
1419 0.000000e+00
1420 0.000000e+00
1421 0.000000e+00
1422 0.000000e+00
1423 0.000000e+00
1424 0.000000e+00
1425 9.463621e-07
1426 7.822538e-07
1427 6.298092e-07
1428 4.989464e-07
1429 3.866470e-07
1430 2.864769e-07
1431 2.033838e-07
1432 1.447420e-07
1433 1.015629e-07
1434 0.000000e+00
1435 0.000000e+00
1436 0.000000e+00
1437 0.000000e+00
1438 0.000000e+00
1439 0.000000e+00
1440 0.000000e+00
1441 0.000000e+00
1442 0.000000e+00
1443 0.000000e+00
1444 0.000000e+00
1445 0.000000e+00
1446 0.000000e+00
1447 0.000000e+00
1448 0.000000e+00
1449 0.000000e+00
1450 1.020842e-06
1451 8.450296e-07
1452 6.809901e-07
1453 5.402582e-07
1454 4.196054e-07
1455 3.114950e-07
1456 2.211741e-07
1457 1.574421e-07
1458 1.104513e-07
1459 0.000000e+00
1460 0.000000e+00
1461 0.000000e+00
1462 0.000000e+00
1463 0.000000e+00
1464 0.000000e+00
1465 0.000000e+00
1466 0.000000e+00
1467 0.000000e+00
1468 0.000000e+00
1469 0.000000e+00
1470 0.000000e+00
1471 0.000000e+00
1472 0.000000e+00
1473 0.000000e+00
1474 0.000000e+00
1475 1.077359e-06
1476 8.925952e-07
1477 7.198034e-07
1478 5.715544e-07
1479 4.445847e-07
1480 3.304507e-07
1481 2.346611e-07
1482 1.670686e-07
1483 1.171863e-07
1484 0.000000e+00
1485 0.000000e+00
1486 0.000000e+00
1487 0.000000e+00
1488 0.000000e+00
1489 0.000000e+00
1490 0.000000e+00
1491 0.000000e+00
1492 0.000000e+00
1493 0.000000e+00
1494 0.000000e+00
1495 0.000000e+00
1496 0.000000e+00
1497 0.000000e+00
1498 0.000000e+00
1499 0.000000e+00
1500 1.123187e-06
1501 9.312160e-07
1502 7.512996e-07
1503 5.969803e-07
1504 4.648680e-07
1505 3.458433e-07
1506 2.456011e-07
1507 1.748769e-07
1508 1.226519e-07
1509 0.000000e+00
1510 0.000000e+00
1511 0.000000e+00
1512 0.000000e+00
1513 0.000000e+00
1514 0.000000e+00
1515 0.000000e+00
1516 0.000000e+00
1517 0.000000e+00
1518 0.000000e+00
1519 0.000000e+00
1520 0.000000e+00
1521 0.000000e+00
1522 0.000000e+00
1523 0.000000e+00
1524 0.000000e+00
1525 1.160955e-06
1526 9.630561e-07
1527 7.772738e-07
1528 6.179217e-07
1529 4.815429e-07
1530 3.585178e-07
1531 2.546228e-07
1532 1.813164e-07
1533 1.271556e-07
1534 0.000000e+00
1535 0.000000e+00
1536 0.000000e+00
1537 0.000000e+00
1538 0.000000e+00
1539 0.000000e+00
1540 0.000000e+00
1541 0.000000e+00
1542 0.000000e+00
1543 0.000000e+00
1544 0.000000e+00
1545 0.000000e+00
1546 0.000000e+00
1547 0.000000e+00
1548 0.000000e+00
1549 0.000000e+00
1550 1.194066e-06
1551 9.909527e-07
1552 8.000401e-07
1553 6.362976e-07
1554 4.962096e-07
1555 3.696378e-07
1556 2.625332e-07
1557 1.869628e-07
1558 1.311127e-07
1559 0.000000e+00
1560 0.000000e+00
1561 0.000000e+00
1562 0.000000e+00
1563 0.000000e+00
1564 0.000000e+00
1565 0.000000e+00
1566 0.000000e+00
1567 0.000000e+00
1568 0.000000e+00
1569 0.000000e+00
1570 0.000000e+00
1571 0.000000e+00
1572 0.000000e+00
1573 0.000000e+00
1574 0.000000e+00
1575 1.236093e-06
1576 1.026353e-06
1577 8.288921e-07
1578 6.595773e-07
1579 5.147572e-07
1580 3.837467e-07
1581 2.725562e-07
1582 1.941234e-07
1583 1.361214e-07
1584 0.000000e+00
1585 0.000000e+00
1586 0.000000e+00
1587 0.000000e+00
1588 0.000000e+00
1589 0.000000e+00
1590 0.000000e+00
1591 0.000000e+00
1592 0.000000e+00
1593 0.000000e+00
1594 0.000000e+00
1595 0.000000e+00
1596 0.000000e+00
1597 0.000000e+00
1598 0.000000e+00
1599 0.000000e+00
1600 2.820643e-07
1601 2.631497e-07
1602 2.286770e-07
1603 1.881778e-07
1604 1.531851e-07
1605 1.272806e-07
1606 1.010656e-07
1607 7.137348e-08
1608 5.141875e-08
1609 3.601703e-08
1610 2.472767e-08
1611 1.674702e-08
1612 0.000000e+00
1613 0.000000e+00
1614 0.000000e+00
1615 0.000000e+00
1616 0.000000e+00
1617 0.000000e+00
1618 0.000000e+00
1619 0.000000e+00
1620 0.000000e+00
1621 0.000000e+00
1622 0.000000e+00
1623 0.000000e+00
1624 0.000000e+00
1625 4.506918e-07
1626 4.227580e-07
1627 3.696245e-07
1628 3.053443e-07
1629 2.483186e-07
1630 2.058336e-07
1631 1.648038e-07
1632 1.176431e-07
1633 8.409505e-08
1634 5.936605e-08
1635 4.074357e-08
1636 2.756819e-08
1637 0.000000e+00
1638 0.000000e+00
1639 0.000000e+00
1640 0.000000e+00
1641 0.000000e+00
1642 0.000000e+00
1643 0.000000e+00
1644 0.000000e+00
1645 0.000000e+00
1646 0.000000e+00
1647 0.000000e+00
1648 0.000000e+00
1649 0.000000e+00
1650 5.603265e-07
1651 5.264062e-07
1652 4.610157e-07
1653 3.812313e-07
1654 3.099356e-07
1655 2.567516e-07
1656 2.060565e-07
1657 1.474923e-07
1658 1.052112e-07
1659 7.442144e-08
1660 5.107894e-08
1661 3.454715e-08
1662 0.000000e+00
1663 0.000000e+00
1664 0.000000e+00
1665 0.000000e+00
1666 0.000000e+00
1667 0.000000e+00
1668 0.000000e+00
1669 0.000000e+00
1670 0.000000e+00
1671 0.000000e+00
1672 0.000000e+00
1673 0.000000e+00
1674 0.000000e+00
1675 6.433792e-07
1676 6.049126e-07
1677 5.302318e-07
1678 4.387112e-07
1679 3.566083e-07
1680 2.953198e-07
1681 2.373063e-07
1682 1.701036e-07
1683 1.212068e-07
1684 8.582792e-08
1685 5.890850e-08
1686 3.983476e-08
1687 0.000000e+00
1688 0.000000e+00
1689 0.000000e+00
1690 0.000000e+00
1691 0.000000e+00
1692 0.000000e+00
1693 0.000000e+00
1694 0.000000e+00
1695 0.000000e+00
1696 0.000000e+00
1697 0.000000e+00
1698 0.000000e+00
1699 0.000000e+00
1700 7.107863e-07
1701 6.686315e-07
1702 5.864179e-07
1703 4.853596e-07
1704 3.944842e-07
1705 3.266216e-07
1706 2.626684e-07
1707 1.884484e-07
1708 1.341906e-07
1709 9.508579e-08
1710 6.526320e-08
1711 4.412635e-08
1712 0.000000e+00
1713 0.000000e+00
1714 0.000000e+00
1715 0.000000e+00
1716 0.000000e+00
1717 0.000000e+00
1718 0.000000e+00
1719 0.000000e+00
1720 0.000000e+00
1721 0.000000e+00
1722 0.000000e+00
1723 0.000000e+00
1724 0.000000e+00
1725 7.663288e-07
1726 7.211351e-07
1727 6.327192e-07
1728 5.238000e-07
1729 4.256963e-07
1730 3.524019e-07
1731 2.835679e-07
1732 2.035666e-07
1733 1.448892e-07
1734 1.027125e-07
1735 7.049825e-08
1736 4.766180e-08
1737 0.000000e+00
1738 0.000000e+00
1739 0.000000e+00
1740 0.000000e+00
1741 0.000000e+00
1742 0.000000e+00
1743 0.000000e+00
1744 0.000000e+00
1745 0.000000e+00
1746 0.000000e+00
1747 0.000000e+00
1748 0.000000e+00
1749 0.000000e+00
1750 8.150571e-07
1751 7.672104e-07
1752 6.733347e-07
1753 5.575247e-07
1754 4.530793e-07
1755 3.750296e-07
1756 3.019038e-07
1757 2.168327e-07
1758 1.542752e-07
1759 1.094033e-07
1760 7.509200e-08
1761 5.076414e-08
1762 0.000000e+00
1763 0.000000e+00
1764 0.000000e+00
1765 0.000000e+00
1766 0.000000e+00
1767 0.000000e+00
1768 0.000000e+00
1769 0.000000e+00
1770 0.000000e+00
1771 0.000000e+00
1772 0.000000e+00
1773 0.000000e+00
1774 0.000000e+00
1775 8.767495e-07
1776 8.255086e-07
1777 7.247578e-07
1778 6.002225e-07
1779 4.877362e-07
1780 4.036778e-07
1781 3.251169e-07
1782 2.336272e-07
1783 1.661553e-07
1784 1.178756e-07
1785 8.090685e-08
1786 5.469168e-08
1787 0.000000e+00
1788 0.000000e+00
1789 0.000000e+00
1790 0.000000e+00
1791 0.000000e+00
1792 0.000000e+00
1793 0.000000e+00
1794 0.000000e+00
1795 0.000000e+00
1796 0.000000e+00
1797 0.000000e+00
1798 0.000000e+00
1799 0.000000e+00
1800 1.644640e-07
1801 1.654057e-07
1802 1.561064e-07
1803 1.369075e-07
1804 1.129368e-07
1805 9.147656e-08
1806 7.595132e-08
1807 6.147339e-08
1808 4.326579e-08
1809 3.101925e-08
1810 2.158801e-08
1811 1.485975e-08
1812 9.899466e-09
1813 0.000000e+00
1814 0.000000e+00
1815 0.000000e+00
1816 0.000000e+00
1817 0.000000e+00
1818 0.000000e+00
1819 0.000000e+00
1820 0.000000e+00
1821 0.000000e+00
1822 0.000000e+00
1823 0.000000e+00
1824 0.000000e+00
1825 2.856241e-07
1826 2.878047e-07
1827 2.726064e-07
1828 2.401945e-07
1829 1.987928e-07
1830 1.609422e-07
1831 1.332991e-07
1832 1.084780e-07
1833 7.716278e-08
1834 5.477956e-08
1835 3.848376e-08
1836 2.644978e-08
1837 1.761207e-08
1838 0.000000e+00
1839 0.000000e+00
1840 0.000000e+00
1841 0.000000e+00
1842 0.000000e+00
1843 0.000000e+00
1844 0.000000e+00
1845 0.000000e+00
1846 0.000000e+00
1847 0.000000e+00
1848 0.000000e+00
1849 0.000000e+00
1850 3.728619e-07
1851 3.758814e-07
1852 3.563684e-07
1853 3.143575e-07
1854 2.603843e-07
1855 2.107577e-07
1856 1.744684e-07
1857 1.421751e-07
1858 1.013977e-07
1859 7.181205e-08
1860 5.056155e-08
1861 3.472805e-08
1862 2.312876e-08
1863 0.000000e+00
1864 0.000000e+00
1865 0.000000e+00
1866 0.000000e+00
1867 0.000000e+00
1868 0.000000e+00
1869 0.000000e+00
1870 0.000000e+00
1871 0.000000e+00
1872 0.000000e+00
1873 0.000000e+00
1874 0.000000e+00
1875 4.436827e-07
1876 4.473905e-07
1877 4.242998e-07
1878 3.745349e-07
1879 3.103853e-07
1880 2.512308e-07
1881 2.078903e-07
1882 1.695401e-07
1883 1.210729e-07
1884 8.563905e-08
1885 6.036497e-08
1886 4.145763e-08
1887 2.760890e-08
1888 0.000000e+00
1889 0.000000e+00
1890 0.000000e+00
1891 0.000000e+00
1892 0.000000e+00
1893 0.000000e+00
1894 0.000000e+00
1895 0.000000e+00
1896 0.000000e+00
1897 0.000000e+00
1898 0.000000e+00
1899 0.000000e+00
1900 5.020283e-07
1901 5.062196e-07
1902 4.803102e-07
1903 4.241335e-07
1904 3.515736e-07
1905 2.845536e-07
1906 2.354247e-07
1907 1.920733e-07
1908 1.372899e-07
1909 9.704269e-08
1910 6.844246e-08
1911 4.700184e-08
1912 3.129788e-08
1913 0.000000e+00
1914 0.000000e+00
1915 0.000000e+00
1916 0.000000e+00
1917 0.000000e+00
1918 0.000000e+00
1919 0.000000e+00
1920 0.000000e+00
1921 0.000000e+00
1922 0.000000e+00
1923 0.000000e+00
1924 0.000000e+00
1925 5.532074e-07
1926 5.578917e-07
1927 5.294474e-07
1928 4.676457e-07
1929 3.877083e-07
1930 3.137919e-07
1931 2.595751e-07
1932 2.118506e-07
1933 1.515110e-07
1934 1.070366e-07
1935 7.552869e-08
1936 5.186565e-08
1937 3.453483e-08
1938 0.000000e+00
1939 0.000000e+00
1940 0.000000e+00
1941 0.000000e+00
1942 0.000000e+00
1943 0.000000e+00
1944 0.000000e+00
1945 0.000000e+00
1946 0.000000e+00
1947 0.000000e+00
1948 0.000000e+00
1949 0.000000e+00
1950 6.180415e-07
1951 6.233420e-07
1952 5.916871e-07
1953 5.228033e-07
1954 4.334817e-07
1955 3.508268e-07
1956 2.901712e-07
1957 2.369016e-07
1958 1.695058e-07
1959 1.196927e-07
1960 8.450042e-08
1961 5.802646e-08
1962 3.861865e-08
1963 0.000000e+00
1964 0.000000e+00
1965 0.000000e+00
1966 0.000000e+00
1967 0.000000e+00
1968 0.000000e+00
1969 0.000000e+00
1970 0.000000e+00
1971 0.000000e+00
1972 0.000000e+00
1973 0.000000e+00
1974 0.000000e+00
1975 1.113015e-07
1976 1.165476e-07
1977 1.158333e-07
1978 1.076043e-07
1979 9.281585e-08
1980 7.582104e-08
1981 6.153243e-08
1982 5.130198e-08
1983 4.041918e-08
1984 2.762319e-08
1985 2.030506e-08
1986 1.374657e-08
1987 9.348602e-09
1988 6.219697e-09
1989 0.000000e+00
1990 0.000000e+00
1991 0.000000e+00
1992 0.000000e+00
1993 0.000000e+00
1994 0.000000e+00
1995 0.000000e+00
1996 0.000000e+00
1997 0.000000e+00
1998 0.000000e+00
1999 0.000000e+00
2000 2.035961e-07
2001 2.132052e-07
2002 2.122560e-07
2003 1.978831e-07
2004 1.713672e-07
2005 1.402586e-07
2006 1.136949e-07
2007 9.465287e-08
2008 7.517278e-08
2009 5.170895e-08
2010 3.769793e-08
2011 2.565530e-08
2012 1.748932e-08
2013 1.159770e-08
2014 0.000000e+00
2015 0.000000e+00
2016 0.000000e+00
2017 0.000000e+00
2018 0.000000e+00
2019 0.000000e+00
2020 0.000000e+00
2021 0.000000e+00
2022 0.000000e+00
2023 0.000000e+00
2024 0.000000e+00
2025 2.746476e-07
2026 2.875778e-07
2027 2.864234e-07
2028 2.672624e-07
2029 2.316802e-07
2030 1.897096e-07
2031 1.537278e-07
2032 1.279432e-07
2033 1.018070e-07
2034 7.012772e-08
2035 5.103768e-08
2036 3.476963e-08
2037 2.371643e-08
2038 1.571559e-08
2039 0.000000e+00
2040 0.000000e+00
2041 0.000000e+00
2042 0.000000e+00
2043 0.000000e+00
2044 0.000000e+00
2045 0.000000e+00
2046 0.000000e+00
2047 0.000000e+00
2048 0.000000e+00
2049 0.000000e+00
2050 3.331885e-07
2051 3.488653e-07
2052 3.475301e-07
2053 3.244319e-07
2054 2.813703e-07
2055 2.304493e-07
2056 1.867162e-07
2057 1.553692e-07
2058 1.237473e-07
2059 8.531085e-08
2060 6.202748e-08
2061 4.228119e-08
2062 2.884976e-08
2063 1.910899e-08
2064 0.000000e+00
2065 0.000000e+00
2066 0.000000e+00
2067 0.000000e+00
2068 0.000000e+00
2069 0.000000e+00
2070 0.000000e+00
2071 0.000000e+00
2072 0.000000e+00
2073 0.000000e+00
2074 0.000000e+00
2075 3.845422e-07
2076 4.026282e-07
2077 4.011407e-07
2078 3.745669e-07
2079 3.249606e-07
2080 2.661878e-07
2081 2.156471e-07
2082 1.794284e-07
2083 1.430054e-07
2084 9.861849e-08
2085 7.166977e-08
2086 4.886672e-08
2087 3.334982e-08
2088 2.208421e-08
2089 0.000000e+00
2090 0.000000e+00
2091 0.000000e+00
2092 0.000000e+00
2093 0.000000e+00
2094 0.000000e+00
2095 0.000000e+00
2096 0.000000e+00
2097 0.000000e+00
2098 0.000000e+00
2099 0.000000e+00
2100 4.496188e-07
2101 4.707663e-07
2102 4.690944e-07
2103 4.381348e-07
2104 3.802156e-07
2105 3.114968e-07
2106 2.523398e-07
2107 2.099305e-07
2108 1.673989e-07
2109 1.154970e-07
2110 8.389060e-08
2111 5.721649e-08
2112 3.905541e-08
2113 2.585650e-08
2114 0.000000e+00
2115 0.000000e+00
2116 0.000000e+00
2117 0.000000e+00
2118 0.000000e+00
2119 0.000000e+00
2120 0.000000e+00
2121 0.000000e+00
2122 0.000000e+00
2123 0.000000e+00
2124 0.000000e+00
2125 8.330373e-08
2126 8.956814e-08
2127 9.203582e-08
2128 8.920371e-08
2129 8.058698e-08
2130 6.785076e-08
2131 5.489002e-08
2132 4.500273e-08
2133 3.746683e-08
2134 2.779579e-08
2135 1.883567e-08
2136 1.369334e-08
2137 9.289397e-09
2138 6.108674e-09
2139 4.088818e-09
2140 0.000000e+00
2141 0.000000e+00
2142 0.000000e+00
2143 0.000000e+00
2144 0.000000e+00
2145 0.000000e+00
2146 0.000000e+00
2147 0.000000e+00
2148 0.000000e+00
2149 0.000000e+00
2150 1.570775e-07
2151 1.687295e-07
2152 1.735324e-07
2153 1.685834e-07
2154 1.527262e-07
2155 1.289323e-07
2156 1.043851e-07
2157 8.541460e-08
2158 7.114468e-08
2159 5.322384e-08
2160 3.600989e-08
2161 2.628948e-08
2162 1.777659e-08
2163 1.172860e-08
2164 7.833008e-09
2165 0.000000e+00
2166 0.000000e+00
2167 0.000000e+00
2168 0.000000e+00
2169 0.000000e+00
2170 0.000000e+00
2171 0.000000e+00
2172 0.000000e+00
2173 0.000000e+00
2174 0.000000e+00
2175 2.149254e-07
2176 2.308034e-07
2177 2.374185e-07
2178 2.307647e-07
2179 2.092013e-07
2180 1.767204e-07
2181 1.430958e-07
2182 1.170384e-07
2183 9.749465e-08
2184 7.308003e-08
2185 4.942015e-08
2186 3.611862e-08
2187 2.440434e-08
2188 1.611319e-08
2189 1.075611e-08
2190 0.000000e+00
2191 0.000000e+00
2192 0.000000e+00
2193 0.000000e+00
2194 0.000000e+00
2195 0.000000e+00
2196 0.000000e+00
2197 0.000000e+00
2198 0.000000e+00
2199 0.000000e+00
2200 2.656733e-07
2201 2.852690e-07
2202 2.934657e-07
2203 2.853145e-07
2204 2.587398e-07
2205 2.186386e-07
2206 1.770532e-07
2207 1.447779e-07
2208 1.206095e-07
2209 9.049779e-08
2210 6.118325e-08
2211 4.474082e-08
2212 3.021818e-08
2213 1.995938e-08
2214 1.332024e-08
2215 0.000000e+00
2216 0.000000e+00
2217 0.000000e+00
2218 0.000000e+00
2219 0.000000e+00
2220 0.000000e+00
2221 0.000000e+00
2222 0.000000e+00
2223 0.000000e+00
2224 0.000000e+00
2225 3.299722e-07
2226 3.542561e-07
2227 3.644682e-07
2228 3.544353e-07
2229 3.214972e-07
2230 2.717425e-07
2231 2.200719e-07
2232 1.799196e-07
2233 1.498926e-07
2234 1.125649e-07
2235 7.608644e-08
2236 5.566457e-08
2237 3.758390e-08
2238 2.483274e-08
2239 1.656882e-08
2240 0.000000e+00
2241 0.000000e+00
2242 0.000000e+00
2243 0.000000e+00
2244 0.000000e+00
2245 0.000000e+00
2246 0.000000e+00
2247 0.000000e+00
2248 0.000000e+00
2249 0.000000e+00
2250 6.678049e-08
2251 7.311833e-08
2252 7.698929e-08
2253 7.721376e-08
2254 7.260585e-08
2255 6.326595e-08
2256 5.190368e-08
2257 4.197510e-08
2258 3.490435e-08
2259 2.805576e-08
2260 1.933422e-08
2261 1.395289e-08
2262 9.426127e-09
2263 6.411177e-09
2264 4.177165e-09
2265 0.000000e+00
2266 0.000000e+00
2267 0.000000e+00
2268 0.000000e+00
2269 0.000000e+00
2270 0.000000e+00
2271 0.000000e+00
2272 0.000000e+00
2273 0.000000e+00
2274 0.000000e+00
2275 1.260680e-07
2276 1.378733e-07
2277 1.451694e-07
2278 1.457196e-07
2279 1.373406e-07
2280 1.200547e-07
2281 9.865585e-08
2282 7.973905e-08
2283 6.621611e-08
2284 5.349652e-08
2285 3.707812e-08
2286 2.656030e-08
2287 1.804802e-08
2288 1.228452e-08
2289 7.988468e-09
2290 0.000000e+00
2291 0.000000e+00
2292 0.000000e+00
2293 0.000000e+00
2294 0.000000e+00
2295 0.000000e+00
2296 0.000000e+00
2297 0.000000e+00
2298 0.000000e+00
2299 0.000000e+00
2300 1.758882e-07
2301 1.922838e-07
2302 2.024468e-07
2303 2.032562e-07
2304 1.916824e-07
2305 1.676898e-07
2306 1.378566e-07
2307 1.114076e-07
2308 9.248262e-08
2309 7.481716e-08
2310 5.192577e-08
2311 3.712862e-08
2312 2.526440e-08
2313 1.720063e-08
2314 1.117965e-08
2315 0.000000e+00
2316 0.000000e+00
2317 0.000000e+00
2318 0.000000e+00
2319 0.000000e+00
2320 0.000000e+00
2321 0.000000e+00
2322 0.000000e+00
2323 0.000000e+00
2324 0.000000e+00
2325 2.390206e-07
2326 2.612324e-07
2327 2.750358e-07
2328 2.761673e-07
2329 2.605479e-07
2330 2.280587e-07
2331 1.875318e-07
2332 1.515384e-07
2333 1.257678e-07
2334 1.018322e-07
2335 7.073917e-08
2336 5.052035e-08
2337 3.440796e-08
2338 2.342973e-08
2339 1.522306e-08
2340 0.000000e+00
2341 0.000000e+00
2342 0.000000e+00
2343 0.000000e+00
2344 0.000000e+00
2345 0.000000e+00
2346 0.000000e+00
2347 0.000000e+00
2348 0.000000e+00
2349 0.000000e+00
2350 5.390125e-08
2351 5.997415e-08
2352 6.448914e-08
2353 6.629714e-08
2354 6.428437e-08
2355 5.813004e-08
2356 4.898828e-08
2357 3.960489e-08
2358 3.243793e-08
2359 2.701219e-08
2360 2.007458e-08
2361 1.350035e-08
2362 9.787068e-09
2363 6.579879e-09
2364 4.275879e-09
2365 2.820520e-09
2366 0.000000e+00
2367 0.000000e+00
2368 0.000000e+00
2369 0.000000e+00
2370 0.000000e+00
2371 0.000000e+00
2372 0.000000e+00
2373 0.000000e+00
2374 0.000000e+00
2375 1.042741e-07
2376 1.158073e-07
2377 1.244571e-07
2378 1.280655e-07
2379 1.244178e-07
2380 1.127326e-07
2381 9.519542e-08
2382 7.701045e-08
2383 6.298159e-08
2384 5.246408e-08
2385 3.923413e-08
2386 2.635317e-08
2387 1.918194e-08
2388 1.285923e-08
2389 8.378945e-09
2390 5.518917e-09
2391 0.000000e+00
2392 0.000000e+00
2393 0.000000e+00
2394 0.000000e+00
2395 0.000000e+00
2396 0.000000e+00
2397 0.000000e+00
2398 0.000000e+00
2399 0.000000e+00
2400 1.658131e-07
2401 1.840193e-07
2402 1.977212e-07
2403 2.035125e-07
2404 1.978272e-07
2405 1.793601e-07
2406 1.515545e-07
2407 1.226271e-07
2408 1.002424e-07
2409 8.351086e-08
2410 6.257566e-08
2411 4.201121e-08
2412 3.062028e-08
2413 2.050870e-08
2414 1.337425e-08
2415 8.805310e-09
2416 0.000000e+00
2417 0.000000e+00
2418 0.000000e+00
2419 0.000000e+00
2420 0.000000e+00
2421 0.000000e+00
2422 0.000000e+00
2423 0.000000e+00
2424 0.000000e+00
2425 4.630817e-08
2426 5.217749e-08
2427 5.690672e-08
2428 5.972013e-08
2429 5.968279e-08
2430 5.581830e-08
2431 4.834848e-08
2432 3.955370e-08
2433 3.199379e-08
2434 2.664157e-08
2435 2.119757e-08
2436 1.447011e-08
2437 1.052141e-08
2438 6.997449e-09
2439 4.697903e-09
2440 3.031586e-09
2441 0.000000e+00
2442 0.000000e+00
2443 0.000000e+00
2444 0.000000e+00
2445 0.000000e+00
2446 0.000000e+00
2447 0.000000e+00
2448 0.000000e+00
2449 0.000000e+00
2450 1.073778e-07
2451 1.207470e-07
2452 1.316102e-07
2453 1.381200e-07
2454 1.381616e-07
2455 1.295211e-07
2456 1.124885e-07
2457 9.211823e-08
2458 7.447549e-08
2459 6.195682e-08
2460 4.955261e-08
2461 3.395234e-08
2462 2.454856e-08
2463 1.639135e-08
2464 1.102621e-08
2465 7.100005e-09
2466 0.000000e+00
2467 0.000000e+00
2468 0.000000e+00
2469 0.000000e+00
2470 0.000000e+00
2471 0.000000e+00
2472 0.000000e+00
2473 0.000000e+00
2474 0.000000e+00
2475 5.867032e-08
2476 6.672249e-08
2477 7.383341e-08
2478 7.889734e-08
2479 8.052262e-08
2480 7.751626e-08
2481 6.957846e-08
2482 5.819093e-08
2483 4.696648e-08
2484 3.859650e-08
2485 3.206637e-08
2486 2.333643e-08
2487 1.583672e-08
2488 1.123763e-08
2489 7.553249e-09
2490 4.823784e-09
2491 3.138168e-09
2492 0.000000e+00
2493 0.000000e+00
2494 0.000000e+00
2495 0.000000e+00
2496 0.000000e+00
2497 0.000000e+00
2498 0.000000e+00
2499 0.000000e+00
2500 4.574869e-05
2501 3.794955e-05
2502 3.069282e-05
2503 2.450179e-05
2504 1.912508e-05
2505 1.415986e-05
2506 1.002114e-05
2507 7.150616e-06
2508 4.986182e-06
2509 0.000000e+00
2510 0.000000e+00
2511 0.000000e+00
2512 0.000000e+00
2513 0.000000e+00
2514 0.000000e+00
2515 0.000000e+00
2516 0.000000e+00
2517 0.000000e+00
2518 0.000000e+00
2519 0.000000e+00
2520 0.000000e+00
2521 0.000000e+00
2522 0.000000e+00
2523 0.000000e+00
2524 0.000000e+00
2525 3.662043e-05
2526 3.449184e-05
2527 3.027699e-05
2528 2.503822e-05
2529 2.031082e-05
2530 1.683685e-05
2531 1.362697e-05
2532 9.727453e-06
2533 6.941058e-06
2534 4.904729e-06
2535 3.377778e-06
2536 2.275703e-06
2537 0.000000e+00
2538 0.000000e+00
2539 0.000000e+00
2540 0.000000e+00
2541 0.000000e+00
2542 0.000000e+00
2543 0.000000e+00
2544 0.000000e+00
2545 0.000000e+00
2546 0.000000e+00
2547 0.000000e+00
2548 0.000000e+00
2549 0.000000e+00
2550 2.663907e-05
2551 2.686293e-05
2552 2.551425e-05
2553 2.254820e-05
2554 1.868206e-05
2555 1.510438e-05
2556 1.249793e-05
2557 1.024493e-05
2558 7.312377e-06
2559 5.159425e-06
2560 3.634994e-06
2561 2.506029e-06
2562 1.662702e-06
2563 0.000000e+00
2564 0.000000e+00
2565 0.000000e+00
2566 0.000000e+00
2567 0.000000e+00
2568 0.000000e+00
2569 0.000000e+00
2570 0.000000e+00
2571 0.000000e+00
2572 0.000000e+00
2573 0.000000e+00
2574 0.000000e+00
2575 2.001270e-05
2576 2.093684e-05
2577 2.087135e-05
2578 1.950469e-05
2579 1.691879e-05
2580 1.385414e-05
2581 1.121485e-05
2582 9.336253e-06
2583 7.458962e-06
2584 5.134680e-06
2585 3.743466e-06
2586 2.542350e-06
2587 1.739074e-06
2588 1.150473e-06
2589 0.000000e+00
2590 0.000000e+00
2591 0.000000e+00
2592 0.000000e+00
2593 0.000000e+00
2594 0.000000e+00
2595 0.000000e+00
2596 0.000000e+00
2597 0.000000e+00
2598 0.000000e+00
2599 0.000000e+00
2600 1.548136e-05
2601 1.660711e-05
2602 1.708322e-05
2603 1.660654e-05
2604 1.506473e-05
2605 1.274051e-05
2606 1.031309e-05
2607 8.428352e-06
2608 7.026328e-06
2609 5.286628e-06
2610 3.556901e-06
2611 2.613254e-06
2612 1.762999e-06
2613 1.163856e-06
2614 7.771766e-07
2615 0.000000e+00
2616 0.000000e+00
2617 0.000000e+00
2618 0.000000e+00
2619 0.000000e+00
2620 0.000000e+00
2621 0.000000e+00
2622 0.000000e+00
2623 0.000000e+00
2624 0.000000e+00
2625 1.190646e-05
2626 1.299285e-05
2627 1.366629e-05
2628 1.372233e-05
2629 1.295978e-05
2630 1.134714e-05
2631 9.327494e-06
2632 7.534926e-06
2633 6.253518e-06
2634 5.075648e-06
2635 3.523352e-06
2636 2.515124e-06
2637 1.711277e-06
2638 1.167647e-06
2639 7.577684e-07
2640 0.000000e+00
2641 0.000000e+00
2642 0.000000e+00
2643 0.000000e+00
2644 0.000000e+00
2645 0.000000e+00
2646 0.000000e+00
2647 0.000000e+00
2648 0.000000e+00
2649 0.000000e+00
2650 9.225723e-06
2651 1.021866e-05
2652 1.097240e-05
2653 1.129544e-05
2654 1.097925e-05
2655 9.958337e-06
2656 8.421232e-06
2657 6.812390e-06
2658 5.566394e-06
2659 4.638471e-06
2660 3.484773e-06
2661 2.331298e-06
2662 1.704997e-06
2663 1.140975e-06
2664 7.440604e-07
2665 4.900597e-07
2666 0.000000e+00
2667 0.000000e+00
2668 0.000000e+00
2669 0.000000e+00
2670 0.000000e+00
2671 0.000000e+00
2672 0.000000e+00
2673 0.000000e+00
2674 0.000000e+00
2675 7.377379e-06
2676 8.277830e-06
2677 9.010517e-06
2678 9.451289e-06
2679 9.457576e-06
2680 8.879135e-06
2681 7.715021e-06
2682 6.319455e-06
2683 5.107113e-06
2684 4.248056e-06
2685 3.405410e-06
2686 2.335959e-06
2687 1.687049e-06
2688 1.126073e-06
2689 7.586936e-07
2690 4.880958e-07
2691 0.000000e+00
2692 0.000000e+00
2693 0.000000e+00
2694 0.000000e+00
2695 0.000000e+00
2696 0.000000e+00
2697 0.000000e+00
2698 0.000000e+00
2699 0.000000e+00
2700 5.354536e-06
2701 6.067655e-06
2702 6.701974e-06
2703 7.160512e-06
2704 7.310131e-06
2705 7.042446e-06
2706 6.330461e-06
2707 5.302505e-06
2708 4.278931e-06
2709 3.513067e-06
2710 2.921576e-06
2711 2.136843e-06
2712 1.444118e-06
2713 1.029098e-06
2714 6.909445e-07
2715 4.413369e-07
2716 2.871897e-07
2717 0.000000e+00
2718 0.000000e+00
2719 0.000000e+00
2720 0.000000e+00
2721 0.000000e+00
2722 0.000000e+00
2723 0.000000e+00
2724 0.000000e+00
2725 3.336339e-06
2726 3.830129e-06
2727 4.292615e-06
2728 4.668228e-06
2729 4.889194e-06
2730 4.878908e-06
2731 4.555045e-06
2732 3.946234e-06
2733 3.228215e-06
2734 2.611612e-06
2735 2.172878e-06
2736 1.726829e-06
2737 1.179575e-06
2738 8.542974e-07
2739 5.676623e-07
2740 3.772043e-07
2741 2.406640e-07
2742 1.534980e-07
2743 0.000000e+00
2744 0.000000e+00
2745 0.000000e+00
2746 0.000000e+00
2747 0.000000e+00
2748 0.000000e+00
2749 0.000000e+00
