0 2.540631e-09
1 1.927682e-09
2 1.427086e-09
3 1.036848e-09
4 7.495903e-10
5 5.438860e-10
6 3.960832e-10
7 2.932754e-10
8 2.206553e-10
9 1.684288e-10
10 1.294448e-10
11 9.945182e-11
12 7.563534e-11
13 5.647809e-11
14 4.113406e-11
15 2.909401e-11
16 1.994888e-11
17 1.326377e-11
18 8.568916e-12
19 5.392682e-12
20 3.313237e-12
21 1.990473e-12
22 0.000000e+00
23 0.000000e+00
24 0.000000e+00
25 4.046309e-09
26 3.102425e-09
27 2.324159e-09
28 1.690667e-09
29 1.200857e-09
30 8.541605e-10
31 6.172645e-10
32 4.486469e-10
33 3.341557e-10
34 2.541930e-10
35 1.965586e-10
36 1.529022e-10
37 1.185426e-10
38 9.056192e-11
39 6.752126e-11
40 4.876725e-11
41 3.395364e-11
42 2.274569e-11
43 1.468050e-11
44 9.164818e-12
45 5.562349e-12
46 3.297873e-12
47 0.000000e+00
48 0.000000e+00
49 0.000000e+00
50 4.290538e-09
51 3.283953e-09
52 2.458875e-09
53 1.783941e-09
54 1.256436e-09
55 8.856745e-10
56 6.398785e-10
57 4.638596e-10
58 3.456168e-10
59 2.636239e-10
60 2.049730e-10
61 1.602810e-10
62 1.249558e-10
63 9.590948e-11
64 7.174113e-11
65 5.187135e-11
66 3.605030e-11
67 2.402378e-11
68 1.536886e-11
69 9.480432e-12
70 5.674372e-12
71 3.315836e-12
72 0.000000e+00
73 0.000000e+00
74 0.000000e+00
75 4.430510e-09
76 3.388409e-09
77 2.536917e-09
78 1.838349e-09
79 1.289394e-09
80 9.049092e-10
81 6.537002e-10
82 4.731933e-10
83 3.526250e-10
84 2.693168e-10
85 2.099642e-10
86 1.645909e-10
87 1.286693e-10
88 9.899032e-11
89 7.416708e-11
90 5.365866e-11
91 3.726474e-11
92 2.477375e-11
93 1.578319e-11
94 9.680486e-12
95 5.754704e-12
96 3.338448e-12
97 0.000000e+00
98 0.000000e+00
99 0.000000e+00
100 4.525294e-09
101 3.459323e-09
102 2.589679e-09
103 1.874960e-09
104 1.311712e-09
105 9.178781e-10
106 6.630502e-10
107 4.794842e-10
108 3.573526e-10
109 2.731475e-10
110 2.133134e-10
111 1.674979e-10
112 1.311724e-10
113 1.010714e-10
114 7.580944e-11
115 5.486781e-11
116 3.808659e-11
117 2.528110e-11
118 1.606335e-11
119 9.815665e-12
120 5.808754e-12
121 3.353572e-12
122 0.000000e+00
123 0.000000e+00
124 0.000000e+00
125 4.597053e-09
126 3.512925e-09
127 2.629710e-09
128 1.903008e-09
129 1.328638e-09
130 9.278001e-10
131 6.701733e-10
132 4.843046e-10
133 3.609795e-10
134 2.760870e-10
135 2.158852e-10
136 1.697136e-10
137 1.330816e-10
138 1.026511e-10
139 7.705102e-11
140 5.578282e-11
141 3.870841e-11
142 2.566546e-11
143 1.627583e-11
144 9.918173e-12
145 5.850009e-12
146 3.365032e-12
147 0.000000e+00
148 0.000000e+00
149 0.000000e+00
150 4.655381e-09
151 3.556549e-09
152 2.662250e-09
153 1.925695e-09
154 1.342382e-09
155 9.358238e-10
156 6.759367e-10
157 4.881938e-10
158 3.638834e-10
159 2.784392e-10
160 2.179573e-10
161 1.715117e-10
162 1.346245e-10
163 1.039351e-10
164 7.806308e-11
165 5.652916e-11
166 3.921617e-11
167 2.597903e-11
168 1.644904e-11
169 1.000170e-11
170 5.883607e-12
171 3.374559e-12
172 0.000000e+00
173 0.000000e+00
174 0.000000e+00
175 4.703524e-09
176 3.592457e-09
177 2.688959e-09
178 1.944491e-09
179 1.353729e-09
180 9.423979e-10
181 6.806864e-10
182 4.913857e-10
183 3.662825e-10
184 2.804057e-10
185 2.196629e-10
186 1.729853e-10
187 1.358967e-10
188 1.049904e-10
189 7.889432e-11
190 5.714093e-11
191 3.963175e-11
192 2.623580e-11
193 1.659088e-11
194 1.007039e-11
195 5.911188e-12
196 3.382267e-12
197 0.000000e+00
198 0.000000e+00
199 0.000000e+00
200 4.745613e-09
201 3.623871e-09
202 2.712504e-09
203 1.960698e-09
204 1.363598e-09
205 9.481789e-10
206 6.848373e-10
207 4.941884e-10
208 3.684001e-10
209 2.821108e-10
210 2.211639e-10
211 1.742842e-10
212 1.370173e-10
213 1.059175e-10
214 7.962551e-11
215 5.767989e-11
216 3.999798e-11
217 2.646196e-11
218 1.671524e-11
219 1.013054e-11
220 5.935248e-12
221 3.389038e-12
222 0.000000e+00
223 0.000000e+00
224 0.000000e+00
225 4.799327e-09
226 3.663993e-09
227 2.742407e-09
228 1.981531e-09
229 1.376209e-09
230 9.555444e-10
231 6.901433e-10
232 4.977719e-10
233 3.710764e-10
234 2.842959e-10
235 2.230735e-10
236 1.759383e-10
237 1.384390e-10
238 1.071012e-10
239 8.055358e-11
240 5.836372e-11
241 4.046319e-11
242 2.674921e-11
243 1.687408e-11
244 1.020716e-11
245 5.966034e-12
246 3.397645e-12
247 0.000000e+00
248 0.000000e+00
249 0.000000e+00
250 1.091862e-08
251 8.740585e-09
252 6.847571e-09
253 5.250468e-09
254 3.917024e-09
255 2.837831e-09
256 2.027894e-09
257 1.451459e-09
258 1.037898e-09
259 7.528764e-10
260 5.563015e-10
261 4.191392e-10
262 3.207765e-10
263 2.475341e-10
264 1.906862e-10
265 1.451299e-10
266 1.081375e-10
267 7.832786e-11
268 5.489690e-11
269 3.717041e-11
270 2.433254e-11
271 1.544243e-11
272 0.000000e+00
273 0.000000e+00
274 0.000000e+00
275 1.310642e-08
276 1.053942e-08
277 8.288867e-09
278 6.394324e-09
279 4.808707e-09
280 3.496538e-09
281 2.485507e-09
282 1.774343e-09
283 1.265697e-09
284 9.111586e-10
285 6.686298e-10
286 5.019154e-10
287 3.831605e-10
288 2.960539e-10
289 2.290868e-10
290 1.756507e-10
291 1.320842e-10
292 9.662625e-11
293 6.836984e-11
294 4.666115e-11
295 3.072165e-11
296 1.956569e-11
297 0.000000e+00
298 0.000000e+00
299 0.000000e+00
300 1.426262e-08
301 1.148179e-08
302 9.039291e-09
303 6.987793e-09
304 5.269595e-09
305 3.834353e-09
306 2.716830e-09
307 1.936620e-09
308 1.380446e-09
309 9.903650e-10
310 7.251962e-10
311 5.437946e-10
312 4.150480e-10
313 3.210425e-10
314 2.490743e-10
315 1.915965e-10
316 1.446249e-10
317 1.061838e-10
318 7.535902e-11
319 5.153741e-11
320 3.396416e-11
321 2.162970e-11
322 0.000000e+00
323 0.000000e+00
324 0.000000e+00
325 1.505123e-08
326 1.212660e-08
327 9.552960e-09
328 7.393959e-09
329 5.585180e-09
330 4.065767e-09
331 2.875935e-09
332 2.048425e-09
333 1.459323e-09
334 1.044868e-09
335 7.641209e-10
336 5.726306e-10
337 4.369720e-10
338 3.381835e-10
339 2.627131e-10
340 2.024813e-10
341 1.531725e-10
342 1.127060e-10
343 8.013380e-11
344 5.488127e-11
345 3.619156e-11
346 2.305009e-11
347 0.000000e+00
348 0.000000e+00
349 0.000000e+00
350 1.564942e-08
351 1.261425e-08
352 9.942016e-09
353 7.701624e-09
354 5.824460e-09
355 4.241286e-09
356 2.996365e-09
357 2.132967e-09
358 1.519150e-09
359 1.086279e-09
360 7.936034e-10
361 5.944807e-10
362 4.535140e-10
363 3.511809e-10
364 2.730814e-10
365 2.107670e-10
366 1.596651e-10
367 1.176598e-10
368 8.377272e-11
369 5.741312e-11
370 3.787974e-11
371 2.412732e-11
372 0.000000e+00
373 0.000000e+00
374 0.000000e+00
375 1.613388e-08
376 1.300924e-08
377 1.025630e-08
378 7.950104e-09
379 6.017684e-09
380 4.383077e-09
381 3.093745e-09
382 2.201432e-09
383 1.567461e-09
384 1.119668e-09
385 8.174396e-10
386 6.121073e-10
387 4.669400e-10
388 3.617244e-10
389 2.814733e-10
390 2.174733e-10
391 1.649352e-10
392 1.216711e-10
393 8.669601e-11
394 5.945695e-11
395 3.923951e-11
396 2.499523e-11
397 0.000000e+00
398 0.000000e+00
399 0.000000e+00
400 1.653342e-08
401 1.333522e-08
402 1.051610e-08
403 8.155858e-09
404 6.178031e-09
405 4.500620e-09
406 3.174390e-09
407 2.258096e-09
408 1.607489e-09
409 1.147297e-09
410 8.371108e-10
411 6.267293e-10
412 4.780656e-10
413 3.704179e-10
414 2.884018e-10
415 2.229661e-10
416 1.692754e-10
417 1.249815e-10
418 8.912364e-11
419 6.115256e-11
420 4.036740e-11
421 2.571639e-11
422 0.000000e+00
423 0.000000e+00
424 0.000000e+00
425 1.688444e-08
426 1.362278e-08
427 1.074548e-08
428 8.337189e-09
429 6.318363e-09
430 4.603538e-09
431 3.245241e-09
432 2.307815e-09
433 1.642578e-09
434 1.171629e-09
435 8.545026e-10
436 6.395807e-10
437 4.878370e-10
438 3.780805e-10
439 2.944936e-10
440 2.278413e-10
441 1.730956e-10
442 1.278944e-10
443 9.125425e-11
444 6.264118e-11
445 4.136136e-11
446 2.634845e-11
447 0.000000e+00
448 0.000000e+00
449 0.000000e+00
450 1.732837e-08
451 1.398604e-08
452 1.103475e-08
453 8.566540e-09
454 6.496420e-09
455 4.734061e-09
456 3.335028e-09
457 2.370791e-09
458 1.687040e-09
459 1.202310e-09
460 8.764387e-10
461 6.558376e-10
462 5.001804e-10
463 3.877256e-10
464 3.021874e-10
465 2.339727e-10
466 1.779141e-10
467 1.315688e-10
468 9.395295e-11
469 6.452851e-11
470 4.261876e-11
471 2.714768e-11
472 0.000000e+00
473 0.000000e+00
474 0.000000e+00
475 1.825101e-08
476 1.504197e-08
477 1.205887e-08
478 9.455546e-09
479 7.256803e-09
480 5.423563e-09
481 3.934511e-09
482 2.804775e-09
483 1.998429e-09
484 1.423413e-09
485 1.025175e-09
486 7.511724e-10
487 5.616818e-10
488 4.270604e-10
489 3.281120e-10
490 2.523698e-10
491 1.923543e-10
492 1.439274e-10
493 1.049224e-10
494 7.413745e-11
495 5.063861e-11
496 3.343571e-11
497 0.000000e+00
498 0.000000e+00
499 0.000000e+00
500 2.085913e-08
501 1.730228e-08
502 1.393327e-08
503 1.096516e-08
504 8.458094e-09
505 6.363230e-09
506 4.635722e-09
507 3.296679e-09
508 2.344726e-09
509 1.667811e-09
510 1.194180e-09
511 8.696209e-10
512 6.474226e-10
513 4.906048e-10
514 3.766711e-10
515 2.902931e-10
516 2.223340e-10
517 1.674994e-10
518 1.230845e-10
519 8.769859e-11
520 6.037505e-11
521 4.013085e-11
522 0.000000e+00
523 0.000000e+00
524 0.000000e+00
525 2.260359e-08
526 1.880968e-08
527 1.517994e-08
528 1.196799e-08
529 9.254878e-09
530 6.985962e-09
531 5.099295e-09
532 3.620592e-09
533 2.572313e-09
534 1.827979e-09
535 1.304777e-09
536 9.475393e-10
537 7.039849e-10
538 5.324930e-10
539 4.088372e-10
540 3.155120e-10
541 2.422895e-10
542 1.831882e-10
543 1.351704e-10
544 9.671803e-11
545 6.682775e-11
546 4.455818e-11
547 0.000000e+00
548 0.000000e+00
549 0.000000e+00
550 2.392744e-08
551 1.995546e-08
552 1.612830e-08
553 1.273097e-08
554 9.861328e-09
555 7.460266e-09
556 5.452860e-09
557 3.867427e-09
558 2.745981e-09
559 1.950507e-09
560 1.389412e-09
561 1.006762e-09
562 7.469961e-10
563 5.644871e-10
564 4.333215e-10
565 3.347142e-10
566 2.574331e-10
567 1.951115e-10
568 1.443576e-10
569 1.035712e-10
570 7.174333e-11
571 4.792505e-11
572 0.000000e+00
573 0.000000e+00
574 0.000000e+00
575 2.500252e-08
576 2.088579e-08
577 1.689782e-08
578 1.334951e-08
579 1.035325e-08
580 7.844925e-09
581 5.739386e-09
582 4.068181e-09
583 2.886892e-09
584 2.049702e-09
585 1.458296e-09
586 1.055174e-09
587 7.820014e-10
588 5.904078e-10
589 4.531349e-10
590 3.502532e-10
591 2.697528e-10
592 2.047655e-10
593 1.518169e-10
594 1.091312e-10
595 7.572670e-11
596 5.065616e-11
597 0.000000e+00
598 0.000000e+00
599 0.000000e+00
600 2.588779e-08
601 2.165143e-08
602 1.753118e-08
603 1.385925e-08
604 1.075849e-08
605 8.161498e-09
606 5.974973e-09
607 4.233216e-09
608 3.003336e-09
609 2.131810e-09
610 1.514827e-09
611 1.094756e-09
612 8.107237e-10
613 6.118417e-10
614 4.695290e-10
615 3.630947e-10
616 2.799041e-10
617 2.127734e-10
618 1.579650e-10
619 1.137255e-10
620 7.901560e-11
621 5.291329e-11
622 0.000000e+00
623 0.000000e+00
624 0.000000e+00
625 2.666608e-08
626 2.232557e-08
627 1.809023e-08
628 1.430904e-08
629 1.111595e-08
630 8.441526e-09
631 6.183749e-09
632 4.378950e-09
633 3.105439e-09
634 2.203786e-09
635 1.564485e-09
636 1.129776e-09
637 8.361882e-10
638 6.305945e-10
639 4.839295e-10
640 3.743915e-10
641 2.888137e-10
642 2.197771e-10
643 1.633679e-10
644 1.177584e-10
645 8.190644e-11
646 5.489779e-11
647 0.000000e+00
648 0.000000e+00
649 0.000000e+00
650 2.765380e-08
651 2.317778e-08
652 1.879549e-08
653 1.487598e-08
654 1.156689e-08
655 8.793996e-09
656 6.446187e-09
657 4.562719e-09
658 3.234715e-09
659 2.295066e-09
660 1.627536e-09
661 1.173928e-09
662 8.682374e-10
663 6.544104e-10
664 5.021469e-10
665 3.886341e-10
666 3.001086e-10
667 2.286573e-10
668 1.702162e-10
669 1.228614e-10
670 8.556538e-11
671 5.740554e-11
672 0.000000e+00
673 0.000000e+00
674 0.000000e+00
675 2.546395e-08
676 2.149990e-08
677 1.758161e-08
678 1.400428e-08
679 1.091614e-08
680 8.321173e-09
681 6.165264e-09
682 4.437705e-09
683 3.151834e-09
684 2.239301e-09
685 1.591103e-09
686 1.144651e-09
687 8.389533e-10
688 6.270520e-10
689 4.762657e-10
690 3.651847e-10
691 2.799964e-10
692 2.125406e-10
693 1.583015e-10
694 1.148501e-10
695 8.077921e-11
696 5.494440e-11
697 0.000000e+00
698 0.000000e+00
699 0.000000e+00
700 2.834719e-08
701 2.410207e-08
702 1.981692e-08
703 1.584711e-08
704 1.239852e-08
705 9.497919e-09
706 7.079089e-09
707 5.110902e-09
708 3.622374e-09
709 2.571610e-09
710 1.821633e-09
711 1.304885e-09
712 9.507773e-10
713 7.075395e-10
714 5.356267e-10
715 4.103370e-10
716 3.151136e-10
717 2.401368e-10
718 1.798985e-10
719 1.314587e-10
720 9.315954e-11
721 6.383950e-11
722 0.000000e+00
723 0.000000e+00
724 0.000000e+00
725 3.051674e-08
726 2.605686e-08
727 2.149666e-08
728 1.723114e-08
729 1.350990e-08
730 1.038018e-08
731 7.764049e-09
732 5.614066e-09
733 3.973705e-09
734 2.820193e-09
735 1.994125e-09
736 1.424244e-09
737 1.034327e-09
738 7.677833e-10
739 5.800517e-10
740 4.441703e-10
741 3.414620e-10
742 2.608702e-10
743 1.961228e-10
744 1.439243e-10
745 1.024656e-10
746 7.051621e-11
747 0.000000e+00
748 0.000000e+00
749 0.000000e+00
750 3.228211e-08
751 2.764952e-08
752 2.286355e-08
753 1.835752e-08
754 1.441530e-08
755 1.109864e-08
756 8.321645e-09
757 6.024903e-09
758 4.260180e-09
759 3.022428e-09
760 2.134771e-09
761 1.521836e-09
762 1.102482e-09
763 8.168661e-10
764 6.162943e-10
765 4.716814e-10
766 3.629015e-10
767 2.777291e-10
768 2.093401e-10
769 1.540710e-10
770 1.100306e-10
771 7.594591e-11
772 0.000000e+00
773 0.000000e+00
774 0.000000e+00
775 3.373611e-08
776 2.895917e-08
777 2.399052e-08
778 1.928514e-08
779 1.516118e-08
780 1.169042e-08
781 8.780637e-09
782 6.363465e-09
783 4.496781e-09
784 3.189824e-09
785 2.250663e-09
786 1.602374e-09
787 1.158638e-09
788 8.574229e-10
789 6.461745e-10
790 4.944583e-10
791 3.805896e-10
792 2.916485e-10
793 2.202213e-10
794 1.624437e-10
795 1.162746e-10
796 8.043195e-11
797 0.000000e+00
798 0.000000e+00
799 0.000000e+00
800 3.501677e-08
801 3.011230e-08
802 2.498036e-08
803 2.010200e-08
804 1.581870e-08
805 1.221178e-08
806 9.185625e-09
807 6.660853e-09
808 4.704704e-09
809 3.336977e-09
810 2.352845e-09
811 1.673047e-09
812 1.208140e-09
813 8.929314e-10
814 6.725854e-10
815 5.144592e-10
816 3.961706e-10
817 3.038783e-10
818 2.297914e-10
819 1.698122e-10
820 1.217899e-10
821 8.437289e-11
822 0.000000e+00
823 0.000000e+00
824 0.000000e+00
825 3.663462e-08
826 3.157451e-08
827 2.623569e-08
828 2.113603e-08
829 1.664808e-08
830 1.287088e-08
831 9.697304e-09
832 7.037240e-09
833 4.967389e-09
834 3.522543e-09
835 2.481729e-09
836 1.762476e-09
837 1.270607e-09
838 9.379906e-10
839 7.060031e-10
840 5.397415e-10
841 4.158319e-10
842 3.193524e-10
843 2.419225e-10
844 1.791194e-10
845 1.287081e-10
846 8.935298e-11
847 0.000000e+00
848 0.000000e+00
849 0.000000e+00
850 3.275596e-08
851 2.823533e-08
852 2.351750e-08
853 1.900793e-08
854 1.499714e-08
855 1.158457e-08
856 8.729720e-09
857 6.381007e-09
858 4.548004e-09
859 3.220420e-09
860 2.279565e-09
861 1.619964e-09
862 1.167982e-09
863 8.591040e-10
864 6.436057e-10
865 4.893138e-10
866 3.745929e-10
867 2.859146e-10
868 2.155733e-10
869 1.591723e-10
870 1.143884e-10
871 7.966440e-11
872 0.000000e+00
873 0.000000e+00
874 0.000000e+00
875 3.589506e-08
876 3.115992e-08
877 2.610987e-08
878 2.120352e-08
879 1.678815e-08
880 1.301766e-08
881 9.860354e-09
882 7.243101e-09
883 5.168535e-09
884 3.653901e-09
885 2.585930e-09
886 1.829374e-09
887 1.312988e-09
888 9.608329e-10
889 7.166492e-10
890 5.432762e-10
891 4.155604e-10
892 3.177851e-10
893 2.404891e-10
894 1.785738e-10
895 1.291942e-10
896 9.064248e-11
897 0.000000e+00
898 0.000000e+00
899 0.000000e+00
900 3.843821e-08
901 3.352626e-08
902 2.820566e-08
903 2.297522e-08
904 1.823608e-08
905 1.417495e-08
906 1.077286e-08
907 7.939556e-09
908 5.668659e-09
909 4.002292e-09
910 2.832510e-09
911 1.998500e-09
912 1.429731e-09
913 1.042838e-09
914 7.756170e-10
915 5.868259e-10
916 4.486814e-10
917 3.434965e-10
918 2.606586e-10
919 1.942596e-10
920 1.411634e-10
921 9.949951e-11
922 0.000000e+00
923 0.000000e+00
924 0.000000e+00
925 4.053793e-08
926 3.547984e-08
927 2.993757e-08
928 2.444025e-08
929 1.943037e-08
930 1.513055e-08
931 1.152710e-08
932 8.515962e-09
933 6.083384e-09
934 4.291222e-09
935 3.036560e-09
936 2.138196e-09
937 1.526543e-09
938 1.110651e-09
939 8.243829e-10
940 6.228242e-10
941 4.761367e-10
942 3.647717e-10
943 2.772999e-10
944 2.072255e-10
945 1.510854e-10
946 1.068234e-10
947 0.000000e+00
948 0.000000e+00
949 0.000000e+00
950 4.238721e-08
951 3.719163e-08
952 3.145953e-08
953 2.572874e-08
954 2.048199e-08
955 1.597096e-08
956 1.219052e-08
957 9.022926e-09
958 6.448125e-09
959 4.545848e-09
960 3.216404e-09
961 2.261101e-09
962 1.611640e-09
963 1.170367e-09
964 8.673690e-10
965 6.545272e-10
966 5.002311e-10
967 3.834931e-10
968 2.919266e-10
969 2.186073e-10
970 1.597476e-10
971 1.132701e-10
972 0.000000e+00
973 0.000000e+00
974 0.000000e+00
975 4.472369e-08
976 3.937074e-08
977 3.338837e-08
978 2.735999e-08
979 2.181176e-08
980 1.703422e-08
981 1.302972e-08
982 9.663007e-09
983 6.908965e-09
984 4.867162e-09
985 3.443190e-09
986 2.416508e-09
987 1.719125e-09
988 1.245988e-09
989 9.218453e-10
990 6.946216e-10
991 5.307274e-10
992 4.071899e-10
993 3.104675e-10
994 2.330339e-10
995 1.707423e-10
996 1.214172e-10
997 0.000000e+00
998 0.000000e+00
999 0.000000e+00
1000 4.032581e-08
1001 3.540973e-08
1002 3.000806e-08
1003 2.460941e-08
1004 1.964028e-08
1005 1.533083e-08
1006 1.170383e-08
1007 8.685109e-09
1008 6.250179e-09
1009 4.422025e-09
1010 3.123672e-09
1011 2.203399e-09
1012 1.569591e-09
1013 1.137078e-09
1014 8.400184e-10
1015 6.315082e-10
1016 4.803999e-10
1017 3.667897e-10
1018 2.782507e-10
1019 2.079045e-10
1020 1.518314e-10
1021 1.078082e-10
1022 0.000000e+00
1023 0.000000e+00
1024 0.000000e+00
1025 4.376311e-08
1026 3.869114e-08
1027 3.299689e-08
1028 2.720486e-08
1029 2.180015e-08
1030 1.707481e-08
1031 1.309040e-08
1032 9.765586e-09
1033 7.053846e-09
1034 4.987048e-09
1035 3.520325e-09
1036 2.478979e-09
1037 1.758313e-09
1038 1.266850e-09
1039 9.315845e-10
1040 6.972665e-10
1041 5.292211e-10
1042 4.039669e-10
1043 3.070923e-10
1044 2.303577e-10
1045 1.691784e-10
1046 1.209177e-10
1047 0.000000e+00
1048 0.000000e+00
1049 0.000000e+00
1050 4.659440e-08
1051 4.138915e-08
1052 3.545761e-08
1053 2.933932e-08
1054 2.357286e-08
1055 1.850589e-08
1056 1.422862e-08
1057 1.065329e-08
1058 7.714500e-09
1059 5.450982e-09
1060 3.845152e-09
1061 2.704626e-09
1062 1.913049e-09
1063 1.373263e-09
1064 1.006713e-09
1065 7.513531e-10
1066 5.693808e-10
1067 4.345213e-10
1068 3.307669e-10
1069 2.488247e-10
1070 1.834365e-10
1071 1.317071e-10
1072 0.000000e+00
1073 0.000000e+00
1074 0.000000e+00
1075 4.909304e-08
1076 4.377209e-08
1077 3.762546e-08
1078 3.121852e-08
1079 2.513587e-08
1080 1.976996e-08
1081 1.523361e-08
1082 1.143659e-08
1083 8.297012e-09
1084 5.860908e-09
1085 4.132691e-09
1086 2.903675e-09
1087 2.049627e-09
1088 1.467445e-09
1089 1.073164e-09
1090 7.991248e-10
1091 6.047883e-10
1092 4.615169e-10
1093 3.517025e-10
1094 2.651327e-10
1095 1.960589e-10
1096 1.412221e-10
1097 0.000000e+00
1098 0.000000e+00
1099 0.000000e+00
1100 5.224431e-08
1101 4.678303e-08
1102 4.036588e-08
1103 3.359991e-08
1104 2.711229e-08
1105 2.136359e-08
1106 1.650190e-08
1107 1.242471e-08
1108 9.032972e-09
1109 6.378186e-09
1110 4.494944e-09
1111 3.155298e-09
1112 2.222249e-09
1113 1.586111e-09
1114 1.157050e-09
1115 8.592983e-10
1116 6.494203e-10
1117 4.955422e-10
1118 3.780623e-10
1119 2.856927e-10
1120 2.118983e-10
1121 1.532284e-10
1122 0.000000e+00
1123 0.000000e+00
1124 0.000000e+00
1125 4.836674e-08
1126 4.319817e-08
1127 3.721751e-08
1128 3.097906e-08
1129 2.501968e-08
1130 1.971871e-08
1131 1.521086e-08
1132 1.144067e-08
1133 8.338138e-09
1134 5.919893e-09
1135 4.172196e-09
1136 2.935611e-09
1137 2.070108e-09
1138 1.479954e-09
1139 1.078314e-09
1140 8.002729e-10
1141 6.032115e-10
1142 4.587123e-10
1143 3.486469e-10
1144 2.623406e-10
1145 1.938964e-10
1146 1.398360e-10
1147 0.000000e+00
1148 0.000000e+00
1149 0.000000e+00
1150 5.205255e-08
1151 4.678631e-08
1152 4.057038e-08
1153 3.395733e-08
1154 2.754731e-08
1155 2.178486e-08
1156 1.686694e-08
1157 1.274557e-08
1158 9.335715e-09
1159 6.638536e-09
1160 4.672437e-09
1161 3.286675e-09
1162 2.309344e-09
1163 1.643304e-09
1164 1.191297e-09
1165 8.798821e-10
1166 6.608414e-10
1167 5.015734e-10
1168 3.813132e-10
1169 2.876508e-10
1170 2.134776e-10
1171 1.548408e-10
1172 0.000000e+00
1173 0.000000e+00
1174 0.000000e+00
1175 5.529162e-08
1176 4.994398e-08
1177 4.351129e-08
1178 3.657345e-08
1179 2.976754e-08
1180 2.360197e-08
1181 1.831971e-08
1182 1.389277e-08
1183 1.021023e-08
1184 7.269002e-09
1185 5.111634e-09
1186 3.594143e-09
1187 2.518823e-09
1188 1.786814e-09
1189 1.290553e-09
1190 9.497487e-10
1191 7.113802e-10
1192 5.392339e-10
1193 4.100542e-10
1194 3.098772e-10
1195 2.307047e-10
1196 1.680172e-10
1197 0.000000e+00
1198 0.000000e+00
1199 0.000000e+00
1200 5.938681e-08
1201 5.393602e-08
1202 4.723266e-08
1203 3.988194e-08
1204 3.257150e-08
1205 2.589422e-08
1206 2.015503e-08
1207 1.533999e-08
1208 1.131568e-08
1209 8.065103e-09
1210 5.665704e-09
1211 3.982817e-09
1212 2.783576e-09
1213 1.967877e-09
1214 1.415964e-09
1215 1.037970e-09
1216 7.752250e-10
1217 5.867836e-10
1218 4.463025e-10
1219 3.379601e-10
1220 2.524488e-10
1221 1.846571e-10
1222 0.000000e+00
1223 0.000000e+00
1224 0.000000e+00
1225 5.678924e-08
1226 5.150355e-08
1227 4.507788e-08
1228 3.806865e-08
1229 3.112314e-08
1230 2.476412e-08
1231 1.927661e-08
1232 1.466218e-08
1233 1.082683e-08
1234 7.748801e-09
1235 5.455411e-09
1236 3.832637e-09
1237 2.685344e-09
1238 1.898888e-09
1239 1.364956e-09
1240 1.000003e-09
1241 7.453630e-10
1242 5.627251e-10
1243 4.267916e-10
1244 3.221975e-10
1245 2.400502e-10
1246 1.752259e-10
1247 0.000000e+00
1248 0.000000e+00
1249 0.000000e+00
1250 6.087699e-08
1251 5.555888e-08
1252 4.893772e-08
1253 4.157827e-08
1254 3.416094e-08
1255 2.729020e-08
1256 2.131411e-08
1257 1.628021e-08
1258 1.208353e-08
1259 8.679225e-09
1260 6.108249e-09
1261 4.287797e-09
1262 2.998268e-09
1263 2.111961e-09
1264 1.509960e-09
1265 1.100418e-09
1266 8.164065e-10
1267 6.144413e-10
1268 4.654238e-10
1269 3.517074e-10
1270 2.627932e-10
1271 1.927013e-10
1272 0.000000e+00
1273 0.000000e+00
1274 0.000000e+00
1275 6.603384e-08
1276 6.067542e-08
1277 5.380218e-08
1278 4.599953e-08
1279 3.799136e-08
1280 3.046800e-08
1281 2.387849e-08
1282 1.831680e-08
1283 1.366519e-08
1284 9.849297e-09
1285 6.928103e-09
1286 4.860111e-09
1287 3.392053e-09
1288 2.379621e-09
1289 1.692099e-09
1290 1.226815e-09
1291 9.057265e-10
1292 6.794456e-10
1293 5.140351e-10
1294 3.888538e-10
1295 2.914126e-10
1296 2.147276e-10
1297 0.000000e+00
1298 0.000000e+00
1299 0.000000e+00
1300 6.602432e-08
1301 6.076054e-08
1302 5.399488e-08
1303 4.628093e-08
1304 3.833282e-08
1305 3.082505e-08
1306 2.420075e-08
1307 1.858931e-08
1308 1.389896e-08
1309 1.005872e-08
1310 7.098431e-09
1311 4.976068e-09
1312 3.476828e-09
1313 2.435616e-09
1314 1.728597e-09
1315 1.249447e-09
1316 9.194754e-10
1317 6.873687e-10
1318 5.184985e-10
1319 3.913382e-10
1320 2.929530e-10
1321 2.157544e-10
1322 0.000000e+00
1323 0.000000e+00
1324 0.000000e+00
1325 7.244296e-08
1326 6.723505e-08
1327 6.027608e-08
1328 5.210978e-08
1329 4.349081e-08
1330 3.518240e-08
1331 2.775532e-08
1332 2.142933e-08
1333 1.613039e-08
1334 1.175001e-08
1335 8.307624e-09
1336 5.816054e-09
1337 4.060799e-09
1338 2.830501e-09
1339 1.995556e-09
1340 1.431528e-09
1341 1.045643e-09
1342 7.769373e-10
1343 5.838810e-10
1344 4.403908e-10
1345 3.302098e-10
1346 2.443360e-10
1347 0.000000e+00
1348 0.000000e+00
1349 0.000000e+00
1350 8.103630e-08
1351 7.609768e-08
1352 6.908214e-08
1353 6.051725e-08
1354 5.114405e-08
1355 4.182513e-08
1356 3.327950e-08
1357 2.588901e-08
1358 1.967108e-08
1359 1.449959e-08
1360 1.034382e-08
1361 7.243041e-09
1362 5.051252e-09
1363 3.505589e-09
1364 2.449586e-09
1365 1.735354e-09
1366 1.251760e-09
1367 9.186710e-10
1368 6.838212e-10
1369 5.127968e-10
1370 3.839565e-10
1371 2.848865e-10
1372 0.000000e+00
1373 0.000000e+00
1374 0.000000e+00
1375 6.412505e-07
1376 5.250203e-07
1377 4.198193e-07
1378 3.294850e-07
1379 2.514875e-07
1380 1.837607e-07
1381 1.301950e-07
1382 9.259332e-08
1383 6.500416e-08
1384 0.000000e+00
1385 0.000000e+00
1386 0.000000e+00
1387 0.000000e+00
1388 0.000000e+00
1389 0.000000e+00
1390 0.000000e+00
1391 0.000000e+00
1392 0.000000e+00
1393 0.000000e+00
1394 0.000000e+00
1395 0.000000e+00
1396 0.000000e+00
1397 0.000000e+00
1398 0.000000e+00
1399 0.000000e+00
1400 8.421577e-07
1401 6.941365e-07
1402 5.576362e-07
1403 4.406513e-07
1404 3.402169e-07
1405 2.511591e-07
1406 1.779841e-07
1407 1.267623e-07
1408 8.885905e-08
1409 0.000000e+00
1410 0.000000e+00
1411 0.000000e+00
1412 0.000000e+00
1413 0.000000e+00
1414 0.000000e+00
1415 0.000000e+00
1416 0.000000e+00
1417 0.000000e+00
1418 0.000000e+00
1419 0.000000e+00
1420 0.000000e+00
1421 0.000000e+00
1422 0.000000e+00
1423 0.000000e+00
1424 0.000000e+00
1425 9.519933e-07
1426 7.865167e-07
1427 6.328777e-07
1428 5.013546e-07
1429 3.886794e-07
1430 2.878773e-07
1431 2.039984e-07
1432 1.453835e-07
1433 1.018447e-07
1434 0.000000e+00
1435 0.000000e+00
1436 0.000000e+00
1437 0.000000e+00
1438 0.000000e+00
1439 0.000000e+00
1440 0.000000e+00
1441 0.000000e+00
1442 0.000000e+00
1443 0.000000e+00
1444 0.000000e+00
1445 0.000000e+00
1446 0.000000e+00
1447 0.000000e+00
1448 0.000000e+00
1449 0.000000e+00
1450 1.026460e-06
1451 8.491241e-07
1452 6.838841e-07
1453 5.425198e-07
1454 4.215167e-07
1455 3.127686e-07
1456 2.216282e-07
1457 1.580101e-07
1458 1.106518e-07
1459 0.000000e+00
1460 0.000000e+00
1461 0.000000e+00
1462 0.000000e+00
1463 0.000000e+00
1464 0.000000e+00
1465 0.000000e+00
1466 0.000000e+00
1467 0.000000e+00
1468 0.000000e+00
1469 0.000000e+00
1470 0.000000e+00
1471 0.000000e+00
1472 0.000000e+00
1473 0.000000e+00
1474 0.000000e+00
1475 1.082802e-06
1476 8.965219e-07
1477 7.224819e-07
1478 5.736505e-07
1479 4.463772e-07
1480 3.316133e-07
1481 2.349743e-07
1482 1.675584e-07
1483 1.173133e-07
1484 0.000000e+00
1485 0.000000e+00
1486 0.000000e+00
1487 0.000000e+00
1488 0.000000e+00
1489 0.000000e+00
1490 0.000000e+00
1491 0.000000e+00
1492 0.000000e+00
1493 0.000000e+00
1494 0.000000e+00
1495 0.000000e+00
1496 0.000000e+00
1497 0.000000e+00
1498 0.000000e+00
1499 0.000000e+00
1500 1.128554e-06
1501 9.349580e-07
1502 7.538114e-07
1503 5.989098e-07
1504 4.665144e-07
1505 3.468790e-07
1506 2.457958e-07
1507 1.752973e-07
1508 1.227168e-07
1509 0.000000e+00
1510 0.000000e+00
1511 0.000000e+00
1512 0.000000e+00
1513 0.000000e+00
1514 0.000000e+00
1515 0.000000e+00
1516 0.000000e+00
1517 0.000000e+00
1518 0.000000e+00
1519 0.000000e+00
1520 0.000000e+00
1521 0.000000e+00
1522 0.000000e+00
1523 0.000000e+00
1524 0.000000e+00
1525 1.166204e-06
1526 9.666600e-07
1527 7.796396e-07
1528 6.197439e-07
1529 4.831366e-07
1530 3.594798e-07
1531 2.547231e-07
1532 1.816841e-07
1533 1.271628e-07
1534 0.000000e+00
1535 0.000000e+00
1536 0.000000e+00
1537 0.000000e+00
1538 0.000000e+00
1539 0.000000e+00
1540 0.000000e+00
1541 0.000000e+00
1542 0.000000e+00
1543 0.000000e+00
1544 0.000000e+00
1545 0.000000e+00
1546 0.000000e+00
1547 0.000000e+00
1548 0.000000e+00
1549 0.000000e+00
1550 1.199405e-06
1551 9.946038e-07
1552 8.023852e-07
1553 6.380890e-07
1554 4.978042e-07
1555 3.705763e-07
1556 2.625834e-07
1557 1.873108e-07
1558 1.310911e-07
1559 0.000000e+00
1560 0.000000e+00
1561 0.000000e+00
1562 0.000000e+00
1563 0.000000e+00
1564 0.000000e+00
1565 0.000000e+00
1566 0.000000e+00
1567 0.000000e+00
1568 0.000000e+00
1569 0.000000e+00
1570 0.000000e+00
1571 0.000000e+00
1572 0.000000e+00
1573 0.000000e+00
1574 0.000000e+00
1575 1.241413e-06
1576 1.029860e-06
1577 8.311360e-07
1578 6.613194e-07
1579 5.162947e-07
1580 3.846070e-07
1581 2.725170e-07
1582 1.944222e-07
1583 1.360487e-07
1584 0.000000e+00
1585 0.000000e+00
1586 0.000000e+00
1587 0.000000e+00
1588 0.000000e+00
1589 0.000000e+00
1590 0.000000e+00
1591 0.000000e+00
1592 0.000000e+00
1593 0.000000e+00
1594 0.000000e+00
1595 0.000000e+00
1596 0.000000e+00
1597 0.000000e+00
1598 0.000000e+00
1599 0.000000e+00
1600 2.860221e-07
1601 2.676120e-07
1602 2.331459e-07
1603 1.920053e-07
1604 1.561361e-07
1605 1.298066e-07
1606 1.035942e-07
1607 7.308804e-08
1608 5.271967e-08
1609 3.694649e-08
1610 2.537535e-08
1611 1.717044e-08
1612 0.000000e+00
1613 0.000000e+00
1614 0.000000e+00
1615 0.000000e+00
1616 0.000000e+00
1617 0.000000e+00
1618 0.000000e+00
1619 0.000000e+00
1620 0.000000e+00
1621 0.000000e+00
1622 0.000000e+00
1623 0.000000e+00
1624 0.000000e+00
1625 4.518860e-07
1626 4.244446e-07
1627 3.714307e-07
1628 3.067754e-07
1629 2.492417e-07
1630 2.067828e-07
1631 1.660882e-07
1632 1.181993e-07
1633 8.463498e-08
1634 5.972157e-08
1635 4.100819e-08
1636 2.771613e-08
1637 0.000000e+00
1638 0.000000e+00
1639 0.000000e+00
1640 0.000000e+00
1641 0.000000e+00
1642 0.000000e+00
1643 0.000000e+00
1644 0.000000e+00
1645 0.000000e+00
1646 0.000000e+00
1647 0.000000e+00
1648 0.000000e+00
1649 0.000000e+00
1650 5.617537e-07
1651 5.282548e-07
1652 4.628906e-07
1653 3.826309e-07
1654 3.107896e-07
1655 2.576901e-07
1656 2.073859e-07
1657 1.479547e-07
1658 1.057067e-07
1659 7.474047e-08
1660 5.132155e-08
1661 3.467160e-08
1662 0.000000e+00
1663 0.000000e+00
1664 0.000000e+00
1665 0.000000e+00
1666 0.000000e+00
1667 0.000000e+00
1668 0.000000e+00
1669 0.000000e+00
1670 0.000000e+00
1671 0.000000e+00
1672 0.000000e+00
1673 0.000000e+00
1674 0.000000e+00
1675 6.449111e-07
1676 6.068410e-07
1677 5.321284e-07
1678 4.400486e-07
1679 3.573731e-07
1680 2.962288e-07
1681 2.386514e-07
1682 1.704751e-07
1683 1.216596e-07
1684 8.610701e-08
1685 5.912791e-08
1686 3.993646e-08
1687 0.000000e+00
1688 0.000000e+00
1689 0.000000e+00
1690 0.000000e+00
1691 0.000000e+00
1692 0.000000e+00
1693 0.000000e+00
1694 0.000000e+00
1695 0.000000e+00
1696 0.000000e+00
1697 0.000000e+00
1698 0.000000e+00
1699 0.000000e+00
1700 7.123563e-07
1701 6.705534e-07
1702 5.882615e-07
1703 4.866174e-07
1704 3.951549e-07
1705 3.274729e-07
1706 2.639990e-07
1707 1.887387e-07
1708 1.345949e-07
1709 9.532093e-08
1710 6.545710e-08
1711 4.420494e-08
1712 0.000000e+00
1713 0.000000e+00
1714 0.000000e+00
1715 0.000000e+00
1716 0.000000e+00
1717 0.000000e+00
1718 0.000000e+00
1719 0.000000e+00
1720 0.000000e+00
1721 0.000000e+00
1722 0.000000e+00
1723 0.000000e+00
1724 0.000000e+00
1725 7.679709e-07
1726 7.231019e-07
1727 6.345588e-07
1728 5.250177e-07
1729 4.263093e-07
1730 3.532511e-07
1731 2.849052e-07
1732 2.038002e-07
1733 1.452615e-07
1734 1.029261e-07
1735 7.067822e-08
1736 4.772562e-08
1737 0.000000e+00
1738 0.000000e+00
1739 0.000000e+00
1740 0.000000e+00
1741 0.000000e+00
1742 0.000000e+00
1743 0.000000e+00
1744 0.000000e+00
1745 0.000000e+00
1746 0.000000e+00
1747 0.000000e+00
1748 0.000000e+00
1749 0.000000e+00
1750 8.169699e-07
1751 7.693993e-07
1752 6.753484e-07
1753 5.588578e-07
1754 4.537640e-07
1755 3.759556e-07
1756 3.033244e-07
1757 2.170691e-07
1758 1.546598e-07
1759 1.096232e-07
1760 7.527758e-08
1761 5.082807e-08
1762 0.000000e+00
1763 0.000000e+00
1764 0.000000e+00
1765 0.000000e+00
1766 0.000000e+00
1767 0.000000e+00
1768 0.000000e+00
1769 0.000000e+00
1770 0.000000e+00
1771 0.000000e+00
1772 0.000000e+00
1773 0.000000e+00
1774 0.000000e+00
1775 8.787477e-07
1776 8.277697e-07
1777 7.267740e-07
1778 6.015119e-07
1779 4.883699e-07
1780 4.045803e-07
1781 3.265484e-07
1782 2.337978e-07
1783 1.665083e-07
1784 1.180666e-07
1785 8.107587e-08
1786 5.473845e-08
1787 0.000000e+00
1788 0.000000e+00
1789 0.000000e+00
1790 0.000000e+00
1791 0.000000e+00
1792 0.000000e+00
1793 0.000000e+00
1794 0.000000e+00
1795 0.000000e+00
1796 0.000000e+00
1797 0.000000e+00
1798 0.000000e+00
1799 0.000000e+00
1800 1.669127e-07
1801 1.682901e-07
1802 1.592692e-07
1803 1.400346e-07
1804 1.156781e-07
1805 9.362160e-08
1806 7.769103e-08
1807 6.316963e-08
1808 4.460378e-08
1809 3.188873e-08
1810 2.222565e-08
1811 1.531990e-08
1812 1.018935e-08
1813 0.000000e+00
1814 0.000000e+00
1815 0.000000e+00
1816 0.000000e+00
1817 0.000000e+00
1818 0.000000e+00
1819 0.000000e+00
1820 0.000000e+00
1821 0.000000e+00
1822 0.000000e+00
1823 0.000000e+00
1824 0.000000e+00
1825 2.854774e-07
1826 2.880710e-07
1827 2.732218e-07
1828 2.409743e-07
1829 1.995000e-07
1830 1.613926e-07
1831 1.336849e-07
1832 1.091045e-07
1833 7.761875e-08
1834 5.506144e-08
1835 3.865590e-08
1836 2.661556e-08
1837 1.769296e-08
1838 0.000000e+00
1839 0.000000e+00
1840 0.000000e+00
1841 0.000000e+00
1842 0.000000e+00
1843 0.000000e+00
1844 0.000000e+00
1845 0.000000e+00
1846 0.000000e+00
1847 0.000000e+00
1848 0.000000e+00
1849 0.000000e+00
1850 3.727634e-07
1851 3.762276e-07
1852 3.570385e-07
1853 3.151702e-07
1854 2.610677e-07
1855 2.111720e-07
1856 1.748319e-07
1857 1.428433e-07
1858 1.018251e-07
1859 7.208121e-08
1860 5.070291e-08
1861 3.490263e-08
1862 2.319678e-08
1863 0.000000e+00
1864 0.000000e+00
1865 0.000000e+00
1866 0.000000e+00
1867 0.000000e+00
1868 0.000000e+00
1869 0.000000e+00
1870 0.000000e+00
1871 0.000000e+00
1872 0.000000e+00
1873 0.000000e+00
1874 0.000000e+00
1875 4.435760e-07
1876 4.477406e-07
1877 4.250224e-07
1878 3.753505e-07
1879 3.110136e-07
1880 2.515551e-07
1881 2.082120e-07
1882 1.702134e-07
1883 1.214620e-07
1884 8.588594e-08
1885 6.047421e-08
1886 4.162425e-08
1887 2.766091e-08
1888 0.000000e+00
1889 0.000000e+00
1890 0.000000e+00
1891 0.000000e+00
1892 0.000000e+00
1893 0.000000e+00
1894 0.000000e+00
1895 0.000000e+00
1896 0.000000e+00
1897 0.000000e+00
1898 0.000000e+00
1899 0.000000e+00
1900 5.019857e-07
1901 5.067011e-07
1902 4.810942e-07
1903 4.249860e-07
1904 3.522079e-07
1905 2.848621e-07
1906 2.357432e-07
1907 1.927876e-07
1908 1.376646e-07
1909 9.727178e-08
1910 6.853650e-08
1911 4.717250e-08
1912 3.134281e-08
1913 0.000000e+00
1914 0.000000e+00
1915 0.000000e+00
1916 0.000000e+00
1917 0.000000e+00
1918 0.000000e+00
1919 0.000000e+00
1920 0.000000e+00
1921 0.000000e+00
1922 0.000000e+00
1923 0.000000e+00
1924 0.000000e+00
1925 5.534155e-07
1926 5.586374e-07
1927 5.304770e-07
1928 4.687004e-07
1929 3.884883e-07
1930 3.141960e-07
1931 2.599902e-07
1932 2.126744e-07
1933 1.519364e-07
1934 1.073046e-07
1935 7.563461e-08
1936 5.205545e-08
1937 3.458876e-08
1938 0.000000e+00
1939 0.000000e+00
1940 0.000000e+00
1941 0.000000e+00
1942 0.000000e+00
1943 0.000000e+00
1944 0.000000e+00
1945 0.000000e+00
1946 0.000000e+00
1947 0.000000e+00
1948 0.000000e+00
1949 0.000000e+00
1950 6.183199e-07
1951 6.241801e-07
1952 5.927969e-07
1953 5.238667e-07
1954 4.342726e-07
1955 3.512485e-07
1956 2.905890e-07
1957 2.377871e-07
1958 1.699401e-07
1959 1.199596e-07
1960 8.459203e-08
1961 5.821750e-08
1962 3.868125e-08
1963 0.000000e+00
1964 0.000000e+00
1965 0.000000e+00
1966 0.000000e+00
1967 0.000000e+00
1968 0.000000e+00
1969 0.000000e+00
1970 0.000000e+00
1971 0.000000e+00
1972 0.000000e+00
1973 0.000000e+00
1974 0.000000e+00
1975 1.130422e-07
1976 1.185635e-07
1977 1.181015e-07
1978 1.099922e-07
1979 9.509339e-08
1980 7.775468e-08
1981 6.304083e-08
1982 5.255391e-08
1983 4.161859e-08
1984 2.847220e-08
1985 2.092406e-08
1986 1.415902e-08
1987 9.650479e-09
1988 6.408452e-09
1989 0.000000e+00
1990 0.000000e+00
1991 0.000000e+00
1992 0.000000e+00
1993 0.000000e+00
1994 0.000000e+00
1995 0.000000e+00
1996 0.000000e+00
1997 0.000000e+00
1998 0.000000e+00
1999 0.000000e+00
2000 2.031749e-07
2001 2.129459e-07
2002 2.122773e-07
2003 1.981425e-07
2004 1.717434e-07
2005 1.405808e-07
2006 1.138821e-07
2007 9.483504e-08
2008 7.551702e-08
2009 5.188748e-08
2010 3.790146e-08
2011 2.574063e-08
2012 1.757749e-08
2013 1.164375e-08
2014 0.000000e+00
2015 0.000000e+00
2016 0.000000e+00
2017 0.000000e+00
2018 0.000000e+00
2019 0.000000e+00
2020 0.000000e+00
2021 0.000000e+00
2022 0.000000e+00
2023 0.000000e+00
2024 0.000000e+00
2025 2.742069e-07
2026 2.873178e-07
2027 2.864716e-07
2028 2.675570e-07
2029 2.320635e-07
2030 1.900071e-07
2031 1.538865e-07
2032 1.281141e-07
2033 1.021679e-07
2034 7.026885e-08
2035 5.125367e-08
2036 3.483972e-08
2037 2.380039e-08
2038 1.575797e-08
2039 0.000000e+00
2040 0.000000e+00
2041 0.000000e+00
2042 0.000000e+00
2043 0.000000e+00
2044 0.000000e+00
2045 0.000000e+00
2046 0.000000e+00
2047 0.000000e+00
2048 0.000000e+00
2049 0.000000e+00
2050 3.327654e-07
2051 3.486386e-07
2052 3.476427e-07
2053 3.247862e-07
2054 2.817983e-07
2055 2.307456e-07
2056 1.868689e-07
2057 1.555516e-07
2058 1.241366e-07
2059 8.542474e-08
2060 6.226315e-08
2061 4.233935e-08
2062 2.893284e-08
2063 1.914898e-08
2064 0.000000e+00
2065 0.000000e+00
2066 0.000000e+00
2067 0.000000e+00
2068 0.000000e+00
2069 0.000000e+00
2070 0.000000e+00
2071 0.000000e+00
2072 0.000000e+00
2073 0.000000e+00
2074 0.000000e+00
2075 3.843652e-07
2076 4.026660e-07
2077 4.015337e-07
2078 3.752102e-07
2079 3.256131e-07
2080 2.666476e-07
2081 2.159172e-07
2082 1.797164e-07
2083 1.434960e-07
2084 9.877986e-08
2085 7.196156e-08
2086 4.894863e-08
2087 3.345490e-08
2088 2.213743e-08
2089 0.000000e+00
2090 0.000000e+00
2091 0.000000e+00
2092 0.000000e+00
2093 0.000000e+00
2094 0.000000e+00
2095 0.000000e+00
2096 0.000000e+00
2097 0.000000e+00
2098 0.000000e+00
2099 0.000000e+00
2100 4.495038e-07
2101 4.708696e-07
2102 4.695418e-07
2103 4.388404e-07
2104 3.809068e-07
2105 3.119691e-07
2106 2.525993e-07
2107 2.102317e-07
2108 1.679345e-07
2109 1.156387e-07
2110 8.420627e-08
2111 5.729192e-08
2112 3.916339e-08
2113 2.590991e-08
2114 0.000000e+00
2115 0.000000e+00
2116 0.000000e+00
2117 0.000000e+00
2118 0.000000e+00
2119 0.000000e+00
2120 0.000000e+00
2121 0.000000e+00
2122 0.000000e+00
2123 0.000000e+00
2124 0.000000e+00
2125 8.448068e-08
2126 9.095059e-08
2127 9.360073e-08
2128 9.088522e-08
2129 8.228614e-08
2130 6.942377e-08
2131 5.616944e-08
2132 4.600187e-08
2133 3.834052e-08
2134 2.860033e-08
2135 1.930632e-08
2136 1.409773e-08
2137 9.547314e-09
2138 6.282484e-09
2139 4.203135e-09
2140 0.000000e+00
2141 0.000000e+00
2142 0.000000e+00
2143 0.000000e+00
2144 0.000000e+00
2145 0.000000e+00
2146 0.000000e+00
2147 0.000000e+00
2148 0.000000e+00
2149 0.000000e+00
2150 1.565474e-07
2151 1.683119e-07
2152 1.732507e-07
2153 1.684491e-07
2154 1.527377e-07
2155 1.290681e-07
2156 1.044752e-07
2157 8.544534e-08
2158 7.122736e-08
2159 5.341929e-08
2160 3.602601e-08
2161 2.638802e-08
2162 1.782592e-08
2163 1.175739e-08
2164 7.854120e-09
2165 0.000000e+00
2166 0.000000e+00
2167 0.000000e+00
2168 0.000000e+00
2169 0.000000e+00
2170 0.000000e+00
2171 0.000000e+00
2172 0.000000e+00
2173 0.000000e+00
2174 0.000000e+00
2175 2.144064e-07
2176 2.304174e-07
2177 2.371810e-07
2178 2.306789e-07
2179 2.092452e-07
2180 1.768883e-07
2181 1.431999e-07
2182 1.170748e-07
2183 9.759876e-08
2184 7.330025e-08
2185 4.941729e-08
2186 3.622685e-08
2187 2.445728e-08
2188 1.613997e-08
2189 1.077831e-08
2190 0.000000e+00
2191 0.000000e+00
2192 0.000000e+00
2193 0.000000e+00
2194 0.000000e+00
2195 0.000000e+00
2196 0.000000e+00
2197 0.000000e+00
2198 0.000000e+00
2199 0.000000e+00
2200 2.653691e-07
2201 2.851292e-07
2202 2.934993e-07
2203 2.854935e-07
2204 2.590170e-07
2205 2.190149e-07
2206 1.773078e-07
2207 1.449399e-07
2208 1.208304e-07
2209 9.080960e-08
2210 6.121100e-08
2211 4.489513e-08
2212 3.029941e-08
2213 2.000114e-08
2214 1.335366e-08
2215 0.000000e+00
2216 0.000000e+00
2217 0.000000e+00
2218 0.000000e+00
2219 0.000000e+00
2220 0.000000e+00
2221 0.000000e+00
2222 0.000000e+00
2223 0.000000e+00
2224 0.000000e+00
2225 3.296728e-07
2226 3.541400e-07
2227 3.645504e-07
2228 3.546625e-07
2229 3.218221e-07
2230 2.721558e-07
2231 2.203476e-07
2232 1.800952e-07
2233 1.501413e-07
2234 1.129049e-07
2235 7.609381e-08
2236 5.583217e-08
2237 3.766956e-08
2238 2.487292e-08
2239 1.660355e-08
2240 0.000000e+00
2241 0.000000e+00
2242 0.000000e+00
2243 0.000000e+00
2244 0.000000e+00
2245 0.000000e+00
2246 0.000000e+00
2247 0.000000e+00
2248 0.000000e+00
2249 0.000000e+00
2250 6.749884e-08
2251 7.395909e-08
2252 7.793757e-08
2253 7.828315e-08
2254 7.377787e-08
2255 6.440427e-08
2256 5.288077e-08
2257 4.274655e-08
2258 3.553034e-08
2259 2.866618e-08
2260 1.980156e-08
2261 1.424758e-08
2262 9.638242e-09
2263 6.565766e-09
2264 4.271373e-09
2265 0.000000e+00
2266 0.000000e+00
2267 0.000000e+00
2268 0.000000e+00
2269 0.000000e+00
2270 0.000000e+00
2271 0.000000e+00
2272 0.000000e+00
2273 0.000000e+00
2274 0.000000e+00
2275 1.256384e-07
2276 1.374707e-07
2277 1.448042e-07
2278 1.454806e-07
2279 1.372932e-07
2280 1.201070e-07
2281 9.871516e-08
2282 7.976428e-08
2283 6.623243e-08
2284 5.362780e-08
2285 3.718175e-08
2286 2.661326e-08
2287 1.807835e-08
2288 1.232228e-08
2289 8.004853e-09
2290 0.000000e+00
2291 0.000000e+00
2292 0.000000e+00
2293 0.000000e+00
2294 0.000000e+00
2295 0.000000e+00
2296 0.000000e+00
2297 0.000000e+00
2298 0.000000e+00
2299 0.000000e+00
2300 1.756843e-07
2301 1.921392e-07
2302 2.023509e-07
2303 2.033022e-07
2304 1.919328e-07
2305 1.680065e-07
2306 1.381181e-07
2307 1.115904e-07
2308 9.263419e-08
2309 7.508167e-08
2310 5.210623e-08
2311 3.724276e-08
2312 2.532697e-08
2313 1.726636e-08
2314 1.121202e-08
2315 0.000000e+00
2316 0.000000e+00
2317 0.000000e+00
2318 0.000000e+00
2319 0.000000e+00
2320 0.000000e+00
2321 0.000000e+00
2322 0.000000e+00
2323 0.000000e+00
2324 0.000000e+00
2325 2.388269e-07
2326 2.611141e-07
2327 2.749578e-07
2328 2.762580e-07
2329 2.608736e-07
2330 2.284427e-07
2331 1.878346e-07
2332 1.517468e-07
2333 1.259462e-07
2334 1.021518e-07
2335 7.093756e-08
2336 5.065482e-08
2337 3.447308e-08
2338 2.350472e-08
2339 1.525876e-08
2340 0.000000e+00
2341 0.000000e+00
2342 0.000000e+00
2343 0.000000e+00
2344 0.000000e+00
2345 0.000000e+00
2346 0.000000e+00
2347 0.000000e+00
2348 0.000000e+00
2349 0.000000e+00
2350 5.442941e-08
2351 6.059022e-08
2352 6.521481e-08
2353 6.711922e-08
2354 6.516510e-08
2355 5.900887e-08
2356 4.980641e-08
2357 4.027077e-08
2358 3.295854e-08
2359 2.745683e-08
2360 2.049206e-08
2361 1.374426e-08
2362 9.996817e-09
2363 6.710988e-09
2364 4.364565e-09
2365 2.878354e-09
2366 0.000000e+00
2367 0.000000e+00
2368 0.000000e+00
2369 0.000000e+00
2370 0.000000e+00
2371 0.000000e+00
2372 0.000000e+00
2373 0.000000e+00
2374 0.000000e+00
2375 1.041830e-07
2376 1.157390e-07
2377 1.244692e-07
2378 1.281618e-07
2379 1.245804e-07
2380 1.129480e-07
2381 9.545571e-08
2382 7.721440e-08
2383 6.312603e-08
2384 5.259890e-08
2385 3.942146e-08
2386 2.641945e-08
2387 1.927305e-08
2388 1.291095e-08
2389 8.413082e-09
2390 5.542426e-09
2391 0.000000e+00
2392 0.000000e+00
2393 0.000000e+00
2394 0.000000e+00
2395 0.000000e+00
2396 0.000000e+00
2397 0.000000e+00
2398 0.000000e+00
2399 0.000000e+00
2400 1.657362e-07
2401 1.839688e-07
2402 1.977761e-07
2403 2.036707e-07
2404 1.980560e-07
2405 1.796373e-07
2406 1.518814e-07
2407 1.228754e-07
2408 1.004190e-07
2409 8.367863e-08
2410 6.280600e-08
2411 4.207648e-08
2412 3.072804e-08
2413 2.056978e-08
2414 1.341250e-08
2415 8.832940e-09
2416 0.000000e+00
2417 0.000000e+00
2418 0.000000e+00
2419 0.000000e+00
2420 0.000000e+00
2421 0.000000e+00
2422 0.000000e+00
2423 0.000000e+00
2424 0.000000e+00
2425 4.684191e-08
2426 5.280281e-08
2427 5.761747e-08
2428 6.049822e-08
2429 6.053057e-08
2430 5.669614e-08
2431 4.916507e-08
2432 4.024178e-08
2433 3.253779e-08
2434 2.709016e-08
2435 2.161044e-08
2436 1.477500e-08
2437 1.072835e-08
2438 7.136868e-09
2439 4.797584e-09
2440 3.092763e-09
2441 0.000000e+00
2442 0.000000e+00
2443 0.000000e+00
2444 0.000000e+00
2445 0.000000e+00
2446 0.000000e+00
2447 0.000000e+00
2448 0.000000e+00
2449 0.000000e+00
2450 1.073501e-07
2451 1.207520e-07
2452 1.316509e-07
2453 1.382007e-07
2454 1.383308e-07
2455 1.297753e-07
2456 1.127538e-07
2457 9.234688e-08
2458 7.464247e-08
2459 6.209853e-08
2460 4.972593e-08
2461 3.408437e-08
2462 2.464396e-08
2463 1.644415e-08
2464 1.107009e-08
2465 7.125104e-09
2466 0.000000e+00
2467 0.000000e+00
2468 0.000000e+00
2469 0.000000e+00
2470 0.000000e+00
2471 0.000000e+00
2472 0.000000e+00
2473 0.000000e+00
2474 0.000000e+00
2475 5.861627e-08
2476 6.667384e-08
2477 7.380860e-08
2478 7.891550e-08
2479 8.058817e-08
2480 7.762511e-08
2481 6.974016e-08
2482 5.836663e-08
2483 4.710675e-08
2484 3.869765e-08
2485 3.217694e-08
2486 2.346056e-08
2487 1.589129e-08
2488 1.129853e-08
2489 7.592495e-09
2490 4.848103e-09
2491 3.154262e-09
2492 0.000000e+00
2493 0.000000e+00
2494 0.000000e+00
2495 0.000000e+00
2496 0.000000e+00
2497 0.000000e+00
2498 0.000000e+00
2499 0.000000e+00
2500 4.765201e-05
2501 3.958688e-05
2502 3.203182e-05
2503 2.558269e-05
2504 2.001653e-05
2505 1.487632e-05
2506 1.052002e-05
2507 7.513652e-06
2508 5.236776e-06
2509 0.000000e+00
2510 0.000000e+00
2511 0.000000e+00
2512 0.000000e+00
2513 0.000000e+00
2514 0.000000e+00
2515 0.000000e+00
2516 0.000000e+00
2517 0.000000e+00
2518 0.000000e+00
2519 0.000000e+00
2520 0.000000e+00
2521 0.000000e+00
2522 0.000000e+00
2523 0.000000e+00
2524 0.000000e+00
2525 4.080330e-05
2526 3.842127e-05
2527 3.372474e-05
2528 2.789039e-05
2529 2.262524e-05
2530 1.875630e-05
2531 1.517393e-05
2532 1.082902e-05
2533 7.727135e-06
2534 5.464936e-06
2535 3.760641e-06
2536 2.534676e-06
2537 0.000000e+00
2538 0.000000e+00
2539 0.000000e+00
2540 0.000000e+00
2541 0.000000e+00
2542 0.000000e+00
2543 0.000000e+00
2544 0.000000e+00
2545 0.000000e+00
2546 0.000000e+00
2547 0.000000e+00
2548 0.000000e+00
2549 0.000000e+00
2550 3.055311e-05
2551 3.081643e-05
2552 2.926852e-05
2553 2.586268e-05
2554 2.143000e-05
2555 1.732325e-05
2556 1.433562e-05
2557 1.175075e-05
2558 8.388505e-06
2559 5.919637e-06
2560 4.168803e-06
2561 2.874364e-06
2562 1.906884e-06
2563 0.000000e+00
2564 0.000000e+00
2565 0.000000e+00
2566 0.000000e+00
2567 0.000000e+00
2568 0.000000e+00
2569 0.000000e+00
2570 0.000000e+00
2571 0.000000e+00
2572 0.000000e+00
2573 0.000000e+00
2574 0.000000e+00
2575 2.327922e-05
2576 2.435642e-05
2577 2.428471e-05
2578 2.269428e-05
2579 1.968887e-05
2580 1.612088e-05
2581 1.304830e-05
2582 1.086345e-05
2583 8.683277e-06
2584 5.973843e-06
2585 4.358168e-06
2586 2.958407e-06
2587 2.024200e-06
2588 1.338864e-06
2589 0.000000e+00
2590 0.000000e+00
2591 0.000000e+00
2592 0.000000e+00
2593 0.000000e+00
2594 0.000000e+00
2595 0.000000e+00
2596 0.000000e+00
2597 0.000000e+00
2598 0.000000e+00
2599 0.000000e+00
2600 1.811100e-05
2601 1.943141e-05
2602 1.998932e-05
2603 1.943481e-05
2604 1.763118e-05
2605 1.491371e-05
2606 1.207106e-05
2607 9.864284e-06
2608 8.224473e-06
2609 6.190627e-06
2610 4.162720e-06
2611 3.059987e-06
2612 2.063925e-06
2613 1.362314e-06
2614 9.098062e-07
2615 0.000000e+00
2616 0.000000e+00
2617 0.000000e+00
2618 0.000000e+00
2619 0.000000e+00
2620 0.000000e+00
2621 0.000000e+00
2622 0.000000e+00
2623 0.000000e+00
2624 0.000000e+00
2625 1.383241e-05
2626 1.509568e-05
2627 1.587817e-05
2628 1.594566e-05
2629 1.506225e-05
2630 1.318900e-05
2631 1.084131e-05
2632 8.757447e-06
2633 7.268214e-06
2634 5.901332e-06
2635 4.096022e-06
2636 2.924021e-06
2637 1.989162e-06
2638 1.357609e-06
2639 8.808668e-07
2640 0.000000e+00
2641 0.000000e+00
2642 0.000000e+00
2643 0.000000e+00
2644 0.000000e+00
2645 0.000000e+00
2646 0.000000e+00
2647 0.000000e+00
2648 0.000000e+00
2649 0.000000e+00
2650 1.062737e-05
2651 1.177147e-05
2652 1.264146e-05
2653 1.301345e-05
2654 1.265027e-05
2655 1.147437e-05
2656 9.704384e-06
2657 7.849972e-06
2658 6.413934e-06
2659 5.344870e-06
2660 4.016803e-06
2661 2.686375e-06
2662 1.965024e-06
2663 1.314881e-06
2664 8.574162e-07
2665 5.647649e-07
2666 0.000000e+00
2667 0.000000e+00
2668 0.000000e+00
2669 0.000000e+00
2670 0.000000e+00
2671 0.000000e+00
2672 0.000000e+00
2673 0.000000e+00
2674 0.000000e+00
2675 8.396775e-06
2676 9.421484e-06
2677 1.025594e-05
2678 1.075778e-05
2679 1.076606e-05
2680 1.010730e-05
2681 8.783100e-06
2682 7.194230e-06
2683 5.813769e-06
2684 4.835975e-06
2685 3.877300e-06
2686 2.659639e-06
2687 1.921212e-06
2688 1.282095e-06
2689 8.638288e-07
2690 5.557079e-07
2691 0.000000e+00
2692 0.000000e+00
2693 0.000000e+00
2694 0.000000e+00
2695 0.000000e+00
2696 0.000000e+00
2697 0.000000e+00
2698 0.000000e+00
2699 0.000000e+00
2700 5.891505e-06
2701 6.675872e-06
2702 7.373900e-06
2703 7.877594e-06
2704 8.042046e-06
2705 7.746971e-06
2706 6.963309e-06
2707 5.832278e-06
2708 4.706299e-06
2709 3.864248e-06
2710 3.214090e-06
2711 2.349614e-06
2712 1.588221e-06
2713 1.131680e-06
2714 7.599581e-07
2715 4.853607e-07
2716 3.158195e-07
2717 0.000000e+00
2718 0.000000e+00
2719 0.000000e+00
2720 0.000000e+00
2721 0.000000e+00
2722 0.000000e+00
2723 0.000000e+00
2724 0.000000e+00
2725 3.533868e-06
2726 4.056864e-06
2727 4.544951e-06
2728 4.941291e-06
2729 5.173738e-06
2730 5.160944e-06
2731 4.814659e-06
2732 4.168971e-06
2733 3.409815e-06
2734 2.757978e-06
2735 2.294963e-06
2736 1.821848e-06
2737 1.243486e-06
2738 9.012729e-07
2739 5.986191e-07
2740 3.976061e-07
2741 2.537346e-07
2742 1.618201e-07
2743 0.000000e+00
2744 0.000000e+00
2745 0.000000e+00
2746 0.000000e+00
2747 0.000000e+00
2748 0.000000e+00
2749 0.000000e+00
2750 0.000000e+00
2751 0.000000e+00
2752 0.000000e+00
2753 0.000000e+00
2754 0.000000e+00
2755 0.000000e+00
2756 0.000000e+00
2757 2.200937e-07
2758 1.539503e-07
2759 0.000000e+00
2760 0.000000e+00
2761 0.000000e+00
2762 0.000000e+00
2763 0.000000e+00
2764 0.000000e+00
2765 0.000000e+00
2766 0.000000e+00
2767 0.000000e+00
2768 0.000000e+00
2769 0.000000e+00
2770 0.000000e+00
2771 0.000000e+00
2772 0.000000e+00
2773 0.000000e+00
2774 0.000000e+00
2775 0.000000e+00
2776 0.000000e+00
2777 0.000000e+00
2778 0.000000e+00
2779 0.000000e+00
2780 0.000000e+00
2781 0.000000e+00
2782 2.943453e-07
2783 2.094015e-07
2784 1.486327e-07
2785 1.020684e-07
2786 6.889674e-08
2787 0.000000e+00
2788 0.000000e+00
2789 0.000000e+00
2790 0.000000e+00
2791 0.000000e+00
2792 0.000000e+00
2793 0.000000e+00
2794 0.000000e+00
2795 0.000000e+00
2796 0.000000e+00
2797 0.000000e+00
2798 0.000000e+00
2799 0.000000e+00
2800 0.000000e+00
2801 0.000000e+00
2802 0.000000e+00
2803 0.000000e+00
2804 0.000000e+00
2805 0.000000e+00
2806 0.000000e+00
2807 3.285373e-07
2808 2.350474e-07
2809 1.657330e-07
2810 1.169912e-07
2811 8.050635e-08
2812 5.348454e-08
2813 0.000000e+00
2814 0.000000e+00
2815 0.000000e+00
2816 0.000000e+00
2817 0.000000e+00
2818 0.000000e+00
2819 0.000000e+00
2820 0.000000e+00
2821 0.000000e+00
2822 0.000000e+00
2823 0.000000e+00
2824 0.000000e+00
2825 0.000000e+00
2826 0.000000e+00
2827 0.000000e+00
2828 0.000000e+00
2829 0.000000e+00
2830 0.000000e+00
2831 0.000000e+00
2832 3.205299e-07
2833 2.562650e-07
2834 1.765736e-07
2835 1.284654e-07
2836 8.744957e-08
2837 5.979727e-08
2838 3.954617e-08
2839 0.000000e+00
2840 0.000000e+00
2841 0.000000e+00
2842 0.000000e+00
2843 0.000000e+00
2844 0.000000e+00
2845 0.000000e+00
2846 0.000000e+00
2847 0.000000e+00
2848 0.000000e+00
2849 0.000000e+00
2850 0.000000e+00
2851 0.000000e+00
2852 0.000000e+00
2853 0.000000e+00
2854 0.000000e+00
2855 0.000000e+00
2856 0.000000e+00
2857 3.072545e-07
2858 2.561653e-07
2859 1.928319e-07
2860 1.299315e-07
2861 9.539385e-08
2862 6.432986e-08
2863 4.249537e-08
2864 2.835992e-08
2865 0.000000e+00
2866 0.000000e+00
2867 0.000000e+00
2868 0.000000e+00
2869 0.000000e+00
2870 0.000000e+00
2871 0.000000e+00
2872 0.000000e+00
2873 0.000000e+00
2874 0.000000e+00
2875 0.000000e+00
2876 0.000000e+00
2877 0.000000e+00
2878 0.000000e+00
2879 0.000000e+00
2880 0.000000e+00
2881 0.000000e+00
2882 2.969821e-07
2883 2.464280e-07
2884 2.000463e-07
2885 1.390370e-07
2886 9.915787e-08
2887 6.754852e-08
2888 4.606463e-08
2889 2.989315e-08
2890 0.000000e+00
2891 0.000000e+00
2892 0.000000e+00
2893 0.000000e+00
2894 0.000000e+00
2895 0.000000e+00
2896 0.000000e+00
2897 0.000000e+00
2898 0.000000e+00
2899 0.000000e+00
2900 0.000000e+00
2901 0.000000e+00
2902 0.000000e+00
2903 0.000000e+00
2904 0.000000e+00
2905 0.000000e+00
2906 0.000000e+00
2907 2.880961e-07
2908 2.353590e-07
2909 1.961349e-07
2910 1.474160e-07
2911 9.872742e-08
2912 7.217442e-08
2913 4.828097e-08
2914 3.150140e-08
2915 2.073867e-08
2916 0.000000e+00
2917 0.000000e+00
2918 0.000000e+00
2919 0.000000e+00
2920 0.000000e+00
2921 0.000000e+00
2922 0.000000e+00
2923 0.000000e+00
2924 0.000000e+00
2925 0.000000e+00
2926 0.000000e+00
2927 0.000000e+00
2928 0.000000e+00
2929 0.000000e+00
2930 0.000000e+00
2931 0.000000e+00
2932 2.786856e-07
2933 2.252187e-07
2934 1.873044e-07
2935 1.502443e-07
2936 1.031034e-07
2937 7.440197e-08
2938 4.971365e-08
2939 3.348986e-08
2940 2.153966e-08
2941 0.000000e+00
2942 0.000000e+00
2943 0.000000e+00
2944 0.000000e+00
2945 0.000000e+00
2946 0.000000e+00
2947 0.000000e+00
2948 0.000000e+00
2949 0.000000e+00
2950 0.000000e+00
2951 0.000000e+00
2952 0.000000e+00
2953 0.000000e+00
2954 0.000000e+00
2955 0.000000e+00
2956 0.000000e+00
2957 2.699701e-07
2958 2.179226e-07
2959 1.788492e-07
2960 1.487586e-07
2961 1.090082e-07
2962 7.361611e-08
2963 5.257543e-08
2964 3.526294e-08
2965 2.255016e-08
2966 1.466787e-08
2967 0.000000e+00
2968 0.000000e+00
2969 0.000000e+00
2970 0.000000e+00
2971 0.000000e+00
2972 0.000000e+00
2973 0.000000e+00
2974 0.000000e+00
2975 0.000000e+00
2976 0.000000e+00
2977 0.000000e+00
2978 0.000000e+00
2979 0.000000e+00
2980 0.000000e+00
2981 0.000000e+00
2982 2.974695e-07
2983 2.441779e-07
2984 1.974544e-07
2985 1.639288e-07
2986 1.311998e-07
2987 9.052078e-08
2988 6.485163e-08
2989 4.354406e-08
2990 2.898083e-08
2991 1.846147e-08
2992 1.179063e-08
2993 0.000000e+00
2994 0.000000e+00
2995 0.000000e+00
2996 0.000000e+00
2997 0.000000e+00
2998 0.000000e+00
2999 0.000000e+00
3000 0.000000e+00
3001 0.000000e+00
3002 0.000000e+00
3003 0.000000e+00
3004 0.000000e+00
3005 0.000000e+00
3006 0.000000e+00
3007 5.106785e-10
3008 3.807639e-10
3009 2.921528e-10
3010 2.299352e-10
3011 1.818739e-10
3012 1.435570e-10
3013 1.113458e-10
3014 8.389574e-11
3015 6.082697e-11
3016 4.213817e-11
3017 2.778329e-11
3018 1.744573e-11
3019 1.048223e-11
3020 6.076548e-12
3021 0.000000e+00
3022 0.000000e+00
3023 0.000000e+00
3024 0.000000e+00
3025 0.000000e+00
3026 0.000000e+00
3027 0.000000e+00
3028 0.000000e+00
3029 0.000000e+00
3030 0.000000e+00
3031 0.000000e+00
3032 2.598486e-09
3033 1.847791e-09
3034 1.313394e-09
3035 9.556881e-10
3036 7.145231e-10
3037 5.447627e-10
3038 4.226473e-10
3039 3.300551e-10
3040 2.561995e-10
3041 1.953712e-10
3042 1.448792e-10
3043 1.036906e-10
3044 7.132679e-11
3045 4.714717e-11
3046 0.000000e+00
3047 0.000000e+00
3048 0.000000e+00
3049 0.000000e+00
3050 0.000000e+00
3051 0.000000e+00
3052 0.000000e+00
3053 0.000000e+00
3054 0.000000e+00
3055 0.000000e+00
3056 0.000000e+00
3057 5.228494e-09
3058 3.702601e-09
3059 2.624785e-09
3060 1.855506e-09
3061 1.333896e-09
3062 9.840460e-10
3063 7.404014e-10
3064 5.679969e-10
3065 4.402509e-10
3066 3.409264e-10
3067 2.607306e-10
3068 1.949287e-10
3069 1.413051e-10
3070 9.877300e-11
3071 0.000000e+00
3072 0.000000e+00
3073 0.000000e+00
3074 0.000000e+00
3075 0.000000e+00
3076 0.000000e+00
3077 0.000000e+00
3078 0.000000e+00
3079 0.000000e+00
3080 0.000000e+00
3081 0.000000e+00
3082 8.400148e-09
3083 5.918656e-09
3084 4.195286e-09
3085 2.948142e-09
3086 2.085876e-09
3087 1.496600e-09
3088 1.100833e-09
3089 8.258553e-10
3090 6.310980e-10
3091 4.869163e-10
3092 3.752751e-10
3093 2.857005e-10
3094 2.127648e-10
3095 1.538019e-10
3096 0.000000e+00
3097 0.000000e+00
3098 0.000000e+00
3099 0.000000e+00
3100 0.000000e+00
3101 0.000000e+00
3102 0.000000e+00
3103 0.000000e+00
3104 0.000000e+00
3105 0.000000e+00
3106 0.000000e+00
3107 1.198134e-08
3108 8.574776e-09
3109 6.029095e-09
3110 4.264464e-09
3111 2.978572e-09
3112 2.107930e-09
3113 1.518814e-09
3114 1.117479e-09
3115 8.394514e-10
3116 6.409046e-10
3117 4.926978e-10
3118 3.774503e-10
3119 2.851509e-10
3120 2.105280e-10
3121 0.000000e+00
3122 0.000000e+00
3123 0.000000e+00
3124 0.000000e+00
3125 0.000000e+00
3126 0.000000e+00
3127 0.000000e+00
3128 0.000000e+00
3129 0.000000e+00
3130 0.000000e+00
3131 0.000000e+00
3132 1.600443e-08
3133 1.169267e-08
3134 8.248362e-09
3135 5.806265e-09
3136 4.065174e-09
3137 2.846090e-09
3138 2.015471e-09
3139 1.459327e-09
3140 1.077186e-09
3141 8.110861e-10
3142 6.186331e-10
3143 4.735709e-10
3144 3.600638e-10
3145 2.693163e-10
3146 0.000000e+00
3147 0.000000e+00
3148 0.000000e+00
3149 0.000000e+00
3150 0.000000e+00
3151 0.000000e+00
3152 0.000000e+00
3153 0.000000e+00
3154 0.000000e+00
3155 0.000000e+00
3156 0.000000e+00
3157 2.057811e-08
3158 1.531307e-08
3159 1.094534e-08
3160 7.671470e-09
3161 5.389583e-09
3162 3.741331e-09
3163 2.623062e-09
3164 1.868461e-09
3165 1.357127e-09
3166 1.006033e-09
3167 7.587711e-10
3168 5.775956e-10
3169 4.395546e-10
3170 3.310993e-10
3171 0.000000e+00
3172 0.000000e+00
3173 0.000000e+00
3174 0.000000e+00
3175 0.000000e+00
3176 0.000000e+00
3177 0.000000e+00
3178 0.000000e+00
3179 0.000000e+00
3180 0.000000e+00
3181 0.000000e+00
3182 2.568507e-08
3183 1.938775e-08
3184 1.408408e-08
3185 9.897650e-09
3186 6.933178e-09
3187 4.816729e-09
3188 3.348045e-09
3189 2.350919e-09
3190 1.684319e-09
3191 1.229101e-09
3192 9.146288e-10
3193 6.899884e-10
3194 5.232057e-10
3195 3.950537e-10
3196 0.000000e+00
3197 0.000000e+00
3198 0.000000e+00
3199 0.000000e+00
3200 0.000000e+00
3201 0.000000e+00
3202 0.000000e+00
3203 0.000000e+00
3204 0.000000e+00
3205 0.000000e+00
3206 0.000000e+00
3207 3.167362e-08
3208 2.417858e-08
3209 1.784823e-08
3210 1.266723e-08
3211 8.843797e-09
3212 6.164928e-09
3213 4.252468e-09
3214 2.956531e-09
3215 2.087624e-09
3216 1.500392e-09
3217 1.099825e-09
3218 8.198393e-10
3219 6.170291e-10
3220 4.649970e-10
3221 0.000000e+00
3222 0.000000e+00
3223 0.000000e+00
3224 0.000000e+00
3225 0.000000e+00
3226 0.000000e+00
3227 0.000000e+00
3228 0.000000e+00
3229 0.000000e+00
3230 0.000000e+00
3231 0.000000e+00
3232 4.240668e-08
3233 3.279178e-08
3234 2.469747e-08
3235 1.791873e-08
3236 1.257283e-08
3237 8.747292e-09
3238 6.033256e-09
3239 4.146712e-09
3240 2.871135e-09
3241 2.021216e-09
3242 1.446457e-09
3243 1.054629e-09
3244 7.805979e-10
3245 5.819466e-10
3246 0.000000e+00
3247 0.000000e+00
3248 0.000000e+00
3249 0.000000e+00
3250 0.000000e+00
3251 0.000000e+00
3252 0.000000e+00
3253 0.000000e+00
3254 0.000000e+00
3255 0.000000e+00
3256 0.000000e+00
3257 1.351418e-07
3258 1.104840e-07
3259 8.774516e-08
3260 6.814774e-08
3261 5.170552e-08
3262 3.788506e-08
3263 2.655707e-08
3264 1.822321e-08
3265 1.240851e-08
3266 8.280047e-09
3267 5.499764e-09
3268 3.672725e-09
3269 2.466153e-09
3270 1.674734e-09
3271 0.000000e+00
3272 0.000000e+00
3273 0.000000e+00
3274 0.000000e+00
