0 1.804249e-09
1 1.348331e-09
2 9.851356e-10
3 7.116280e-10
4 5.147895e-10
5 3.744301e-10
6 2.755468e-10
7 2.065225e-10
8 1.572661e-10
9 1.210092e-10
10 9.334837e-11
11 7.150581e-11
12 5.389211e-11
13 3.966381e-11
14 2.835287e-11
15 1.963082e-11
16 1.316090e-11
17 8.559401e-12
18 5.415348e-12
19 3.342494e-12
20 2.016619e-12
21 0.000000e+00
22 0.000000e+00
23 0.000000e+00
24 0.000000e+00
25 2.981039e-09
26 2.263777e-09
27 1.672973e-09
28 1.205599e-09
29 8.613822e-10
30 6.202422e-10
31 4.500420e-10
32 3.317201e-10
33 2.498808e-10
34 1.916163e-10
35 1.484016e-10
36 1.150618e-10
37 8.835326e-11
38 6.652669e-11
39 4.872518e-11
40 3.452041e-11
41 2.359654e-11
42 1.556549e-11
43 9.937722e-12
44 6.166589e-12
45 3.733699e-12
46 0.000000e+00
47 0.000000e+00
48 0.000000e+00
49 0.000000e+00
50 3.159513e-09
51 2.394985e-09
52 1.766753e-09
53 1.266021e-09
54 8.954373e-10
55 6.403781e-10
56 4.641792e-10
57 3.414971e-10
58 2.577181e-10
59 1.985655e-10
60 1.547285e-10
61 1.207061e-10
62 9.322415e-11
63 7.051388e-11
64 5.176877e-11
65 3.666024e-11
66 2.495548e-11
67 1.632926e-11
68 1.029917e-11
69 6.294747e-12
70 3.747897e-12
71 0.000000e+00
72 0.000000e+00
73 0.000000e+00
74 0.000000e+00
75 3.259603e-09
76 2.467740e-09
77 1.818175e-09
78 1.298692e-09
79 9.134140e-10
80 6.504877e-10
81 4.709730e-10
82 3.462709e-10
83 2.615516e-10
84 2.021003e-10
85 1.580378e-10
86 1.237401e-10
87 9.588967e-11
88 7.271223e-11
89 5.345486e-11
90 3.784523e-11
91 2.570429e-11
92 1.673976e-11
93 1.048309e-11
94 6.347968e-12
95 3.739372e-12
96 0.000000e+00
97 0.000000e+00
98 0.000000e+00
99 0.000000e+00
100 3.331769e-09
101 2.520633e-09
102 1.855629e-09
103 1.322847e-09
104 9.270379e-10
105 6.583660e-10
106 4.763481e-10
107 3.500191e-10
108 2.645484e-10
109 2.047750e-10
110 1.605121e-10
111 1.259593e-10
112 9.781851e-11
113 7.429985e-11
114 5.467362e-11
115 3.870714e-11
116 2.625330e-11
117 1.704847e-11
118 1.062877e-11
119 6.398431e-12
120 3.743127e-12
121 0.000000e+00
122 0.000000e+00
123 0.000000e+00
124 0.000000e+00
125 3.387817e-09
126 2.561527e-09
127 1.885056e-09
128 1.341805e-09
129 9.378212e-10
130 6.646970e-10
131 4.806303e-10
132 3.530144e-10
133 2.669221e-10
134 2.068919e-10
135 1.624463e-10
136 1.276939e-10
137 9.932587e-11
138 7.553737e-11
139 5.562323e-11
140 3.937517e-11
141 2.668076e-11
142 1.728848e-11
143 1.074328e-11
144 6.438538e-12
145 3.746910e-12
146 0.000000e+00
147 0.000000e+00
148 0.000000e+00
149 0.000000e+00
150 3.434291e-09
151 2.595870e-09
152 1.909194e-09
153 1.357305e-09
154 9.467108e-10
155 6.697435e-10
156 4.840547e-10
157 3.554557e-10
158 2.688636e-10
159 2.086294e-10
160 1.640485e-10
161 1.291268e-10
162 1.005707e-10
163 7.655830e-11
164 5.640790e-11
165 3.992926e-11
166 2.703399e-11
167 1.748794e-11
168 1.083754e-11
169 6.471681e-12
170 3.749828e-12
171 0.000000e+00
172 0.000000e+00
173 0.000000e+00
174 0.000000e+00
175 3.475768e-09
176 2.625913e-09
177 1.930794e-09
178 1.371374e-09
179 9.546039e-10
180 6.743255e-10
181 4.872861e-10
182 3.576830e-10
183 2.706136e-10
184 2.101883e-10
185 1.654716e-10
186 1.304111e-10
187 1.016884e-10
188 7.747316e-11
189 5.710686e-11
190 4.042315e-11
191 2.734993e-11
192 1.766579e-11
193 1.092183e-11
194 6.501559e-12
195 3.752717e-12
196 0.000000e+00
197 0.000000e+00
198 0.000000e+00
199 0.000000e+00
200 3.515677e-09
201 2.655251e-09
202 1.951634e-09
203 1.384641e-09
204 9.621844e-10
205 6.788364e-10
206 4.902641e-10
207 3.598063e-10
208 2.723184e-10
209 2.116960e-10
210 1.668462e-10
211 1.316481e-10
212 1.027601e-10
213 7.835840e-11
214 5.778610e-11
215 4.090208e-11
216 2.765515e-11
217 1.783814e-11
218 1.100444e-11
219 6.530362e-12
220 3.755677e-12
221 0.000000e+00
222 0.000000e+00
223 0.000000e+00
224 0.000000e+00
225 3.564310e-09
226 2.690824e-09
227 1.976901e-09
228 1.400913e-09
229 9.713563e-10
230 6.841769e-10
231 4.939188e-10
232 3.623908e-10
233 2.743520e-10
234 2.135144e-10
235 1.685102e-10
236 1.331513e-10
237 1.040629e-10
238 7.943294e-11
239 5.860871e-11
240 4.148320e-11
241 2.802586e-11
242 1.804591e-11
243 1.110232e-11
244 6.564862e-12
245 3.758306e-12
246 0.000000e+00
247 0.000000e+00
248 0.000000e+00
249 0.000000e+00
250 7.382656e-09
251 5.812602e-09
252 4.480097e-09
253 3.362464e-09
254 2.449696e-09
255 1.755522e-09
256 1.257732e-09
257 9.018128e-10
258 6.539522e-10
259 4.830819e-10
260 3.641764e-10
261 2.789177e-10
262 2.155942e-10
263 1.665329e-10
264 1.271311e-10
265 9.503924e-11
266 6.906853e-11
267 4.856439e-11
268 3.297619e-11
269 2.164929e-11
270 1.377668e-11
271 0.000000e+00
272 0.000000e+00
273 0.000000e+00
274 0.000000e+00
275 9.046402e-09
276 7.168482e-09
277 5.566591e-09
278 4.219662e-09
279 3.101716e-09
280 2.224228e-09
281 1.588923e-09
282 1.137261e-09
283 8.182832e-10
284 5.993354e-10
285 4.483069e-10
286 3.415029e-10
287 2.634625e-10
288 2.039736e-10
289 1.567376e-10
290 1.183330e-10
291 8.703908e-11
292 6.200931e-11
293 4.265438e-11
294 2.832525e-11
295 1.819983e-11
296 0.000000e+00
297 0.000000e+00
298 0.000000e+00
299 0.000000e+00
300 9.883872e-09
301 7.840677e-09
302 6.099078e-09
303 4.636356e-09
304 3.414813e-09
305 2.444915e-09
306 1.741230e-09
307 1.245303e-09
308 8.934941e-10
309 6.526837e-10
310 4.872910e-10
311 3.710418e-10
312 2.864556e-10
313 2.222330e-10
314 1.713406e-10
315 1.298745e-10
316 9.592266e-11
317 6.858039e-11
318 4.730251e-11
319 3.145923e-11
320 2.022108e-11
321 0.000000e+00
322 0.000000e+00
323 0.000000e+00
324 0.000000e+00
325 1.045948e-08
326 8.301451e-09
327 6.462633e-09
328 4.920235e-09
329 3.627825e-09
330 2.594493e-09
331 1.843842e-09
332 1.317741e-09
333 9.440018e-10
334 6.883820e-10
335 5.135146e-10
336 3.910122e-10
337 3.020462e-10
338 2.346830e-10
339 1.812999e-10
340 1.377615e-10
341 1.020004e-10
342 7.307589e-11
343 5.047250e-11
344 3.358849e-11
345 2.158381e-11
346 0.000000e+00
347 0.000000e+00
348 0.000000e+00
349 0.000000e+00
350 1.090814e-08
351 8.660631e-09
352 6.746955e-09
353 5.142153e-09
354 3.794199e-09
355 2.711475e-09
356 1.924391e-09
357 1.374580e-09
358 9.836338e-10
359 7.164222e-10
360 5.340752e-10
361 4.066446e-10
362 3.142443e-10
363 2.444121e-10
364 1.890892e-10
365 1.439216e-10
366 1.067366e-10
367 7.658596e-11
368 5.295301e-11
369 3.525364e-11
370 2.265210e-11
371 0.000000e+00
372 0.000000e+00
373 0.000000e+00
374 0.000000e+00
375 1.127852e-08
376 8.957644e-09
377 6.981727e-09
378 5.325625e-09
379 3.931954e-09
380 2.808504e-09
381 1.991075e-09
382 1.421713e-09
383 1.016490e-09
384 7.396662e-10
385 5.511746e-10
386 4.195542e-10
387 3.244052e-10
388 2.524955e-10
389 1.955657e-10
390 1.490352e-10
391 1.106503e-10
392 7.949825e-11
393 5.499647e-11
394 3.663158e-11
395 2.353838e-11
396 0.000000e+00
397 0.000000e+00
398 0.000000e+00
399 0.000000e+00
400 1.160934e-08
401 9.223080e-09
402 7.191682e-09
403 5.489442e-09
404 4.054956e-09
405 2.894942e-09
406 2.050521e-09
407 1.463684e-09
408 1.045805e-09
409 7.603817e-10
410 5.662895e-10
411 4.311160e-10
412 3.333445e-10
413 2.595909e-10
414 2.012526e-10
415 1.535590e-10
416 1.141465e-10
417 8.207215e-11
418 5.682664e-11
419 3.786317e-11
420 2.432811e-11
421 0.000000e+00
422 0.000000e+00
423 0.000000e+00
424 0.000000e+00
425 1.193102e-08
426 9.479904e-09
427 7.394810e-09
428 5.648475e-09
429 4.174043e-09
430 2.978931e-09
431 2.108225e-09
432 1.504463e-09
433 1.074200e-09
434 7.805064e-10
435 5.810391e-10
436 4.423106e-10
437 3.420929e-10
438 2.665921e-10
439 2.068567e-10
440 1.579736e-10
441 1.175389e-10
442 8.457841e-11
443 5.860035e-11
444 3.905620e-11
445 2.509438e-11
446 0.000000e+00
447 0.000000e+00
448 0.000000e+00
449 0.000000e+00
450 1.232133e-08
451 9.793403e-09
452 7.642621e-09
453 5.841884e-09
454 4.319352e-09
455 3.080936e-09
456 2.178420e-09
457 1.554139e-09
458 1.108836e-09
459 8.050252e-10
460 5.989864e-10
461 4.559352e-10
462 3.527251e-10
463 2.750739e-10
464 2.136421e-10
465 1.633335e-10
466 1.216712e-10
467 8.763825e-11
468 6.076484e-11
469 4.050896e-11
470 2.602689e-11
471 0.000000e+00
472 0.000000e+00
473 0.000000e+00
474 0.000000e+00
475 1.242593e-08
476 1.000570e-08
477 7.877479e-09
478 6.073705e-09
479 4.563836e-09
480 3.327683e-09
481 2.378722e-09
482 1.699225e-09
483 1.213823e-09
484 8.755406e-10
485 6.424525e-10
486 4.814010e-10
487 3.668025e-10
488 2.825609e-10
489 2.179507e-10
490 1.666049e-10
491 1.249962e-10
492 9.133503e-11
493 6.463421e-11
494 4.419632e-11
495 2.920047e-11
496 0.000000e+00
497 0.000000e+00
498 0.000000e+00
499 0.000000e+00
500 1.440419e-08
501 1.167709e-08
502 9.242128e-09
503 7.167055e-09
504 5.427233e-09
505 3.986208e-09
506 2.854013e-09
507 2.034580e-09
508 1.451721e-09
509 1.040955e-09
510 7.586299e-10
511 5.647836e-10
512 4.281074e-10
513 3.290067e-10
514 2.539806e-10
515 1.949357e-10
516 1.472755e-10
517 1.085915e-10
518 7.764336e-11
519 5.365291e-11
520 3.579793e-11
521 0.000000e+00
522 0.000000e+00
523 0.000000e+00
524 0.000000e+00
525 1.569849e-08
526 1.276261e-08
527 1.012075e-08
528 7.868074e-09
529 5.978751e-09
530 4.403356e-09
531 3.151942e-09
532 2.242873e-09
533 1.599590e-09
534 1.143361e-09
535 8.310860e-10
536 6.168360e-10
537 4.668530e-10
538 3.585128e-10
539 2.770799e-10
540 2.132395e-10
541 1.616819e-10
542 1.197333e-10
543 8.600721e-11
544 5.967756e-11
545 3.995854e-11
546 0.000000e+00
547 0.000000e+00
548 0.000000e+00
549 0.000000e+00
550 1.668781e-08
551 1.358926e-08
552 1.078968e-08
553 8.400635e-09
554 6.397315e-09
555 4.719965e-09
556 3.377407e-09
557 2.399867e-09
558 1.710827e-09
559 1.220466e-09
560 8.851997e-10
561 6.560110e-10
562 4.959735e-10
563 3.808801e-10
564 2.946203e-10
565 2.271233e-10
566 1.726544e-10
567 1.281988e-10
568 9.235496e-11
569 6.424821e-11
570 4.311067e-11
571 0.000000e+00
572 0.000000e+00
573 0.000000e+00
574 0.000000e+00
575 1.750934e-08
576 1.427548e-08
577 1.134544e-08
578 8.843085e-09
579 6.744590e-09
580 4.983246e-09
581 3.564669e-09
582 2.530653e-09
583 1.803436e-09
584 1.284871e-09
585 9.307413e-10
586 6.886839e-10
587 5.202772e-10
588 3.994045e-10
589 3.092061e-10
590 2.386795e-10
591 1.817741e-10
592 1.352683e-10
593 9.763759e-11
594 6.805339e-11
595 4.572940e-11
596 0.000000e+00
597 0.000000e+00
598 0.000000e+00
599 0.000000e+00
600 1.824392e-08
601 1.488738e-08
602 1.184102e-08
603 9.238235e-09
604 7.055070e-09
605 5.217540e-09
606 3.731932e-09
607 2.647270e-09
608 1.885951e-09
609 1.342101e-09
610 9.708867e-10
611 7.178031e-10
612 5.419743e-10
613 4.160448e-10
614 3.221796e-10
615 2.489948e-10
616 1.899148e-10
617 1.415548e-10
618 1.023503e-10
619 7.144724e-11
620 4.806647e-11
621 0.000000e+00
622 0.000000e+00
623 0.000000e+00
624 0.000000e+00
625 1.895228e-08
626 1.548225e-08
627 1.232213e-08
628 9.621276e-09
629 7.355136e-09
630 5.446336e-09
631 3.894728e-09
632 2.760843e-09
633 1.966184e-09
634 1.397761e-09
635 1.009944e-09
636 7.459940e-10
637 5.629595e-10
638 4.320571e-10
639 3.348338e-10
640 2.589598e-10
641 1.977723e-10
642 1.476508e-10
643 1.069169e-10
644 7.473912e-11
645 5.034018e-11
646 0.000000e+00
647 0.000000e+00
648 0.000000e+00
649 0.000000e+00
650 1.982030e-08
651 1.620791e-08
652 1.290909e-08
653 1.008781e-08
654 7.722820e-09
655 5.723368e-09
656 4.092060e-09
657 2.898524e-09
658 2.064339e-09
659 1.465779e-09
660 1.057991e-09
661 7.805979e-10
662 5.886652e-10
663 4.516886e-10
664 3.501435e-10
665 2.711669e-10
666 2.073944e-10
667 1.550885e-10
668 1.125019e-10
669 7.875494e-11
670 5.311119e-11
671 0.000000e+00
672 0.000000e+00
673 0.000000e+00
674 0.000000e+00
675 1.762672e-08
676 1.448681e-08
677 1.158687e-08
678 9.068027e-09
679 6.945845e-09
680 5.177250e-09
681 3.745607e-09
682 2.667949e-09
683 1.901505e-09
684 1.355647e-09
685 9.777464e-10
686 7.181849e-10
687 5.382835e-10
688 4.101663e-10
689 3.155215e-10
690 2.427028e-10
691 1.848391e-10
692 1.380441e-10
693 1.003499e-10
694 7.066527e-11
695 4.807898e-11
696 0.000000e+00
697 0.000000e+00
698 0.000000e+00
699 0.000000e+00
700 1.987594e-08
701 1.645232e-08
702 1.323134e-08
703 1.040284e-08
704 8.011548e-09
705 6.012698e-09
706 4.374233e-09
707 3.116341e-09
708 2.218206e-09
709 1.578072e-09
710 1.132384e-09
711 8.265098e-10
712 6.160281e-10
713 4.672752e-10
714 3.587548e-10
715 2.763535e-10
716 2.111406e-10
717 1.586536e-10
718 1.162565e-10
719 8.259499e-11
720 5.671586e-11
721 0.000000e+00
722 0.000000e+00
723 0.000000e+00
724 0.000000e+00
725 2.154469e-08
726 1.790220e-08
727 1.443801e-08
728 1.137800e-08
729 8.788375e-09
730 6.619966e-09
731 4.828148e-09
732 3.437558e-09
733 2.444332e-09
734 1.737286e-09
735 1.242557e-09
736 9.039908e-10
737 6.719565e-10
738 5.086065e-10
739 3.902098e-10
740 3.007460e-10
741 2.304514e-10
742 1.737841e-10
743 1.279192e-10
744 9.131684e-11
745 6.298908e-11
746 0.000000e+00
747 0.000000e+00
748 0.000000e+00
749 0.000000e+00
750 2.291836e-08
751 1.909287e-08
752 1.542821e-08
753 1.217684e-08
754 9.423814e-09
755 7.116572e-09
756 5.199256e-09
757 3.699690e-09
758 2.628411e-09
759 1.867058e-09
760 1.332558e-09
761 9.670481e-10
762 7.173564e-10
763 5.422196e-10
764 4.159143e-10
765 3.208162e-10
766 2.462636e-10
767 1.862172e-10
768 1.374884e-10
769 9.846542e-11
770 6.813085e-11
771 0.000000e+00
772 0.000000e+00
773 0.000000e+00
774 0.000000e+00
775 2.414260e-08
776 2.015566e-08
777 1.631060e-08
778 1.289101e-08
779 9.991955e-09
780 7.559896e-09
781 5.530355e-09
782 3.933681e-09
783 2.792809e-09
784 1.982813e-09
785 1.412822e-09
786 1.023723e-09
787 7.581941e-10
788 5.723949e-10
789 4.388511e-10
790 3.387366e-10
791 2.603792e-10
792 1.972765e-10
793 1.460354e-10
794 1.048589e-10
795 7.273629e-11
796 0.000000e+00
797 0.000000e+00
798 0.000000e+00
799 0.000000e+00
800 2.533086e-08
801 2.118664e-08
802 1.716766e-08
803 1.358132e-08
804 1.054130e-08
805 7.990223e-09
806 5.852006e-09
807 4.161079e-09
808 2.953294e-09
809 2.095233e-09
810 1.490340e-09
811 1.078130e-09
812 7.975300e-10
813 6.015239e-10
814 4.611211e-10
815 3.560792e-10
816 2.740744e-10
817 2.080689e-10
818 1.543046e-10
819 1.110428e-10
820 7.718745e-11
821 0.000000e+00
822 0.000000e+00
823 0.000000e+00
824 0.000000e+00
825 2.678006e-08
826 2.244555e-08
827 1.821300e-08
828 1.442457e-08
829 1.121370e-08
830 8.516000e-09
831 6.245088e-09
832 4.439036e-09
833 3.148223e-09
834 2.232721e-09
835 1.585596e-09
836 1.145051e-09
837 8.457931e-10
838 6.372436e-10
839 4.882476e-10
840 3.772665e-10
841 2.908040e-10
842 2.211812e-10
843 1.644287e-10
844 1.185992e-10
845 8.262683e-11
846 0.000000e+00
847 0.000000e+00
848 0.000000e+00
849 0.000000e+00
850 2.317472e-08
851 1.941918e-08
852 1.577495e-08
853 1.249905e-08
854 9.699683e-09
855 7.352559e-09
856 5.410800e-09
857 3.875612e-09
858 2.753016e-09
859 1.957304e-09
860 1.394973e-09
861 1.008727e-09
862 7.441272e-10
863 5.594316e-10
864 4.268386e-10
865 3.281240e-10
866 2.513537e-10
867 1.901946e-10
868 1.408618e-10
869 1.014324e-10
870 7.071313e-11
871 0.000000e+00
872 0.000000e+00
873 0.000000e+00
874 0.000000e+00
875 2.571243e-08
876 2.170181e-08
877 1.773632e-08
878 1.411886e-08
879 1.100365e-08
880 8.387923e-09
881 6.211411e-09
882 4.464180e-09
883 3.167991e-09
884 2.250583e-09
885 1.598533e-09
886 1.150170e-09
887 8.434067e-10
888 6.307623e-10
889 4.795127e-10
890 3.679915e-10
891 2.824148e-10
892 2.145115e-10
893 1.598192e-10
894 1.159464e-10
895 8.151042e-11
896 0.000000e+00
897 0.000000e+00
898 0.000000e+00
899 0.000000e+00
900 2.775950e-08
901 2.353604e-08
902 1.930413e-08
903 1.540855e-08
904 1.203929e-08
905 9.207820e-09
906 6.844384e-09
907 4.927204e-09
908 3.492730e-09
909 2.480267e-09
910 1.757916e-09
911 1.260800e-09
912 9.211369e-10
913 6.869006e-10
914 5.211265e-10
915 3.997847e-10
916 3.070907e-10
917 2.339388e-10
918 1.749654e-10
919 1.275315e-10
920 9.010625e-11
921 0.000000e+00
922 0.000000e+00
923 0.000000e+00
924 0.000000e+00
925 2.957319e-08
926 2.516043e-08
927 2.069165e-08
928 1.655023e-08
929 1.295510e-08
930 9.932786e-09
931 7.402889e-09
932 5.336518e-09
933 3.779596e-09
934 2.682693e-09
935 1.898402e-09
936 1.358440e-09
937 9.896618e-10
938 7.364538e-10
939 5.578427e-10
940 4.278169e-10
941 3.290036e-10
942 2.510897e-10
943 1.883944e-10
944 1.377619e-10
945 9.771705e-11
946 0.000000e+00
947 0.000000e+00
948 0.000000e+00
949 0.000000e+00
950 3.133828e-08
951 2.674219e-08
952 2.204317e-08
953 1.765915e-08
954 1.384562e-08
955 1.063936e-08
956 7.947967e-09
957 5.734270e-09
958 4.058362e-09
959 2.879710e-09
960 2.034745e-09
961 1.453150e-09
962 1.056379e-09
963 7.849312e-10
964 5.935435e-10
965 4.551246e-10
966 3.503121e-10
967 2.678776e-10
968 2.014434e-10
969 1.477887e-10
970 1.051237e-10
971 0.000000e+00
972 0.000000e+00
973 0.000000e+00
974 0.000000e+00
975 3.348536e-08
976 2.866492e-08
977 2.368622e-08
978 1.900869e-08
979 1.493032e-08
980 1.149777e-08
981 8.610534e-09
982 6.218718e-09
983 4.397661e-09
984 3.119593e-09
985 2.201281e-09
986 1.568608e-09
987 1.137599e-09
988 8.433047e-10
989 6.370856e-10
990 4.883393e-10
991 3.762266e-10
992 2.881954e-10
993 2.172911e-10
994 1.599374e-10
995 1.141275e-10
996 0.000000e+00
997 0.000000e+00
998 0.000000e+00
999 0.000000e+00
1000 2.921931e-08
1001 2.493873e-08
1002 2.058401e-08
1003 1.651621e-08
1004 1.295470e-08
1005 9.946736e-09
1006 7.437509e-09
1007 5.391948e-09
1008 3.830742e-09
1009 2.717053e-09
1010 1.925209e-09
1011 1.375605e-09
1012 9.993699e-10
1013 7.409551e-10
1014 5.590723e-10
1015 4.271310e-10
1016 3.275929e-10
1017 2.496240e-10
1018 1.872835e-10
1019 1.372292e-10
1020 9.763702e-11
1021 0.000000e+00
1022 0.000000e+00
1023 0.000000e+00
1024 0.000000e+00
1025 3.211339e-08
1026 2.761020e-08
1027 2.293630e-08
1028 1.849586e-08
1029 1.456684e-08
1030 1.123518e-08
1031 8.450070e-09
1032 6.158407e-09
1033 4.380228e-09
1034 3.103099e-09
1035 2.196613e-09
1036 1.562457e-09
1037 1.128688e-09
1038 8.323337e-10
1039 6.249719e-10
1040 4.760796e-10
1041 3.649302e-10
1042 2.786726e-10
1043 2.099539e-10
1044 1.547904e-10
1045 1.109679e-10
1046 0.000000e+00
1047 0.000000e+00
1048 0.000000e+00
1049 0.000000e+00
1050 3.464115e-08
1051 2.994250e-08
1052 2.498027e-08
1053 2.021201e-08
1054 1.596145e-08
1055 1.234828e-08
1056 9.324281e-09
1057 6.818605e-09
1058 4.850943e-09
1059 3.432675e-09
1060 2.428302e-09
1061 1.722083e-09
1062 1.239332e-09
1063 9.104653e-10
1064 6.816230e-10
1065 5.182858e-10
1066 3.972187e-10
1067 3.038147e-10
1068 2.296583e-10
1069 1.700085e-10
1070 1.225322e-10
1071 0.000000e+00
1072 0.000000e+00
1073 0.000000e+00
1074 0.000000e+00
1075 3.709321e-08
1076 3.219762e-08
1077 2.696275e-08
1078 2.187347e-08
1079 1.731142e-08
1080 1.342584e-08
1081 1.016972e-08
1082 7.456619e-09
1083 5.305981e-09
1084 3.751566e-09
1085 2.651954e-09
1086 1.875995e-09
1087 1.346162e-09
1088 9.863844e-10
1089 7.362774e-10
1090 5.591186e-10
1091 4.284891e-10
1092 3.281695e-10
1093 2.487276e-10
1094 1.848399e-10
1095 1.337344e-10
1096 0.000000e+00
1097 0.000000e+00
1098 0.000000e+00
1099 0.000000e+00
1100 4.008071e-08
1101 3.494729e-08
1102 2.937559e-08
1103 2.390041e-08
1104 1.895617e-08
1105 1.473902e-08
1106 1.119941e-08
1107 8.235676e-09
1108 5.861414e-09
1109 4.140655e-09
1110 2.924853e-09
1111 2.063807e-09
1112 1.476653e-09
1113 1.078749e-09
1114 8.030516e-10
1115 6.089175e-10
1116 4.666370e-10
1117 3.579372e-10
1118 2.719500e-10
1119 2.028697e-10
1120 1.473904e-10
1121 0.000000e+00
1122 0.000000e+00
1123 0.000000e+00
1124 0.000000e+00
1125 3.597545e-08
1126 3.125891e-08
1127 2.622621e-08
1128 2.132528e-08
1129 1.690523e-08
1130 1.311826e-08
1131 9.943848e-09
1132 7.314871e-09
1133 5.229759e-09
1134 3.699823e-09
1135 2.616919e-09
1136 1.852271e-09
1137 1.328216e-09
1138 9.707273e-10
1139 7.230890e-10
1140 5.473061e-10
1141 4.181970e-10
1142 3.194933e-10
1143 2.416949e-10
1144 1.794922e-10
1145 1.299265e-10
1146 0.000000e+00
1147 0.000000e+00
1148 0.000000e+00
1149 0.000000e+00
1150 3.940894e-08
1151 3.451115e-08
1152 2.915960e-08
1153 2.384829e-08
1154 1.899254e-08
1155 1.479893e-08
1156 1.127609e-08
1157 8.346022e-09
1158 5.988923e-09
1159 4.233173e-09
1160 2.992649e-09
1161 2.111405e-09
1162 1.506567e-09
1163 1.094303e-09
1164 8.106198e-10
1165 6.108685e-10
1166 4.656581e-10
1167 3.558191e-10
1168 2.699605e-10
1169 2.014327e-10
1170 1.468446e-10
1171 0.000000e+00
1172 0.000000e+00
1173 0.000000e+00
1174 0.000000e+00
1175 4.270689e-08
1176 3.761731e-08
1177 3.195803e-08
1178 2.625105e-08
1179 2.097228e-08
1180 1.639285e-08
1181 1.253994e-08
1182 9.322191e-09
1183 6.705516e-09
1184 4.735607e-09
1185 3.345447e-09
1186 2.355196e-09
1187 1.674647e-09
1188 1.210993e-09
1189 8.932586e-10
1190 6.710440e-10
1191 5.107584e-10
1192 3.904326e-10
1193 2.969079e-10
1194 2.224617e-10
1195 1.629645e-10
1196 0.000000e+00
1197 0.000000e+00
1198 0.000000e+00
1199 0.000000e+00
1200 4.671436e-08
1201 4.139807e-08
1202 3.536059e-08
1203 2.917224e-08
1204 2.338112e-08
1205 1.833139e-08
1206 1.407463e-08
1207 1.050971e-08
1208 7.575822e-09
1209 5.346197e-09
1210 3.774955e-09
1211 2.651304e-09
1212 1.878469e-09
1213 1.352716e-09
1214 9.938047e-10
1215 7.442296e-10
1216 5.656183e-10
1217 4.326099e-10
1218 3.296590e-10
1219 2.480006e-10
1220 1.825826e-10
1221 0.000000e+00
1222 0.000000e+00
1223 0.000000e+00
1224 0.000000e+00
1225 4.394990e-08
1226 3.889491e-08
1227 3.320995e-08
1228 2.741752e-08
1229 2.199284e-08
1230 1.724233e-08
1231 1.322769e-08
1232 9.878873e-09
1233 7.147608e-09
1234 5.059719e-09
1235 3.570599e-09
1236 2.514940e-09
1237 1.782788e-09
1238 1.283031e-09
1239 9.423061e-10
1240 7.044107e-10
1241 5.339496e-10
1242 4.071117e-10
1243 3.093357e-10
1244 2.319857e-10
1245 1.704566e-10
1246 0.000000e+00
1247 0.000000e+00
1248 0.000000e+00
1249 0.000000e+00
1250 4.835325e-08
1251 4.315050e-08
1252 3.714717e-08
1253 3.088427e-08
1254 2.491649e-08
1255 1.962299e-08
1256 1.512945e-08
1257 1.137202e-08
1258 8.277080e-09
1259 5.868211e-09
1260 4.135672e-09
1261 2.909120e-09
1262 2.052204e-09
1263 1.468300e-09
1264 1.070789e-09
1265 7.956548e-10
1266 6.005073e-10
1267 4.570263e-10
1268 3.476131e-10
1269 2.616887e-10
1270 1.934009e-10
1271 0.000000e+00
1272 0.000000e+00
1273 0.000000e+00
1274 0.000000e+00
1275 5.367662e-08
1276 4.828891e-08
1277 4.188816e-08
1278 3.505974e-08
1279 2.842773e-08
1280 2.247870e-08
1281 1.741010e-08
1282 1.316156e-08
1283 9.629012e-09
1284 6.832698e-09
1285 4.808726e-09
1286 3.379686e-09
1287 2.373620e-09
1288 1.688686e-09
1289 1.224230e-09
1290 9.047181e-10
1291 6.802443e-10
1292 5.170320e-10
1293 3.936720e-10
1294 2.974287e-10
1295 2.210474e-10
1296 0.000000e+00
1297 0.000000e+00
1298 0.000000e+00
1299 0.000000e+00
1300 5.423411e-08
1301 4.896221e-08
1302 4.265397e-08
1303 3.585832e-08
1304 2.920380e-08
1305 2.317311e-08
1306 1.798784e-08
1307 1.363870e-08
1308 1.003114e-08
1309 7.158022e-09
1310 5.038822e-09
1311 3.541768e-09
1312 2.485301e-09
1313 1.763337e-09
1314 1.272335e-09
1315 9.358508e-10
1316 7.001889e-10
1317 5.299009e-10
1318 4.023578e-10
1319 3.036199e-10
1320 2.257677e-10
1321 0.000000e+00
1322 0.000000e+00
1323 0.000000e+00
1324 0.000000e+00
1325 6.143932e-08
1326 5.608886e-08
1327 4.940882e-08
1328 4.198257e-08
1329 3.449129e-08
1330 2.755193e-08
1331 2.152002e-08
1332 1.644032e-08
1333 1.220104e-08
1334 8.757925e-09
1335 6.161529e-09
1336 4.326063e-09
1337 3.024088e-09
1338 2.130113e-09
1339 1.522454e-09
1340 1.109838e-09
1341 8.235334e-10
1342 6.199830e-10
1343 4.698121e-10
1344 3.552258e-10
1345 2.655466e-10
1346 0.000000e+00
1347 0.000000e+00
1348 0.000000e+00
1349 0.000000e+00
1350 7.196624e-08
1351 6.679060e-08
1352 5.988494e-08
1353 5.179415e-08
1354 4.324976e-08
1355 3.501557e-08
1356 2.764086e-08
1357 2.134566e-08
1358 1.607187e-08
1359 1.171835e-08
1360 8.298980e-09
1361 5.813240e-09
1362 4.058370e-09
1363 2.830378e-09
1364 1.994556e-09
1365 1.429850e-09
1366 1.043629e-09
1367 7.745091e-10
1368 5.814247e-10
1369 4.380126e-10
1370 3.282118e-10
1371 0.000000e+00
1372 0.000000e+00
1373 0.000000e+00
1374 0.000000e+00
1375 6.205267e-07
1376 5.157846e-07
1377 4.226999e-07
1378 3.464078e-07
1379 2.731957e-07
1380 2.001392e-07
1381 1.426978e-07
1382 1.014636e-07
1383 7.025799e-08
1384 4.851865e-08
1385 0.000000e+00
1386 0.000000e+00
1387 0.000000e+00
1388 0.000000e+00
1389 0.000000e+00
1390 0.000000e+00
1391 0.000000e+00
1392 0.000000e+00
1393 0.000000e+00
1394 0.000000e+00
1395 0.000000e+00
1396 0.000000e+00
1397 0.000000e+00
1398 0.000000e+00
1399 0.000000e+00
1400 7.695040e-07
1401 6.410426e-07
1402 5.252016e-07
1403 4.304573e-07
1404 3.409984e-07
1405 2.510503e-07
1406 1.789108e-07
1407 1.274006e-07
1408 8.829174e-08
1409 6.094241e-08
1410 0.000000e+00
1411 0.000000e+00
1412 0.000000e+00
1413 0.000000e+00
1414 0.000000e+00
1415 0.000000e+00
1416 0.000000e+00
1417 0.000000e+00
1418 0.000000e+00
1419 0.000000e+00
1420 0.000000e+00
1421 0.000000e+00
1422 0.000000e+00
1423 0.000000e+00
1424 0.000000e+00
1425 8.715532e-07
1426 7.267365e-07
1427 5.953498e-07
1428 4.879804e-07
1429 3.873798e-07
1430 2.858140e-07
1431 2.036322e-07
1432 1.451115e-07
1433 1.005968e-07
1434 6.941877e-08
1435 0.000000e+00
1436 0.000000e+00
1437 0.000000e+00
1438 0.000000e+00
1439 0.000000e+00
1440 0.000000e+00
1441 0.000000e+00
1442 0.000000e+00
1443 0.000000e+00
1444 0.000000e+00
1445 0.000000e+00
1446 0.000000e+00
1447 0.000000e+00
1448 0.000000e+00
1449 0.000000e+00
1450 9.503222e-07
1451 7.928940e-07
1452 6.494969e-07
1453 5.324007e-07
1454 4.231890e-07
1455 3.126408e-07
1456 2.227152e-07
1457 1.587770e-07
1458 1.100931e-07
1459 7.596136e-08
1460 0.000000e+00
1461 0.000000e+00
1462 0.000000e+00
1463 0.000000e+00
1464 0.000000e+00
1465 0.000000e+00
1466 0.000000e+00
1467 0.000000e+00
1468 0.000000e+00
1469 0.000000e+00
1470 0.000000e+00
1471 0.000000e+00
1472 0.000000e+00
1473 0.000000e+00
1474 0.000000e+00
1475 1.015476e-06
1476 8.475955e-07
1477 6.942903e-07
1478 5.691337e-07
1479 4.528004e-07
1480 3.348324e-07
1481 2.384954e-07
1482 1.700811e-07
1483 1.179504e-07
1484 8.137414e-08
1485 0.000000e+00
1486 0.000000e+00
1487 0.000000e+00
1488 0.000000e+00
1489 0.000000e+00
1490 0.000000e+00
1491 0.000000e+00
1492 0.000000e+00
1493 0.000000e+00
1494 0.000000e+00
1495 0.000000e+00
1496 0.000000e+00
1497 0.000000e+00
1498 0.000000e+00
1499 0.000000e+00
1500 1.073560e-06
1501 8.964168e-07
1502 7.342039e-07
1503 6.018979e-07
1504 4.792010e-07
1505 3.546204e-07
1506 2.525681e-07
1507 1.801598e-07
1508 1.249529e-07
1509 8.619847e-08
1510 0.000000e+00
1511 0.000000e+00
1512 0.000000e+00
1513 0.000000e+00
1514 0.000000e+00
1515 0.000000e+00
1516 0.000000e+00
1517 0.000000e+00
1518 0.000000e+00
1519 0.000000e+00
1520 0.000000e+00
1521 0.000000e+00
1522 0.000000e+00
1523 0.000000e+00
1524 0.000000e+00
1525 1.129910e-06
1526 9.437684e-07
1527 7.729538e-07
1528 6.336714e-07
1529 5.048213e-07
1530 3.738261e-07
1531 2.662175e-07
1532 1.899388e-07
1533 1.317491e-07
1534 9.088171e-08
1535 0.000000e+00
1536 0.000000e+00
1537 0.000000e+00
1538 0.000000e+00
1539 0.000000e+00
1540 0.000000e+00
1541 0.000000e+00
1542 0.000000e+00
1543 0.000000e+00
1544 0.000000e+00
1545 0.000000e+00
1546 0.000000e+00
1547 0.000000e+00
1548 0.000000e+00
1549 0.000000e+00
1550 1.198562e-06
1551 1.001389e-06
1552 8.201327e-07
1553 6.723633e-07
1554 5.360125e-07
1555 3.971887e-07
1556 2.828475e-07
1557 2.018463e-07
1558 1.400241e-07
1559 9.658117e-08
1560 0.000000e+00
1561 0.000000e+00
1562 0.000000e+00
1563 0.000000e+00
1564 0.000000e+00
1565 0.000000e+00
1566 0.000000e+00
1567 0.000000e+00
1568 0.000000e+00
1569 0.000000e+00
1570 0.000000e+00
1571 0.000000e+00
1572 0.000000e+00
1573 0.000000e+00
1574 0.000000e+00
1575 2.468117e-07
1576 2.191302e-07
1577 1.827908e-07
1578 1.486812e-07
1579 1.229855e-07
1580 1.003741e-07
1581 7.320071e-08
1582 5.183552e-08
1583 3.715735e-08
1584 2.565880e-08
1585 1.742846e-08
1586 1.207815e-08
1587 0.000000e+00
1588 0.000000e+00
1589 0.000000e+00
1590 0.000000e+00
1591 0.000000e+00
1592 0.000000e+00
1593 0.000000e+00
1594 0.000000e+00
1595 0.000000e+00
1596 0.000000e+00
1597 0.000000e+00
1598 0.000000e+00
1599 0.000000e+00
1600 4.446077e-07
1601 3.980481e-07
1602 3.342174e-07
1603 2.719778e-07
1604 2.240683e-07
1605 1.839421e-07
1606 1.365761e-07
1607 9.616427e-08
1608 6.935668e-08
1609 4.789068e-08
1610 3.260195e-08
1611 2.248170e-08
1612 0.000000e+00
1613 0.000000e+00
1614 0.000000e+00
1615 0.000000e+00
1616 0.000000e+00
1617 0.000000e+00
1618 0.000000e+00
1619 0.000000e+00
1620 0.000000e+00
1621 0.000000e+00
1622 0.000000e+00
1623 0.000000e+00
1624 0.000000e+00
1625 5.732015e-07
1626 5.144135e-07
1627 4.327804e-07
1628 3.522809e-07
1629 2.899005e-07
1630 2.383248e-07
1631 1.778593e-07
1632 1.251046e-07
1633 9.032815e-08
1634 6.239251e-08
1635 4.250257e-08
1636 2.926698e-08
1637 0.000000e+00
1638 0.000000e+00
1639 0.000000e+00
1640 0.000000e+00
1641 0.000000e+00
1642 0.000000e+00
1643 0.000000e+00
1644 0.000000e+00
1645 0.000000e+00
1646 0.000000e+00
1647 0.000000e+00
1648 0.000000e+00
1649 0.000000e+00
1650 6.706021e-07
1651 6.025041e-07
1652 5.073444e-07
1653 4.130158e-07
1654 3.397033e-07
1655 2.794637e-07
1656 2.090448e-07
1657 1.469602e-07
1658 1.061707e-07
1659 7.334337e-08
1660 4.997717e-08
1661 3.439193e-08
1662 0.000000e+00
1663 0.000000e+00
1664 0.000000e+00
1665 0.000000e+00
1666 0.000000e+00
1667 0.000000e+00
1668 0.000000e+00
1669 0.000000e+00
1670 0.000000e+00
1671 0.000000e+00
1672 0.000000e+00
1673 0.000000e+00
1674 0.000000e+00
1675 7.511055e-07
1676 6.753165e-07
1677 5.689749e-07
1678 4.632155e-07
1679 3.808685e-07
1680 3.134657e-07
1681 2.348144e-07
1682 1.650239e-07
1683 1.192638e-07
1684 8.239520e-08
1685 5.615468e-08
1686 3.862693e-08
1687 0.000000e+00
1688 0.000000e+00
1689 0.000000e+00
1690 0.000000e+00
1691 0.000000e+00
1692 0.000000e+00
1693 0.000000e+00
1694 0.000000e+00
1695 0.000000e+00
1696 0.000000e+00
1697 0.000000e+00
1698 0.000000e+00
1699 0.000000e+00
1700 8.228850e-07
1701 7.402317e-07
1702 6.239217e-07
1703 5.079680e-07
1704 4.175630e-07
1705 3.437805e-07
1706 2.577938e-07
1707 1.811312e-07
1708 1.309375e-07
1709 9.046486e-08
1710 6.166235e-08
1711 4.240318e-08
1712 0.000000e+00
1713 0.000000e+00
1714 0.000000e+00
1715 0.000000e+00
1716 0.000000e+00
1717 0.000000e+00
1718 0.000000e+00
1719 0.000000e+00
1720 0.000000e+00
1721 0.000000e+00
1722 0.000000e+00
1723 0.000000e+00
1724 0.000000e+00
1725 8.925210e-07
1726 8.032150e-07
1727 6.772224e-07
1728 5.513873e-07
1729 4.531716e-07
1730 3.731934e-07
1731 2.800862e-07
1732 1.967552e-07
1733 1.422623e-07
1734 9.829309e-08
1735 6.700519e-08
1736 4.606657e-08
1737 0.000000e+00
1738 0.000000e+00
1739 0.000000e+00
1740 0.000000e+00
1741 0.000000e+00
1742 0.000000e+00
1743 0.000000e+00
1744 0.000000e+00
1745 0.000000e+00
1746 0.000000e+00
1747 0.000000e+00
1748 0.000000e+00
1749 0.000000e+00
1750 9.773752e-07
1751 8.799425e-07
1752 7.421728e-07
1753 6.042975e-07
1754 4.965594e-07
1755 4.090286e-07
1756 3.072510e-07
1757 2.157941e-07
1758 1.560614e-07
1759 1.078323e-07
1760 7.351577e-08
1761 5.053119e-08
1762 0.000000e+00
1763 0.000000e+00
1764 0.000000e+00
1765 0.000000e+00
1766 0.000000e+00
1767 0.000000e+00
1768 0.000000e+00
1769 0.000000e+00
1770 0.000000e+00
1771 0.000000e+00
1772 0.000000e+00
1773 0.000000e+00
1774 0.000000e+00
1775 2.171056e-07
1776 2.052358e-07
1777 1.804529e-07
1778 1.492961e-07
1779 1.211561e-07
1780 1.005206e-07
1781 8.146325e-08
1782 5.802387e-08
1783 4.146499e-08
1784 2.921915e-08
1785 2.016508e-08
1786 1.356900e-08
1787 0.000000e+00
1788 0.000000e+00
1789 0.000000e+00
1790 0.000000e+00
1791 0.000000e+00
1792 0.000000e+00
1793 0.000000e+00
1794 0.000000e+00
1795 0.000000e+00
1796 0.000000e+00
1797 0.000000e+00
1798 0.000000e+00
1799 0.000000e+00
1800 3.639786e-07
1801 3.454934e-07
1802 3.053560e-07
1803 2.535623e-07
1804 2.056623e-07
1805 1.701811e-07
1806 1.387255e-07
1807 9.992241e-08
1808 7.082241e-08
1809 5.031521e-08
1810 3.468241e-08
1811 2.333710e-08
1812 0.000000e+00
1813 0.000000e+00
1814 0.000000e+00
1815 0.000000e+00
1816 0.000000e+00
1817 0.000000e+00
1818 0.000000e+00
1819 0.000000e+00
1820 0.000000e+00
1821 0.000000e+00
1822 0.000000e+00
1823 0.000000e+00
1824 0.000000e+00
1825 4.696631e-07
1826 4.463847e-07
1827 3.951800e-07
1828 3.285334e-07
1829 2.664393e-07
1830 2.202912e-07
1831 1.798849e-07
1832 1.300307e-07
1833 9.194443e-08
1834 6.547579e-08
1835 4.511677e-08
1836 3.036132e-08
1837 0.000000e+00
1838 0.000000e+00
1839 0.000000e+00
1840 0.000000e+00
1841 0.000000e+00
1842 0.000000e+00
1843 0.000000e+00
1844 0.000000e+00
1845 0.000000e+00
1846 0.000000e+00
1847 0.000000e+00
1848 0.000000e+00
1849 0.000000e+00
1850 5.560191e-07
1851 5.288133e-07
1852 4.685334e-07
1853 3.897488e-07
1854 3.160629e-07
1855 2.612073e-07
1856 2.134885e-07
1857 1.545893e-07
1858 1.091796e-07
1859 7.784283e-08
1860 5.362896e-08
1861 3.609013e-08
1862 0.000000e+00
1863 0.000000e+00
1864 0.000000e+00
1865 0.000000e+00
1866 0.000000e+00
1867 0.000000e+00
1868 0.000000e+00
1869 0.000000e+00
1870 0.000000e+00
1871 0.000000e+00
1872 0.000000e+00
1873 0.000000e+00
1874 0.000000e+00
1875 6.330168e-07
1876 6.023042e-07
1877 5.339377e-07
1878 4.443245e-07
1879 3.603040e-07
1880 2.976891e-07
1881 2.434548e-07
1882 1.764867e-07
1883 1.245481e-07
1884 8.886839e-08
1885 6.121847e-08
1886 4.119875e-08
1887 0.000000e+00
1888 0.000000e+00
1889 0.000000e+00
1890 0.000000e+00
1891 0.000000e+00
1892 0.000000e+00
1893 0.000000e+00
1894 0.000000e+00
1895 0.000000e+00
1896 0.000000e+00
1897 0.000000e+00
1898 0.000000e+00
1899 0.000000e+00
1900 7.076856e-07
1901 6.735603e-07
1902 5.973646e-07
1903 4.972494e-07
1904 4.032067e-07
1905 3.330680e-07
1906 2.725097e-07
1907 1.977267e-07
1908 1.394497e-07
1909 9.956008e-08
1910 6.857794e-08
1911 4.615274e-08
1912 0.000000e+00
1913 0.000000e+00
1914 0.000000e+00
1915 0.000000e+00
1916 0.000000e+00
1917 0.000000e+00
1918 0.000000e+00
1919 0.000000e+00
1920 0.000000e+00
1921 0.000000e+00
1922 0.000000e+00
1923 0.000000e+00
1924 0.000000e+00
1925 7.986156e-07
1926 7.603619e-07
1927 6.746125e-07
1928 5.617076e-07
1929 4.554593e-07
1930 3.761547e-07
1931 3.078947e-07
1932 2.235861e-07
1933 1.575988e-07
1934 1.125816e-07
1935 7.753951e-08
1936 5.218540e-08
1937 0.000000e+00
1938 0.000000e+00
1939 0.000000e+00
1940 0.000000e+00
1941 0.000000e+00
1942 0.000000e+00
1943 0.000000e+00
1944 0.000000e+00
1945 0.000000e+00
1946 0.000000e+00
1947 0.000000e+00
1948 0.000000e+00
1949 0.000000e+00
1950 2.069879e-07
1951 2.039028e-07
1952 1.876569e-07
1953 1.606988e-07
1954 1.310333e-07
1955 1.068061e-07
1956 8.902815e-08
1957 6.903970e-08
1958 4.749505e-08
1959 3.489589e-08
1960 2.387067e-08
1961 1.624744e-08
1962 1.098305e-08
1963 0.000000e+00
1964 0.000000e+00
1965 0.000000e+00
1966 0.000000e+00
1967 0.000000e+00
1968 0.000000e+00
1969 0.000000e+00
1970 0.000000e+00
1971 0.000000e+00
1972 0.000000e+00
1973 0.000000e+00
1974 0.000000e+00
1975 3.211215e-07
1976 3.169129e-07
1977 2.925586e-07
1978 2.513224e-07
1979 2.051973e-07
1980 1.670312e-07
1981 1.391411e-07
1982 1.086717e-07
1983 7.499126e-08
1984 5.491342e-08
1985 3.764638e-08
1986 2.567692e-08
1987 1.731399e-08
1988 0.000000e+00
1989 0.000000e+00
1990 0.000000e+00
1991 0.000000e+00
1992 0.000000e+00
1993 0.000000e+00
1994 0.000000e+00
1995 0.000000e+00
1996 0.000000e+00
1997 0.000000e+00
1998 0.000000e+00
1999 0.000000e+00
2000 4.104611e-07
2001 4.053278e-07
2002 3.745882e-07
2003 3.221495e-07
2004 2.631477e-07
2005 2.141033e-07
2006 1.783029e-07
2007 1.396167e-07
2008 9.644463e-08
2009 7.054017e-08
2010 4.839534e-08
2011 3.303403e-08
2012 2.225539e-08
2013 0.000000e+00
2014 0.000000e+00
2015 0.000000e+00
2016 0.000000e+00
2017 0.000000e+00
2018 0.000000e+00
2019 0.000000e+00
2020 0.000000e+00
2021 0.000000e+00
2022 0.000000e+00
2023 0.000000e+00
2024 0.000000e+00
2025 4.897515e-07
2026 4.837992e-07
2027 4.473669e-07
2028 3.849835e-07
2029 3.145581e-07
2030 2.558574e-07
2031 2.130538e-07
2032 1.670564e-07
2033 1.154669e-07
2034 8.440125e-08
2035 5.793258e-08
2036 3.955935e-08
2037 2.663768e-08
2038 0.000000e+00
2039 0.000000e+00
2040 0.000000e+00
2041 0.000000e+00
2042 0.000000e+00
2043 0.000000e+00
2044 0.000000e+00
2045 0.000000e+00
2046 0.000000e+00
2047 0.000000e+00
2048 0.000000e+00
2049 0.000000e+00
2050 5.666380e-07
2051 5.599136e-07
2052 5.179511e-07
2053 4.459103e-07
2054 3.644069e-07
2055 2.963494e-07
2056 2.467630e-07
2057 1.936715e-07
2058 1.339207e-07
2059 9.784490e-08
2060 6.717535e-08
2061 4.588424e-08
2062 3.088618e-08
2063 0.000000e+00
2064 0.000000e+00
2065 0.000000e+00
2066 0.000000e+00
2067 0.000000e+00
2068 0.000000e+00
2069 0.000000e+00
2070 0.000000e+00
2071 0.000000e+00
2072 0.000000e+00
2073 0.000000e+00
2074 0.000000e+00
2075 6.602730e-07
2076 6.525772e-07
2077 6.039091e-07
2078 5.201149e-07
2079 4.251280e-07
2080 3.456635e-07
2081 2.878102e-07
2082 2.260773e-07
2083 1.563820e-07
2084 1.142141e-07
2085 7.843607e-08
2086 5.358850e-08
2087 3.606136e-08
2088 0.000000e+00
2089 0.000000e+00
2090 0.000000e+00
2091 0.000000e+00
2092 0.000000e+00
2093 0.000000e+00
2094 0.000000e+00
2095 0.000000e+00
2096 0.000000e+00
2097 0.000000e+00
2098 0.000000e+00
2099 0.000000e+00
2100 2.048326e-07
2101 2.075695e-07
2102 1.979905e-07
2103 1.756680e-07
2104 1.460126e-07
2105 1.181475e-07
2106 9.763733e-08
2107 8.016765e-08
2108 5.761996e-08
2109 4.044201e-08
2110 2.866791e-08
2111 1.972221e-08
2112 1.309867e-08
2113 0.000000e+00
2114 0.000000e+00
2115 0.000000e+00
2116 0.000000e+00
2117 0.000000e+00
2118 0.000000e+00
2119 0.000000e+00
2120 0.000000e+00
2121 0.000000e+00
2122 0.000000e+00
2123 0.000000e+00
2124 0.000000e+00
2125 2.976771e-07
2126 3.018538e-07
2127 2.883384e-07
2128 2.563757e-07
2129 2.134014e-07
2130 1.726666e-07
2131 1.425268e-07
2132 1.172334e-07
2133 8.467232e-08
2134 5.921522e-08
2135 4.213769e-08
2136 2.895942e-08
2137 1.924052e-08
2138 0.000000e+00
2139 0.000000e+00
2140 0.000000e+00
2141 0.000000e+00
2142 0.000000e+00
2143 0.000000e+00
2144 0.000000e+00
2145 0.000000e+00
2146 0.000000e+00
2147 0.000000e+00
2148 0.000000e+00
2149 0.000000e+00
2150 3.780087e-07
2151 3.834138e-07
2152 3.664770e-07
2153 3.261166e-07
2154 2.716248e-07
2155 2.197695e-07
2156 1.813209e-07
2157 1.492582e-07
2158 1.080196e-07
2159 7.542569e-08
2160 5.376049e-08
2161 3.693191e-08
2162 2.454036e-08
2163 0.000000e+00
2164 0.000000e+00
2165 0.000000e+00
2166 0.000000e+00
2167 0.000000e+00
2168 0.000000e+00
2169 0.000000e+00
2170 0.000000e+00
2171 0.000000e+00
2172 0.000000e+00
2173 0.000000e+00
2174 0.000000e+00
2175 4.558263e-07
2176 4.624202e-07
2177 4.421609e-07
2178 3.936700e-07
2179 3.280205e-07
2180 2.653936e-07
2181 2.188977e-07
2182 1.802776e-07
2183 1.306322e-07
2184 9.112614e-08
2185 6.501734e-08
2186 4.465357e-08
2187 2.967335e-08
2188 0.000000e+00
2189 0.000000e+00
2190 0.000000e+00
2191 0.000000e+00
2192 0.000000e+00
2193 0.000000e+00
2194 0.000000e+00
2195 0.000000e+00
2196 0.000000e+00
2197 0.000000e+00
2198 0.000000e+00
2199 0.000000e+00
2200 5.506253e-07
2201 5.586675e-07
2202 5.343609e-07
2203 4.759602e-07
2204 3.967234e-07
2205 3.209741e-07
2206 2.646748e-07
2207 2.180665e-07
2208 1.581797e-07
2209 1.102584e-07
2210 7.873656e-08
2211 5.406038e-08
2212 3.592655e-08
2213 0.000000e+00
2214 0.000000e+00
2215 0.000000e+00
2216 0.000000e+00
2217 0.000000e+00
2218 0.000000e+00
2219 0.000000e+00
2220 0.000000e+00
2221 0.000000e+00
2222 0.000000e+00
2223 0.000000e+00
2224 0.000000e+00
2225 1.091563e-07
2226 1.129781e-07
2227 1.104561e-07
2228 1.006707e-07
2229 8.543444e-08
2230 6.935175e-08
2231 5.667354e-08
2232 4.725183e-08
2233 3.583023e-08
2234 2.435783e-08
2235 1.793696e-08
2236 1.217551e-08
2237 8.153623e-09
2238 5.496552e-09
2239 0.000000e+00
2240 0.000000e+00
2241 0.000000e+00
2242 0.000000e+00
2243 0.000000e+00
2244 0.000000e+00
2245 0.000000e+00
2246 0.000000e+00
2247 0.000000e+00
2248 0.000000e+00
2249 0.000000e+00
2250 2.066692e-07
2251 2.139844e-07
2252 2.097497e-07
2253 1.919048e-07
2254 1.634381e-07
2255 1.328330e-07
2256 1.083212e-07
2257 9.030494e-08
2258 6.916887e-08
2259 4.707062e-08
2260 3.466451e-08
2261 2.350561e-08
2262 1.580605e-08
2263 1.061774e-08
2264 0.000000e+00
2265 0.000000e+00
2266 0.000000e+00
2267 0.000000e+00
2268 0.000000e+00
2269 0.000000e+00
2270 0.000000e+00
2271 0.000000e+00
2272 0.000000e+00
2273 0.000000e+00
2274 0.000000e+00
2275 2.879111e-07
2276 2.981605e-07
2277 2.924813e-07
2278 2.679271e-07
2279 2.284368e-07
2280 1.857335e-07
2281 1.513641e-07
2282 1.261842e-07
2283 9.694621e-08
2284 6.600896e-08
2285 4.859450e-08
2286 3.294801e-08
2287 2.218201e-08
2288 1.488501e-08
2289 0.000000e+00
2290 0.000000e+00
2291 0.000000e+00
2292 0.000000e+00
2293 0.000000e+00
2294 0.000000e+00
2295 0.000000e+00
2296 0.000000e+00
2297 0.000000e+00
2298 0.000000e+00
2299 0.000000e+00
2300 3.659770e-07
2301 3.790432e-07
2302 3.719719e-07
2303 3.409475e-07
2304 2.908580e-07
2305 2.365275e-07
2306 1.927013e-07
2307 1.606370e-07
2308 1.236002e-07
2309 8.417687e-08
2310 6.196718e-08
2311 4.200937e-08
2312 2.829956e-08
2313 1.898017e-08
2314 0.000000e+00
2315 0.000000e+00
2316 0.000000e+00
2317 0.000000e+00
2318 0.000000e+00
2319 0.000000e+00
2320 0.000000e+00
2321 0.000000e+00
2322 0.000000e+00
2323 0.000000e+00
2324 0.000000e+00
2325 4.610776e-07
2326 4.775432e-07
2327 4.687872e-07
2328 4.298845e-07
2329 3.668768e-07
2330 2.983961e-07
2331 2.430418e-07
2332 2.025980e-07
2333 1.560728e-07
2334 1.063094e-07
2335 7.825439e-08
2336 5.304725e-08
2337 3.575210e-08
2338 2.396889e-08
2339 0.000000e+00
2340 0.000000e+00
2341 0.000000e+00
2342 0.000000e+00
2343 0.000000e+00
2344 0.000000e+00
2345 0.000000e+00
2346 0.000000e+00
2347 0.000000e+00
2348 0.000000e+00
2349 0.000000e+00
2350 1.289676e-07
2351 1.357134e-07
2352 1.359252e-07
2353 1.276407e-07
2354 1.112367e-07
2355 9.133101e-08
2356 7.393795e-08
2357 6.147731e-08
2358 4.937021e-08
2359 3.421293e-08
2360 2.472914e-08
2361 1.690560e-08
2362 1.157082e-08
2363 7.639956e-09
2364 0.000000e+00
2365 0.000000e+00
2366 0.000000e+00
2367 0.000000e+00
2368 0.000000e+00
2369 0.000000e+00
2370 0.000000e+00
2371 0.000000e+00
2372 0.000000e+00
2373 0.000000e+00
2374 0.000000e+00
2375 2.127270e-07
2376 2.238267e-07
2377 2.243565e-07
2378 2.110980e-07
2379 1.844264e-07
2380 1.516350e-07
2381 1.226905e-07
2382 1.019029e-07
2383 8.217241e-08
2384 5.720888e-08
2385 4.111944e-08
2386 2.823132e-08
2387 1.933334e-08
2388 1.274697e-08
2389 0.000000e+00
2390 0.000000e+00
2391 0.000000e+00
2392 0.000000e+00
2393 0.000000e+00
2394 0.000000e+00
2395 0.000000e+00
2396 0.000000e+00
2397 0.000000e+00
2398 0.000000e+00
2399 0.000000e+00
2400 2.907359e-07
2401 3.058794e-07
2402 3.066933e-07
2403 2.887837e-07
2404 2.525216e-07
2405 2.077243e-07
2406 1.680401e-07
2407 1.395146e-07
2408 1.126722e-07
2409 7.857118e-08
2410 5.636139e-08
2411 3.875439e-08
2412 2.654658e-08
2413 1.749325e-08
2414 0.000000e+00
2415 0.000000e+00
2416 0.000000e+00
2417 0.000000e+00
2418 0.000000e+00
2419 0.000000e+00
2420 0.000000e+00
2421 0.000000e+00
2422 0.000000e+00
2423 0.000000e+00
2424 0.000000e+00
2425 3.856230e-07
2426 4.056876e-07
2427 4.068525e-07
2428 3.832677e-07
2429 3.353455e-07
2430 2.759375e-07
2431 2.231921e-07
2432 1.852575e-07
2433 1.497631e-07
2434 1.045452e-07
2435 7.489753e-08
2436 5.154958e-08
2437 3.531485e-08
2438 2.326361e-08
2439 0.000000e+00
2440 0.000000e+00
2441 0.000000e+00
2442 0.000000e+00
2443 0.000000e+00
2444 0.000000e+00
2445 0.000000e+00
2446 0.000000e+00
2447 0.000000e+00
2448 0.000000e+00
2449 0.000000e+00
2450 6.232497e-08
2451 6.660265e-08
2452 6.781671e-08
2453 6.501072e-08
2454 5.796245e-08
2455 4.824830e-08
2456 3.898883e-08
2457 3.217531e-08
2458 2.657964e-08
2459 1.910312e-08
2460 1.324404e-08
2461 9.369111e-09
2462 6.420137e-09
2463 4.202879e-09
2464 2.823552e-09
2465 0.000000e+00
2466 0.000000e+00
2467 0.000000e+00
2468 0.000000e+00
2469 0.000000e+00
2470 0.000000e+00
2471 0.000000e+00
2472 0.000000e+00
2473 0.000000e+00
2474 0.000000e+00
2475 1.480754e-07
2476 1.580436e-07
2477 1.611336e-07
2478 1.549248e-07
2479 1.387377e-07
2480 1.159571e-07
2481 9.371383e-08
2482 7.711578e-08
2483 6.389079e-08
2484 4.652192e-08
2485 3.195457e-08
2486 2.285672e-08
2487 1.559700e-08
2488 1.023059e-08
2489 6.862091e-09
2490 0.000000e+00
2491 0.000000e+00
2492 0.000000e+00
2493 0.000000e+00
2494 0.000000e+00
2495 0.000000e+00
2496 0.000000e+00
2497 0.000000e+00
2498 0.000000e+00
2499 0.000000e+00
2500 2.262786e-07
2501 2.414612e-07
2502 2.462821e-07
2503 2.369812e-07
2504 2.124755e-07
2505 1.777838e-07
2506 1.436917e-07
2507 1.181482e-07
2508 9.795460e-08
2509 7.157224e-08
2510 4.905325e-08
2511 3.518472e-08
2512 2.398124e-08
2513 1.574023e-08
2514 1.055234e-08
2515 0.000000e+00
2516 0.000000e+00
2517 0.000000e+00
2518 0.000000e+00
2519 0.000000e+00
2520 0.000000e+00
2521 0.000000e+00
2522 0.000000e+00
2523 0.000000e+00
2524 0.000000e+00
2525 3.205904e-07
2526 3.420512e-07
2527 3.489566e-07
2528 3.359333e-07
2529 3.013783e-07
2530 2.523085e-07
2531 2.039320e-07
2532 1.676160e-07
2533 1.390193e-07
2534 1.017556e-07
2535 6.965929e-08
2536 5.003676e-08
2537 3.408448e-08
2538 2.237845e-08
2539 1.499918e-08
2540 0.000000e+00
2541 0.000000e+00
2542 0.000000e+00
2543 0.000000e+00
2544 0.000000e+00
2545 0.000000e+00
2546 0.000000e+00
2547 0.000000e+00
2548 0.000000e+00
2549 0.000000e+00
2550 9.008647e-08
2551 9.739352e-08
2552 1.009566e-07
2553 9.895542e-08
2554 9.044593e-08
2555 7.695273e-08
2556 6.246499e-08
2557 5.091585e-08
2558 4.246461e-08
2559 3.239752e-08
2560 2.182977e-08
2561 1.609411e-08
2562 1.080760e-08
2563 7.183289e-09
2564 4.774192e-09
2565 0.000000e+00
2566 0.000000e+00
2567 0.000000e+00
2568 0.000000e+00
2569 0.000000e+00
2570 0.000000e+00
2571 0.000000e+00
2572 0.000000e+00
2573 0.000000e+00
2574 0.000000e+00
2575 1.698889e-07
2576 1.834678e-07
2577 1.902369e-07
2578 1.867797e-07
2579 1.711149e-07
2580 1.458750e-07
2581 1.185062e-07
2582 9.647510e-08
2583 8.045484e-08
2584 6.173957e-08
2585 4.165306e-08
2586 3.070613e-08
2587 2.059902e-08
2588 1.372917e-08
2589 9.105622e-09
2590 0.000000e+00
2591 0.000000e+00
2592 0.000000e+00
2593 0.000000e+00
2594 0.000000e+00
2595 0.000000e+00
2596 0.000000e+00
2597 0.000000e+00
2598 0.000000e+00
2599 0.000000e+00
2600 2.633979e-07
2601 2.843379e-07
2602 2.948552e-07
2603 2.896710e-07
2604 2.655945e-07
2605 2.265779e-07
2606 1.841198e-07
2607 1.498244e-07
2608 1.249413e-07
2609 9.607664e-08
2610 6.484639e-08
2611 4.780290e-08
2612 3.205708e-08
2613 2.138657e-08
2614 1.417388e-08
2615 0.000000e+00
2616 0.000000e+00
2617 0.000000e+00
2618 0.000000e+00
2619 0.000000e+00
2620 0.000000e+00
2621 0.000000e+00
2622 0.000000e+00
2623 0.000000e+00
2624 0.000000e+00
2625 1.191817e-07
2626 1.300538e-07
2627 1.365876e-07
2628 1.366272e-07
2629 1.281217e-07
2630 1.114003e-07
2631 9.130799e-08
2632 7.386572e-08
2633 6.143306e-08
2634 4.919328e-08
2635 3.384431e-08
2636 2.447528e-08
2637 1.652383e-08
2638 1.121882e-08
2639 7.320809e-09
2640 0.000000e+00
2641 0.000000e+00
2642 0.000000e+00
2643 0.000000e+00
2644 0.000000e+00
2645 0.000000e+00
2646 0.000000e+00
2647 0.000000e+00
2648 0.000000e+00
2649 0.000000e+00
2650 2.121139e-07
2651 2.313140e-07
2652 2.429195e-07
2653 2.431161e-07
2654 2.282471e-07
2655 1.987367e-07
2656 1.629986e-07
2657 1.318205e-07
2658 1.095752e-07
2659 8.797122e-08
2660 6.065691e-08
2661 4.373604e-08
2662 2.958646e-08
2663 2.010291e-08
2664 1.310459e-08
2665 0.000000e+00
2666 0.000000e+00
2667 0.000000e+00
2668 0.000000e+00
2669 0.000000e+00
2670 0.000000e+00
2671 0.000000e+00
2672 0.000000e+00
2673 0.000000e+00
2674 0.000000e+00
2675 6.689710e-05
2676 5.557862e-05
2677 4.538164e-05
2678 3.748997e-05
2679 3.007412e-05
2680 2.196072e-05
2681 1.565660e-05
2682 1.118678e-05
2683 7.739854e-06
2684 5.315449e-06
2685 0.000000e+00
2686 0.000000e+00
2687 0.000000e+00
2688 0.000000e+00
2689 0.000000e+00
2690 0.000000e+00
2691 0.000000e+00
2692 0.000000e+00
2693 0.000000e+00
2694 0.000000e+00
2695 0.000000e+00
2696 0.000000e+00
2697 0.000000e+00
2698 0.000000e+00
2699 0.000000e+00
2700 5.214473e-05
2701 4.694302e-05
2702 3.951952e-05
2703 3.208614e-05
2704 2.637126e-05
2705 2.188217e-05
2706 1.637903e-05
2707 1.139797e-05
2708 8.314492e-06
2709 5.733885e-06
2710 3.891265e-06
2711 2.681253e-06
2712 0.000000e+00
2713 0.000000e+00
2714 0.000000e+00
2715 0.000000e+00
2716 0.000000e+00
2717 0.000000e+00
2718 0.000000e+00
2719 0.000000e+00
2720 0.000000e+00
2721 0.000000e+00
2722 0.000000e+00
2723 0.000000e+00
2724 0.000000e+00
2725 4.058954e-05
2726 3.866697e-05
2727 3.431243e-05
2728 2.852972e-05
2729 2.308961e-05
2730 1.908431e-05
2731 1.571630e-05
2732 1.135999e-05
2733 7.989056e-06
2734 5.702452e-06
2735 3.943483e-06
2736 2.640521e-06
2737 0.000000e+00
2738 0.000000e+00
2739 0.000000e+00
2740 0.000000e+00
2741 0.000000e+00
2742 0.000000e+00
2743 0.000000e+00
2744 0.000000e+00
2745 0.000000e+00
2746 0.000000e+00
2747 0.000000e+00
2748 0.000000e+00
2749 0.000000e+00
2750 3.259135e-05
2751 3.222635e-05
2752 2.982739e-05
2753 2.567125e-05
2754 2.095882e-05
2755 1.702032e-05
2756 1.419893e-05
2757 1.117986e-05
2758 7.675970e-06
2759 5.664555e-06
2760 3.860728e-06
2761 2.642067e-06
2762 1.777724e-06
2763 0.000000e+00
2764 0.000000e+00
2765 0.000000e+00
2766 0.000000e+00
2767 0.000000e+00
2768 0.000000e+00
2769 0.000000e+00
2770 0.000000e+00
2771 0.000000e+00
2772 0.000000e+00
2773 0.000000e+00
2774 0.000000e+00
2775 2.689206e-05
2776 2.727131e-05
2777 2.609624e-05
2778 2.326438e-05
2779 1.937911e-05
2780 1.566047e-05
2781 1.291470e-05
2782 1.068922e-05
2783 7.740938e-06
2784 5.374306e-06
2785 3.840530e-06
2786 2.645481e-06
2787 1.751047e-06
2788 0.000000e+00
2789 0.000000e+00
2790 0.000000e+00
2791 0.000000e+00
2792 0.000000e+00
2793 0.000000e+00
2794 0.000000e+00
2795 0.000000e+00
2796 0.000000e+00
2797 0.000000e+00
2798 0.000000e+00
2799 0.000000e+00
2800 2.258998e-05
2801 2.339627e-05
2802 2.297286e-05
2803 2.106105e-05
2804 1.797469e-05
2805 1.461145e-05
2806 1.188999e-05
2807 9.924693e-06
2808 7.657548e-06
2809 5.184835e-06
2810 3.850174e-06
2811 2.598157e-06
2812 1.750719e-06
2813 1.174561e-06
2814 0.000000e+00
2815 0.000000e+00
2816 0.000000e+00
2817 0.000000e+00
2818 0.000000e+00
2819 0.000000e+00
2820 0.000000e+00
2821 0.000000e+00
2822 0.000000e+00
2823 0.000000e+00
2824 0.000000e+00
2825 1.920898e-05
2826 2.018534e-05
2827 2.024818e-05
2828 1.909776e-05
2829 1.671157e-05
2830 1.374128e-05
2831 1.110688e-05
2832 9.222551e-06
2833 7.481301e-06
2834 5.210789e-06
2835 3.737859e-06
2836 2.564117e-06
2837 1.762550e-06
2838 1.158839e-06
2839 0.000000e+00
2840 0.000000e+00
2841 0.000000e+00
2842 0.000000e+00
2843 0.000000e+00
2844 0.000000e+00
2845 0.000000e+00
2846 0.000000e+00
2847 0.000000e+00
2848 0.000000e+00
2849 0.000000e+00
2850 1.649264e-05
2851 1.758444e-05
2852 1.792910e-05
2853 1.725968e-05
2854 1.550074e-05
2855 1.298240e-05
2856 1.048450e-05
2857 8.614634e-06
2858 7.162766e-06
2859 5.250319e-06
2860 3.576380e-06
2861 2.575843e-06
2862 1.756622e-06
2863 1.150498e-06
2864 7.719396e-07
2865 0.000000e+00
2866 0.000000e+00
2867 0.000000e+00
2868 0.000000e+00
2869 0.000000e+00
2870 0.000000e+00
2871 0.000000e+00
2872 0.000000e+00
2873 0.000000e+00
2874 0.000000e+00
2875 1.420134e-05
2876 1.531120e-05
2877 1.588112e-05
2878 1.560947e-05
2879 1.431022e-05
2880 1.221316e-05
2881 9.923497e-06
2882 8.068011e-06
2883 6.732649e-06
2884 5.187357e-06
2885 3.488121e-06
2886 2.587617e-06
2887 1.729485e-06
2888 1.154233e-06
2889 7.651045e-07
2890 0.000000e+00
2891 0.000000e+00
2892 0.000000e+00
2893 0.000000e+00
2894 0.000000e+00
2895 0.000000e+00
2896 0.000000e+00
2897 0.000000e+00
2898 0.000000e+00
2899 0.000000e+00
2900 1.221803e-05
2901 1.330085e-05
2902 1.395746e-05
2903 1.397516e-05
2904 1.314042e-05
2905 1.144302e-05
2906 9.383959e-06
2907 7.584738e-06
2908 6.305822e-06
2909 5.076153e-06
2910 3.499147e-06
2911 2.523697e-06
2912 1.703631e-06
2913 1.160311e-06
2914 7.554913e-07
2915 0.000000e+00
2916 0.000000e+00
2917 0.000000e+00
2918 0.000000e+00
2919 0.000000e+00
2920 0.000000e+00
2921 0.000000e+00
2922 0.000000e+00
2923 0.000000e+00
2924 0.000000e+00
2925 0.000000e+00
2926 0.000000e+00
2927 0.000000e+00
2928 0.000000e+00
2929 0.000000e+00
2930 0.000000e+00
2931 0.000000e+00
2932 2.356517e-07
2933 1.635268e-07
2934 1.127728e-07
2935 0.000000e+00
2936 0.000000e+00
2937 0.000000e+00
2938 0.000000e+00
2939 0.000000e+00
2940 0.000000e+00
2941 0.000000e+00
2942 0.000000e+00
2943 0.000000e+00
2944 0.000000e+00
2945 0.000000e+00
2946 0.000000e+00
2947 0.000000e+00
2948 0.000000e+00
2949 0.000000e+00
2950 0.000000e+00
2951 0.000000e+00
2952 0.000000e+00
2953 0.000000e+00
2954 0.000000e+00
2955 0.000000e+00
2956 0.000000e+00
2957 2.698195e-07
2958 1.952272e-07
2959 1.349096e-07
2960 9.199749e-08
2961 6.320360e-08
2962 0.000000e+00
2963 0.000000e+00
2964 0.000000e+00
2965 0.000000e+00
2966 0.000000e+00
2967 0.000000e+00
2968 0.000000e+00
2969 0.000000e+00
2970 0.000000e+00
2971 0.000000e+00
2972 0.000000e+00
2973 0.000000e+00
2974 0.000000e+00
2975 0.000000e+00
2976 0.000000e+00
2977 0.000000e+00
2978 0.000000e+00
2979 0.000000e+00
2980 0.000000e+00
2981 0.000000e+00
2982 2.970366e-07
2983 2.091588e-07
2984 1.495749e-07
2985 1.030071e-07
2986 6.932423e-08
2987 0.000000e+00
2988 0.000000e+00
2989 0.000000e+00
2990 0.000000e+00
2991 0.000000e+00
2992 0.000000e+00
2993 0.000000e+00
2994 0.000000e+00
2995 0.000000e+00
2996 0.000000e+00
2997 0.000000e+00
2998 0.000000e+00
2999 0.000000e+00
3000 0.000000e+00
3001 0.000000e+00
3002 0.000000e+00
3003 0.000000e+00
3004 0.000000e+00
3005 0.000000e+00
3006 0.000000e+00
3007 3.181594e-07
3008 2.202248e-07
3009 1.607303e-07
3010 1.104364e-07
3011 7.548509e-08
3012 5.076882e-08
3013 0.000000e+00
3014 0.000000e+00
3015 0.000000e+00
3016 0.000000e+00
3017 0.000000e+00
3018 0.000000e+00
3019 0.000000e+00
3020 0.000000e+00
3021 0.000000e+00
3022 0.000000e+00
3023 0.000000e+00
3024 0.000000e+00
3025 0.000000e+00
3026 0.000000e+00
3027 0.000000e+00
3028 0.000000e+00
3029 0.000000e+00
3030 0.000000e+00
3031 0.000000e+00
3032 3.254366e-07
3033 2.364474e-07
3034 1.646323e-07
3035 1.177053e-07
3036 8.079012e-08
3037 5.369537e-08
3038 0.000000e+00
3039 0.000000e+00
3040 0.000000e+00
3041 0.000000e+00
3042 0.000000e+00
3043 0.000000e+00
3044 0.000000e+00
3045 0.000000e+00
3046 0.000000e+00
3047 0.000000e+00
3048 0.000000e+00
3049 0.000000e+00
3050 0.000000e+00
3051 0.000000e+00
3052 0.000000e+00
3053 0.000000e+00
3054 0.000000e+00
3055 0.000000e+00
3056 0.000000e+00
3057 3.218298e-07
3058 2.483351e-07
3059 1.691924e-07
3060 1.245325e-07
3061 8.441181e-08
3062 5.692715e-08
3063 3.814339e-08
3064 0.000000e+00
3065 0.000000e+00
3066 0.000000e+00
3067 0.000000e+00
3068 0.000000e+00
3069 0.000000e+00
3070 0.000000e+00
3071 0.000000e+00
3072 0.000000e+00
3073 0.000000e+00
3074 0.000000e+00
3075 0.000000e+00
3076 0.000000e+00
3077 0.000000e+00
3078 0.000000e+00
3079 0.000000e+00
3080 0.000000e+00
3081 0.000000e+00
3082 3.152372e-07
3083 2.551541e-07
3084 1.783707e-07
3085 1.275762e-07
3086 8.791660e-08
3087 6.023957e-08
3088 3.966576e-08
3089 0.000000e+00
3090 0.000000e+00
3091 0.000000e+00
3092 0.000000e+00
3093 0.000000e+00
3094 0.000000e+00
3095 0.000000e+00
3096 0.000000e+00
3097 0.000000e+00
3098 0.000000e+00
3099 0.000000e+00
3100 0.000000e+00
3101 0.000000e+00
3102 0.000000e+00
3103 0.000000e+00
3104 0.000000e+00
3105 0.000000e+00
3106 0.000000e+00
3107 3.081878e-07
3108 2.557095e-07
3109 1.875301e-07
3110 1.282171e-07
3111 9.224366e-08
3112 6.279606e-08
3113 4.124332e-08
3114 2.763606e-08
3115 0.000000e+00
3116 0.000000e+00
3117 0.000000e+00
3118 0.000000e+00
3119 0.000000e+00
3120 0.000000e+00
3121 0.000000e+00
3122 0.000000e+00
3123 0.000000e+00
3124 0.000000e+00
3125 0.000000e+00
3126 0.000000e+00
3127 0.000000e+00
3128 0.000000e+00
3129 0.000000e+00
3130 0.000000e+00
3131 0.000000e+00
3132 3.013935e-07
3133 2.513295e-07
3134 1.936214e-07
3135 1.307333e-07
3136 9.637280e-08
3137 6.460742e-08
3138 4.313964e-08
3139 2.857196e-08
3140 0.000000e+00
3141 0.000000e+00
3142 0.000000e+00
3143 0.000000e+00
3144 0.000000e+00
3145 0.000000e+00
3146 0.000000e+00
3147 0.000000e+00
3148 0.000000e+00
3149 0.000000e+00
3150 0.000000e+00
3151 0.000000e+00
3152 0.000000e+00
3153 0.000000e+00
3154 0.000000e+00
3155 0.000000e+00
3156 0.000000e+00
3157 2.956932e-07
3158 2.457092e-07
3159 1.976112e-07
3160 1.364539e-07
3161 9.819193e-08
3162 6.651587e-08
3163 4.521732e-08
3164 2.945553e-08
3165 0.000000e+00
3166 0.000000e+00
3167 0.000000e+00
3168 0.000000e+00
3169 0.000000e+00
3170 0.000000e+00
3171 0.000000e+00
3172 0.000000e+00
3173 0.000000e+00
3174 0.000000e+00
3175 0.000000e+00
3176 0.000000e+00
3177 0.000000e+00
3178 0.000000e+00
3179 0.000000e+00
3180 0.000000e+00
3181 0.000000e+00
3182 3.699292e-10
3183 2.802991e-10
3184 2.188114e-10
3185 1.733542e-10
3186 1.374833e-10
3187 1.078105e-10
3188 8.250152e-11
3189 6.096985e-11
3190 4.314685e-11
3191 2.908983e-11
3192 1.864662e-11
3193 1.138851e-11
3194 6.667222e-12
3195 3.769617e-12
3196 0.000000e+00
3197 0.000000e+00
3198 0.000000e+00
3199 0.000000e+00
3200 0.000000e+00
3201 0.000000e+00
3202 0.000000e+00
3203 0.000000e+00
3204 0.000000e+00
3205 0.000000e+00
3206 0.000000e+00
3207 1.695713e-09
3208 1.207507e-09
3209 8.747926e-10
3210 6.501106e-10
3211 4.947408e-10
3212 3.829824e-10
3213 2.991879e-10
3214 2.329534e-10
3215 1.785972e-10
3216 1.334225e-10
3217 9.633417e-11
3218 6.690446e-11
3219 4.464318e-11
3220 2.868373e-11
3221 0.000000e+00
3222 0.000000e+00
3223 0.000000e+00
3224 0.000000e+00
3225 0.000000e+00
3226 0.000000e+00
3227 0.000000e+00
3228 0.000000e+00
3229 0.000000e+00
3230 0.000000e+00
3231 0.000000e+00
3232 3.291434e-09
3233 2.342426e-09
3234 1.659214e-09
3235 1.193895e-09
3236 8.786467e-10
3237 6.616015e-10
3238 5.074804e-10
3239 3.939115e-10
3240 3.057929e-10
3241 2.347034e-10
3242 1.762222e-10
3243 1.283367e-10
3244 9.016053e-11
3245 6.096348e-11
3246 0.000000e+00
3247 0.000000e+00
3248 0.000000e+00
3249 0.000000e+00
3250 0.000000e+00
3251 0.000000e+00
3252 0.000000e+00
3253 0.000000e+00
3254 0.000000e+00
3255 0.000000e+00
3256 0.000000e+00
3257 5.227697e-09
3258 3.702634e-09
3259 2.623310e-09
3260 1.855874e-09
3261 1.335045e-09
3262 9.827525e-10
3263 7.386144e-10
3264 5.655515e-10
3265 4.375071e-10
3266 3.382623e-10
3267 2.584729e-10
3268 1.931665e-10
3269 1.400867e-10
3270 9.807886e-11
3271 0.000000e+00
3272 0.000000e+00
3273 0.000000e+00
3274 0.000000e+00
3275 0.000000e+00
3276 0.000000e+00
3277 0.000000e+00
3278 0.000000e+00
3279 0.000000e+00
3280 0.000000e+00
3281 0.000000e+00
3282 7.597867e-09
3283 5.364123e-09
3284 3.802076e-09
3285 2.674785e-09
3286 1.897244e-09
3287 1.368691e-09
3288 1.010288e-09
3289 7.609374e-10
3290 5.828845e-10
3291 4.498606e-10
3292 3.460505e-10
3293 2.625000e-10
3294 1.944856e-10
3295 1.397328e-10
3296 0.000000e+00
3297 0.000000e+00
3298 0.000000e+00
3299 0.000000e+00
3300 0.000000e+00
3301 0.000000e+00
3302 0.000000e+00
3303 0.000000e+00
3304 0.000000e+00
3305 0.000000e+00
3306 0.000000e+00
3307 1.044704e-08
3308 7.438267e-09
3309 5.245638e-09
3310 3.701327e-09
3311 2.597670e-09
3312 1.846818e-09
3313 1.340282e-09
3314 9.927709e-10
3315 7.502432e-10
3316 5.749861e-10
3317 4.423692e-10
3318 3.380403e-10
3319 2.540337e-10
3320 1.861393e-10
3321 0.000000e+00
3322 0.000000e+00
3323 0.000000e+00
3324 0.000000e+00
3325 0.000000e+00
3326 0.000000e+00
3327 0.000000e+00
3328 0.000000e+00
3329 0.000000e+00
3330 0.000000e+00
3331 0.000000e+00
3332 1.388826e-08
3333 1.005466e-08
3334 7.084453e-09
3335 4.996677e-09
3336 3.494746e-09
3337 2.458799e-09
3338 1.754866e-09
3339 1.279851e-09
3340 9.520962e-10
3341 7.214077e-10
3342 5.523300e-10
3343 4.229523e-10
3344 3.205566e-10
3345 2.383038e-10
3346 0.000000e+00
3347 0.000000e+00
3348 0.000000e+00
3349 0.000000e+00
3350 0.000000e+00
3351 0.000000e+00
3352 0.000000e+00
3353 0.000000e+00
3354 0.000000e+00
3355 0.000000e+00
3356 0.000000e+00
3357 1.825231e-08
3358 1.347379e-08
3359 9.575320e-09
3360 6.724323e-09
3361 4.717462e-09
3362 3.286996e-09
3363 2.314727e-09
3364 1.660730e-09
3365 1.214963e-09
3366 9.068346e-10
3367 6.874086e-10
3368 5.245991e-10
3369 3.989764e-10
3370 2.996248e-10
3371 0.000000e+00
3372 0.000000e+00
3373 0.000000e+00
3374 0.000000e+00
3375 0.000000e+00
3376 0.000000e+00
3377 0.000000e+00
3378 0.000000e+00
3379 0.000000e+00
3380 0.000000e+00
3381 0.000000e+00
3382 2.434769e-08
3383 1.832159e-08
3384 1.326627e-08
3385 9.322725e-09
3386 6.533903e-09
3387 4.539510e-09
3388 3.161830e-09
3389 2.226794e-09
3390 1.599661e-09
3391 1.171291e-09
3392 8.739542e-10
3393 6.604899e-10
3394 5.010840e-10
3395 3.780442e-10
3396 0.000000e+00
3397 0.000000e+00
3398 0.000000e+00
3399 0.000000e+00
3400 0.000000e+00
3401 0.000000e+00
3402 0.000000e+00
3403 0.000000e+00
3404 0.000000e+00
3405 0.000000e+00
3406 0.000000e+00
3407 3.636680e-08
3408 2.794392e-08
3409 2.084532e-08
3410 1.496983e-08
3411 1.047887e-08
3412 7.296863e-09
3413 5.033883e-09
3414 3.477990e-09
3415 2.430768e-09
3416 1.728448e-09
3417 1.251484e-09
3418 9.223605e-10
3419 6.883249e-10
3420 5.159464e-10
3421 0.000000e+00
3422 0.000000e+00
3423 0.000000e+00
3424 0.000000e+00
3425 0.000000e+00
3426 0.000000e+00
3427 0.000000e+00
3428 0.000000e+00
3429 0.000000e+00
3430 0.000000e+00
3431 0.000000e+00
3432 1.351418e-07
3433 1.104840e-07
3434 8.774516e-08
3435 6.814774e-08
3436 5.170552e-08
3437 3.788506e-08
3438 2.655707e-08
3439 1.822321e-08
3440 1.240851e-08
3441 8.280047e-09
3442 5.499764e-09
3443 3.672725e-09
3444 2.466153e-09
3445 1.674734e-09
3446 0.000000e+00
3447 0.000000e+00
3448 0.000000e+00
3449 0.000000e+00
3450 0.000000e+00
3451 0.000000e+00
3452 0.000000e+00
3453 0.000000e+00
3454 0.000000e+00
3455 0.000000e+00
3456 7.857963e-14
3457 6.209134e-14
3458 4.876375e-14
3459 3.782252e-14
3460 2.875592e-14
3461 2.127327e-14
3462 1.519707e-14
3463 1.040070e-14
3464 6.769117e-15
3465 4.164687e-15
3466 2.413899e-15
3467 1.318438e-15
3468 6.809476e-16
3469 3.335411e-16
3470 1.544299e-16
3471 0.000000e+00
3472 0.000000e+00
3473 0.000000e+00
3474 0.000000e+00
3475 0.000000e+00
3476 0.000000e+00
3477 0.000000e+00
3478 0.000000e+00
3479 0.000000e+00
3480 0.000000e+00
3481 1.557179e-13
3482 1.221004e-13
3483 9.588357e-14
3484 7.545614e-14
3485 5.926778e-14
3486 4.616190e-14
3487 3.538424e-14
3488 2.648847e-14
3489 1.920102e-14
3490 1.336912e-14
3491 8.872785e-15
3492 5.582519e-15
3493 3.322898e-15
3494 1.875083e-15
3495 1.007757e-15
3496 0.000000e+00
3497 0.000000e+00
3498 0.000000e+00
3499 0.000000e+00
3500 0.000000e+00
3501 0.000000e+00
3502 0.000000e+00
3503 0.000000e+00
3504 0.000000e+00
3505 0.000000e+00
3506 2.104021e-13
3507 1.631352e-13
3508 1.273011e-13
3509 9.947473e-14
3510 7.796803e-14
3511 6.105621e-14
3512 4.747044e-14
3513 3.638533e-14
3514 2.729018e-14
3515 1.986798e-14
3516 1.392448e-14
3517 9.324293e-15
3518 5.930935e-15
3519 3.572009e-15
3520 2.037885e-15
3521 0.000000e+00
3522 0.000000e+00
3523 0.000000e+00
3524 0.000000e+00
3525 0.000000e+00
3526 0.000000e+00
3527 0.000000e+00
3528 0.000000e+00
3529 0.000000e+00
3530 0.000000e+00
3531 2.616642e-13
3532 2.014754e-13
3533 1.559935e-13
3534 1.213239e-13
3535 9.456179e-14
3536 7.389215e-14
3537 5.764048e-14
3538 4.458933e-14
3539 3.397337e-14
3540 2.529786e-14
3541 1.826934e-14
3542 1.269949e-14
3543 8.433376e-15
3544 5.320142e-15
3545 3.178131e-15
3546 0.000000e+00
3547 0.000000e+00
3548 0.000000e+00
3549 0.000000e+00
3550 0.000000e+00
3551 0.000000e+00
3552 0.000000e+00
3553 0.000000e+00
3554 0.000000e+00
3555 0.000000e+00
3556 3.124449e-13
3557 2.405630e-13
3558 1.848006e-13
3559 1.430165e-13
3560 1.108842e-13
3561 8.628298e-14
3562 6.721311e-14
3563 5.216302e-14
3564 4.005863e-14
3565 3.023542e-14
3566 2.225568e-14
3567 1.585792e-14
3568 1.085786e-14
3569 7.094607e-15
3570 4.400626e-15
3571 0.000000e+00
3572 0.000000e+00
3573 0.000000e+00
3574 0.000000e+00
3575 0.000000e+00
3576 0.000000e+00
3577 0.000000e+00
3578 0.000000e+00
3579 0.000000e+00
3580 0.000000e+00
3581 3.643974e-13
3582 2.815242e-13
3583 2.154871e-13
3584 1.655325e-13
3585 1.278733e-13
3586 9.895621e-14
3587 7.682527e-14
3588 5.961777e-14
3589 4.594737e-14
3590 3.495147e-14
3591 2.605750e-14
3592 1.889660e-14
3593 1.323223e-14
3594 8.885837e-15
3595 5.686327e-15
3596 0.000000e+00
3597 0.000000e+00
3598 0.000000e+00
3599 0.000000e+00
3600 0.000000e+00
3601 0.000000e+00
3602 0.000000e+00
3603 0.000000e+00
3604 0.000000e+00
3605 0.000000e+00
3606 4.197212e-13
3607 3.255767e-13
3608 2.493904e-13
3609 1.903149e-13
3610 1.462260e-13
3611 1.126118e-13
3612 8.702733e-14
3613 6.733805e-14
3614 5.193783e-14
3615 3.967396e-14
3616 2.982246e-14
3617 2.190515e-14
3618 1.560602e-14
3619 1.071036e-14
3620 7.034057e-15
3621 0.000000e+00
3622 0.000000e+00
3623 0.000000e+00
3624 0.000000e+00
3625 0.000000e+00
3626 0.000000e+00
3627 0.000000e+00
3628 0.000000e+00
3629 0.000000e+00
3630 0.000000e+00
3631 4.826500e-13
3632 3.758874e-13
3633 2.888249e-13
3634 2.197024e-13
3635 1.675332e-13
3636 1.284464e-13
3637 9.864222e-14
3638 7.597920e-14
3639 5.850818e-14
3640 4.475722e-14
3641 3.381195e-14
3642 2.506078e-14
3643 1.809500e-14
3644 1.264018e-14
3645 8.486665e-15
3646 0.000000e+00
3647 0.000000e+00
3648 0.000000e+00
3649 0.000000e+00
3650 0.000000e+00
3651 0.000000e+00
3652 0.000000e+00
3653 0.000000e+00
3654 0.000000e+00
3655 0.000000e+00
3656 5.615072e-13
3657 4.390765e-13
3658 3.389269e-13
3659 2.580768e-13
3660 1.954028e-13
3661 1.487393e-13
3662 1.134660e-13
3663 8.682846e-14
3664 6.650709e-14
3665 5.080967e-14
3666 3.846533e-14
3667 2.867631e-14
3668 2.091436e-14
3669 1.482625e-14
3670 1.014696e-14
3671 0.000000e+00
3672 0.000000e+00
3673 0.000000e+00
3674 0.000000e+00
3675 0.000000e+00
3676 0.000000e+00
3677 0.000000e+00
3678 0.000000e+00
3679 0.000000e+00
3680 0.000000e+00
3681 6.975947e-13
3682 5.490171e-13
3683 4.266345e-13
3684 3.269175e-13
3685 2.471869e-13
3686 1.859615e-13
3687 1.404018e-13
3688 1.061597e-13
3689 8.039414e-14
3690 6.090182e-14
3691 4.592509e-14
3692 3.426714e-14
3693 2.515341e-14
3694 1.804548e-14
3695 1.257127e-14
3696 0.000000e+00
3697 0.000000e+00
3698 0.000000e+00
3699 0.000000e+00
