0 2.540638e-09
1 1.927687e-09
2 1.427090e-09
3 1.036851e-09
4 7.495919e-10
5 5.438866e-10
6 3.960832e-10
7 2.932749e-10
8 2.206546e-10
9 1.684281e-10
10 1.294442e-10
11 9.945125e-11
12 7.563493e-11
13 5.647784e-11
14 4.113394e-11
15 2.909397e-11
16 1.994890e-11
17 1.326381e-11
18 8.568967e-12
19 5.392726e-12
20 3.313272e-12
21 1.990499e-12
22 0.000000e+00
23 0.000000e+00
24 0.000000e+00
25 4.046339e-09
26 3.102449e-09
27 2.324178e-09
28 1.690682e-09
29 1.200868e-09
30 8.541673e-10
31 6.172660e-10
32 4.486492e-10
33 3.341565e-10
34 2.541930e-10
35 1.965583e-10
36 1.529018e-10
37 1.185422e-10
38 9.056176e-11
39 6.752130e-11
40 4.876744e-11
41 3.395392e-11
42 2.274598e-11
43 1.468076e-11
44 9.165020e-12
45 5.562491e-12
46 3.297967e-12
47 0.000000e+00
48 0.000000e+00
49 0.000000e+00
50 4.290579e-09
51 3.283986e-09
52 2.458901e-09
53 1.783954e-09
54 1.256452e-09
55 8.856844e-10
56 6.398843e-10
57 4.638633e-10
58 3.456184e-10
59 2.636278e-10
60 2.049731e-10
61 1.602809e-10
62 1.249557e-10
63 9.590955e-11
64 7.174137e-11
65 5.187174e-11
66 3.605075e-11
67 2.402422e-11
68 1.536923e-11
69 9.480710e-12
70 5.674563e-12
71 3.315958e-12
72 0.000000e+00
73 0.000000e+00
74 0.000000e+00
75 4.430558e-09
76 3.388447e-09
77 2.536948e-09
78 1.838373e-09
79 1.289413e-09
80 9.049208e-10
81 6.537071e-10
82 4.731979e-10
83 3.526272e-10
84 2.693178e-10
85 2.099645e-10
86 1.645909e-10
87 1.286694e-10
88 9.899051e-11
89 7.416744e-11
90 5.365915e-11
91 3.726529e-11
92 2.477428e-11
93 1.578363e-11
94 9.680807e-12
95 5.754920e-12
96 3.338584e-12
97 0.000000e+00
98 0.000000e+00
99 0.000000e+00
100 4.525347e-09
101 3.459370e-09
102 2.589712e-09
103 1.874987e-09
104 1.311733e-09
105 9.178909e-10
106 6.630579e-10
107 4.794894e-10
108 3.573551e-10
109 2.731486e-10
110 2.133140e-10
111 1.674981e-10
112 1.311726e-10
113 1.010717e-10
114 7.580989e-11
115 5.486839e-11
116 3.808721e-11
117 2.528168e-11
118 1.606383e-11
119 9.816015e-12
120 5.808988e-12
121 3.353718e-12
122 0.000000e+00
123 0.000000e+00
124 0.000000e+00
125 4.597110e-09
126 3.512970e-09
127 2.629745e-09
128 1.903037e-09
129 1.328660e-09
130 9.278031e-10
131 6.701816e-10
132 4.843102e-10
133 3.609823e-10
134 2.760884e-10
135 2.158859e-10
136 1.697139e-10
137 1.330819e-10
138 1.026514e-10
139 7.705155e-11
140 5.578346e-11
141 3.870909e-11
142 2.566608e-11
143 1.627634e-11
144 9.918544e-12
145 5.850257e-12
146 3.365185e-12
147 0.000000e+00
148 0.000000e+00
149 0.000000e+00
150 4.655442e-09
151 3.556597e-09
152 2.662288e-09
153 1.925726e-09
154 1.342416e-09
155 9.358384e-10
156 6.759455e-10
157 4.881998e-10
158 3.638866e-10
159 2.784407e-10
160 2.179581e-10
161 1.715121e-10
162 1.346248e-10
163 1.039356e-10
164 7.806367e-11
165 5.652986e-11
166 3.921690e-11
167 2.597970e-11
168 1.644958e-11
169 1.000209e-11
170 5.883866e-12
171 3.374719e-12
172 0.000000e+00
173 0.000000e+00
174 0.000000e+00
175 4.703588e-09
176 3.592507e-09
177 2.688999e-09
178 1.944524e-09
179 1.353754e-09
180 9.424132e-10
181 6.806957e-10
182 4.913921e-10
183 3.662859e-10
184 2.804074e-10
185 2.196638e-10
186 1.729858e-10
187 1.358971e-10
188 1.049909e-10
189 7.889497e-11
190 5.714168e-11
191 3.963252e-11
192 2.623650e-11
193 1.659144e-11
194 1.007080e-11
195 5.911456e-12
196 3.382432e-12
197 0.000000e+00
198 0.000000e+00
199 0.000000e+00
200 4.745681e-09
201 3.623924e-09
202 2.712546e-09
203 1.960732e-09
204 1.363624e-09
205 9.481949e-10
206 6.848471e-10
207 4.941952e-10
208 3.684037e-10
209 2.821127e-10
210 2.211649e-10
211 1.742848e-10
212 1.370178e-10
213 1.059180e-10
214 7.962622e-11
215 5.768070e-11
216 3.999879e-11
217 2.646269e-11
218 1.671583e-11
219 1.013096e-11
220 5.935525e-12
221 3.389208e-12
222 0.000000e+00
223 0.000000e+00
224 0.000000e+00
225 4.799399e-09
226 3.664050e-09
227 2.742452e-09
228 1.981567e-09
229 1.376236e-09
230 9.555614e-10
231 6.901537e-10
232 4.977791e-10
233 3.710802e-10
234 2.842980e-10
235 2.230747e-10
236 1.759391e-10
237 1.384396e-10
238 1.071019e-10
239 8.055438e-11
240 5.836460e-11
241 4.046406e-11
242 2.674999e-11
243 1.687470e-11
244 1.020760e-11
245 5.966322e-12
246 3.397820e-12
247 0.000000e+00
248 0.000000e+00
249 0.000000e+00
250 1.091866e-08
251 8.740625e-09
252 6.847605e-09
253 5.250495e-09
254 3.917047e-09
255 2.837848e-09
256 2.027904e-09
257 1.451464e-09
258 1.037900e-09
259 7.528755e-10
260 5.562989e-10
261 4.191359e-10
262 3.207731e-10
263 2.475311e-10
264 1.906837e-10
265 1.451281e-10
266 1.081364e-10
267 7.832737e-11
268 5.489682e-11
269 3.717055e-11
270 2.433277e-11
271 1.544266e-11
272 0.000000e+00
273 0.000000e+00
274 0.000000e+00
275 1.310651e-08
276 1.053950e-08
277 8.288936e-09
278 6.394380e-09
279 4.808752e-09
280 3.496575e-09
281 2.485533e-09
282 1.774357e-09
283 1.265705e-09
284 9.111614e-10
285 6.686294e-10
286 5.019131e-10
287 3.831574e-10
288 2.960508e-10
289 2.290842e-10
290 1.756488e-10
291 1.320831e-10
292 9.662584e-11
293 6.836994e-11
294 4.666152e-11
295 3.072211e-11
296 1.956611e-11
297 0.000000e+00
298 0.000000e+00
299 0.000000e+00
300 1.426274e-08
301 1.148190e-08
302 9.039383e-09
303 6.987867e-09
304 5.269655e-09
305 3.834403e-09
306 2.716864e-09
307 1.936640e-09
308 1.380458e-09
309 9.903703e-10
310 7.251972e-10
311 5.437931e-10
312 4.150454e-10
313 3.210396e-10
314 2.490717e-10
315 1.915946e-10
316 1.446239e-10
317 1.061835e-10
318 7.535929e-11
319 5.153796e-11
320 3.396477e-11
321 2.163024e-11
322 0.000000e+00
323 0.000000e+00
324 0.000000e+00
325 1.505137e-08
326 1.212673e-08
327 9.553069e-09
328 7.394047e-09
329 5.585251e-09
330 4.065827e-09
331 2.875977e-09
332 2.048449e-09
333 1.459339e-09
334 1.044875e-09
335 7.641231e-10
336 5.726297e-10
337 4.369697e-10
338 3.381807e-10
339 2.627106e-10
340 2.024795e-10
341 1.531716e-10
342 1.127059e-10
343 8.013420e-11
344 5.488195e-11
345 3.619229e-11
346 2.305072e-11
347 0.000000e+00
348 0.000000e+00
349 0.000000e+00
350 1.564958e-08
351 1.261440e-08
352 9.942142e-09
353 7.701724e-09
354 5.824541e-09
355 4.241353e-09
356 2.996413e-09
357 2.132994e-09
358 1.519168e-09
359 1.086288e-09
360 7.936066e-10
361 5.944804e-10
362 4.535121e-10
363 3.511783e-10
364 2.730791e-10
365 2.107653e-10
366 1.596643e-10
367 1.176597e-10
368 8.377324e-11
369 5.741391e-11
370 3.788056e-11
371 2.412803e-11
372 0.000000e+00
373 0.000000e+00
374 0.000000e+00
375 1.613406e-08
376 1.300940e-08
377 1.025644e-08
378 7.950215e-09
379 6.017774e-09
380 4.383152e-09
381 3.093797e-09
382 2.201463e-09
383 1.567481e-09
384 1.119678e-09
385 8.174437e-10
386 6.121076e-10
387 4.669384e-10
388 3.617221e-10
389 2.814712e-10
390 2.174718e-10
391 1.649345e-10
392 1.216712e-10
393 8.669664e-11
394 5.945784e-11
395 3.924041e-11
396 2.499600e-11
397 0.000000e+00
398 0.000000e+00
399 0.000000e+00
400 1.653362e-08
401 1.333540e-08
402 1.051625e-08
403 8.155980e-09
404 6.178129e-09
405 4.500701e-09
406 3.174448e-09
407 2.258130e-09
408 1.607511e-09
409 1.147309e-09
410 8.371159e-10
411 6.267302e-10
412 4.780643e-10
413 3.704158e-10
414 2.883998e-10
415 2.229647e-10
416 1.692748e-10
417 1.249816e-10
418 8.912438e-11
419 6.115355e-11
420 4.036839e-11
421 2.571721e-11
422 0.000000e+00
423 0.000000e+00
424 0.000000e+00
425 1.688466e-08
426 1.362299e-08
427 1.074565e-08
428 8.337322e-09
429 6.318471e-09
430 4.603626e-09
431 3.245304e-09
432 2.307852e-09
433 1.642603e-09
434 1.171643e-09
435 8.545087e-10
436 6.395822e-10
437 4.878361e-10
438 3.780787e-10
439 2.944917e-10
440 2.278401e-10
441 1.730951e-10
442 1.278947e-10
443 9.125510e-11
444 6.264227e-11
445 4.136242e-11
446 2.634933e-11
447 0.000000e+00
448 0.000000e+00
449 0.000000e+00
450 1.732863e-08
451 1.398627e-08
452 1.103494e-08
453 8.566690e-09
454 6.496541e-09
455 4.734160e-09
456 3.335099e-09
457 2.370833e-09
458 1.687069e-09
459 1.202325e-09
460 8.764464e-10
461 6.558401e-10
462 5.001803e-10
463 3.877243e-10
464 3.021860e-10
465 2.339717e-10
466 1.779139e-10
467 1.315694e-10
468 9.395399e-11
469 6.452975e-11
470 4.261994e-11
471 2.714865e-11
472 0.000000e+00
473 0.000000e+00
474 0.000000e+00
475 1.825111e-08
476 1.504208e-08
477 1.205896e-08
478 9.455627e-09
479 7.256868e-09
480 5.423617e-09
481 3.934553e-09
482 2.804802e-09
483 1.998444e-09
484 1.423420e-09
485 1.025176e-09
486 7.511697e-10
487 5.616772e-10
488 4.270551e-10
489 3.281069e-10
490 2.523655e-10
491 1.923511e-10
492 1.439253e-10
493 1.049214e-10
494 7.413716e-11
495 5.063878e-11
496 3.343610e-11
497 0.000000e+00
498 0.000000e+00
499 0.000000e+00
500 2.085929e-08
501 1.730244e-08
502 1.393342e-08
503 1.096528e-08
504 8.458196e-09
505 6.363313e-09
506 4.635790e-09
507 3.296726e-09
508 2.344753e-09
509 1.667827e-09
510 1.194186e-09
511 8.696210e-10
512 6.474193e-10
513 4.905998e-10
514 3.766659e-10
515 2.902884e-10
516 2.223304e-10
517 1.674971e-10
518 1.230834e-10
519 8.769836e-11
520 6.037539e-11
521 4.013145e-11
522 0.000000e+00
523 0.000000e+00
524 0.000000e+00
525 2.260379e-08
526 1.880989e-08
527 1.518013e-08
528 1.196816e-08
529 9.255007e-09
530 6.986067e-09
531 5.099381e-09
532 3.620653e-09
533 2.572348e-09
534 1.828001e-09
535 1.304787e-09
536 9.475416e-10
537 7.039826e-10
538 5.324885e-10
539 4.088320e-10
540 3.155072e-10
541 2.422857e-10
542 1.831858e-10
543 1.351693e-10
544 9.671789e-11
545 6.682825e-11
546 4.455895e-11
547 0.000000e+00
548 0.000000e+00
549 0.000000e+00
550 2.392768e-08
551 1.995570e-08
552 1.612853e-08
553 1.273116e-08
554 9.861480e-09
555 7.460390e-09
556 5.452962e-09
557 3.867500e-09
558 2.746023e-09
559 1.950534e-09
560 1.389425e-09
561 1.006767e-09
562 7.469948e-10
563 5.644830e-10
564 4.333164e-10
565 3.347093e-10
566 2.574293e-10
567 1.951090e-10
568 1.443565e-10
569 1.035712e-10
570 7.174395e-11
571 4.792596e-11
572 0.000000e+00
573 0.000000e+00
574 0.000000e+00
575 2.500280e-08
576 2.088607e-08
577 1.689808e-08
578 1.334973e-08
579 1.035343e-08
580 7.845066e-09
581 5.739503e-09
582 4.068265e-09
583 2.886942e-09
584 2.049734e-09
585 1.458312e-09
586 1.055180e-09
587 7.820010e-10
588 5.904042e-10
589 4.531300e-10
590 3.502485e-10
591 2.697490e-10
592 2.047631e-10
593 1.518159e-10
594 1.091313e-10
595 7.572745e-11
596 5.065719e-11
597 0.000000e+00
598 0.000000e+00
599 0.000000e+00
600 2.588811e-08
601 2.165175e-08
602 1.753147e-08
603 1.385949e-08
604 1.075869e-08
605 8.161656e-09
606 5.975102e-09
607 4.233310e-09
608 3.003392e-09
609 2.131847e-09
610 1.514845e-09
611 1.094764e-09
612 8.107243e-10
613 6.118386e-10
614 4.695244e-10
615 3.630901e-10
616 2.799004e-10
617 2.127710e-10
618 1.579641e-10
619 1.137257e-10
620 7.901648e-11
621 5.291445e-11
622 0.000000e+00
623 0.000000e+00
624 0.000000e+00
625 2.666644e-08
626 2.232592e-08
627 1.809055e-08
628 1.430931e-08
629 1.111617e-08
630 8.441701e-09
631 6.183892e-09
632 4.379054e-09
633 3.105501e-09
634 2.203828e-09
635 1.564507e-09
636 1.129785e-09
637 8.361900e-10
638 6.305920e-10
639 4.839253e-10
640 3.743871e-10
641 2.888101e-10
642 2.197749e-10
643 1.633671e-10
644 1.177587e-10
645 8.190747e-11
646 5.489907e-11
647 0.000000e+00
648 0.000000e+00
649 0.000000e+00
650 2.765422e-08
651 2.317819e-08
652 1.879586e-08
653 1.487629e-08
654 1.156714e-08
655 8.794198e-09
656 6.446351e-09
657 4.562839e-09
658 3.234787e-09
659 2.295115e-09
660 1.627562e-09
661 1.173940e-09
662 8.682411e-10
663 6.544093e-10
664 5.021435e-10
665 3.886302e-10
666 3.001054e-10
667 2.286554e-10
668 1.702157e-10
669 1.228620e-10
670 8.556664e-11
671 5.740702e-11
672 0.000000e+00
673 0.000000e+00
674 0.000000e+00
675 2.546413e-08
676 2.150008e-08
677 1.758179e-08
678 1.400444e-08
679 1.091627e-08
680 8.321283e-09
681 6.165354e-09
682 4.437773e-09
683 3.151877e-09
684 2.239326e-09
685 1.591115e-09
686 1.144654e-09
687 8.389501e-10
688 6.270459e-10
689 4.762585e-10
690 3.651777e-10
691 2.799905e-10
692 2.125362e-10
693 1.582988e-10
694 1.148488e-10
695 8.077886e-11
696 5.494468e-11
697 0.000000e+00
698 0.000000e+00
699 0.000000e+00
700 2.834743e-08
701 2.410233e-08
702 1.981717e-08
703 1.584734e-08
704 1.239871e-08
705 9.498070e-09
706 7.079214e-09
707 5.110999e-09
708 3.622438e-09
709 2.571647e-09
710 1.821654e-09
711 1.304893e-09
712 9.507769e-10
713 7.075346e-10
714 5.356197e-10
715 4.103297e-10
716 3.151071e-10
717 2.401319e-10
718 1.798953e-10
719 1.314571e-10
720 9.315915e-11
721 6.383988e-11
722 0.000000e+00
723 0.000000e+00
724 0.000000e+00
725 3.051703e-08
726 2.605717e-08
727 2.149697e-08
728 1.723142e-08
729 1.351013e-08
730 1.038037e-08
731 7.764202e-09
732 5.614188e-09
733 3.973786e-09
734 2.820093e-09
735 1.994154e-09
736 1.424257e-09
737 1.034329e-09
738 7.677795e-10
739 5.800449e-10
740 4.441628e-10
741 3.414551e-10
742 2.608649e-10
743 1.961193e-10
744 1.439225e-10
745 1.024652e-10
746 7.051669e-11
747 0.000000e+00
748 0.000000e+00
749 0.000000e+00
750 3.228245e-08
751 2.764989e-08
752 2.286391e-08
753 1.835784e-08
754 1.441558e-08
755 1.109886e-08
756 8.321824e-09
757 6.025046e-09
758 4.260277e-09
759 3.022500e-09
760 2.134807e-09
761 1.521852e-09
762 1.102486e-09
763 8.168634e-10
764 6.162880e-10
765 4.716738e-10
766 3.628945e-10
767 2.777236e-10
768 2.093365e-10
769 1.540692e-10
770 1.100303e-10
771 7.594651e-11
772 0.000000e+00
773 0.000000e+00
774 0.000000e+00
775 3.373651e-08
776 2.895960e-08
777 2.399094e-08
778 1.928552e-08
779 1.516149e-08
780 1.169067e-08
781 8.780839e-09
782 6.363629e-09
783 4.496893e-09
784 3.189890e-09
785 2.250706e-09
786 1.602394e-09
787 1.158645e-09
788 8.574214e-10
789 6.461687e-10
790 4.944509e-10
791 3.805826e-10
792 2.916428e-10
793 2.202176e-10
794 1.624418e-10
795 1.162743e-10
796 8.043267e-11
797 0.000000e+00
798 0.000000e+00
799 0.000000e+00
800 3.501723e-08
801 3.011278e-08
802 2.498084e-08
803 2.010242e-08
804 1.581905e-08
805 1.221206e-08
806 9.185854e-09
807 6.661037e-09
808 4.704831e-09
809 3.337054e-09
810 2.352894e-09
811 1.673072e-09
812 1.208149e-09
813 8.929313e-10
814 6.725804e-10
815 5.144521e-10
816 3.961637e-10
817 3.038727e-10
818 2.297877e-10
819 1.698105e-10
820 1.217898e-10
821 8.437376e-11
822 0.000000e+00
823 0.000000e+00
824 0.000000e+00
825 3.663518e-08
826 3.157509e-08
827 2.623625e-08
828 2.113653e-08
829 1.664849e-08
830 1.287121e-08
831 9.697572e-09
832 7.037455e-09
833 4.967538e-09
834 3.522634e-09
835 2.481789e-09
836 1.762507e-09
837 1.270620e-09
838 9.379930e-10
839 7.059995e-10
840 5.397352e-10
841 4.158255e-10
842 3.193471e-10
843 2.419190e-10
844 1.791179e-10
845 1.287082e-10
846 8.935412e-11
847 0.000000e+00
848 0.000000e+00
849 0.000000e+00
850 3.275621e-08
851 2.823561e-08
852 2.351780e-08
853 1.900821e-08
854 1.499738e-08
855 1.158476e-08
856 8.729876e-09
857 6.381132e-09
858 4.548094e-09
859 3.220474e-09
860 2.279597e-09
861 1.619978e-09
862 1.167985e-09
863 8.590993e-10
864 6.435975e-10
865 4.893045e-10
866 3.745842e-10
867 2.859074e-10
868 2.155680e-10
869 1.591691e-10
870 1.143869e-10
871 7.966409e-11
872 0.000000e+00
873 0.000000e+00
874 0.000000e+00
875 3.589539e-08
876 3.116028e-08
877 2.611024e-08
878 2.120388e-08
879 1.678846e-08
880 1.301791e-08
881 9.860557e-09
882 7.243265e-09
883 5.168657e-09
884 3.653977e-09
885 2.585975e-09
886 1.829397e-09
887 1.312996e-09
888 9.608306e-10
889 7.166418e-10
890 5.432666e-10
891 4.155509e-10
892 3.177770e-10
893 2.404830e-10
894 1.785699e-10
895 1.291923e-10
896 9.064204e-11
897 0.000000e+00
898 0.000000e+00
899 0.000000e+00
900 3.843860e-08
901 3.352669e-08
902 2.820611e-08
903 2.297564e-08
904 1.823645e-08
905 1.417525e-08
906 1.077310e-08
907 7.939755e-09
908 5.668810e-09
909 4.002527e-09
910 2.832568e-09
911 1.998531e-09
912 1.429743e-09
913 1.042838e-09
914 7.756104e-10
915 5.868164e-10
916 4.486714e-10
917 3.434878e-10
918 2.606520e-10
919 1.942553e-10
920 1.411613e-10
921 9.949902e-11
922 0.000000e+00
923 0.000000e+00
924 0.000000e+00
925 4.053839e-08
926 3.548035e-08
927 2.993809e-08
928 2.444074e-08
929 1.943080e-08
930 1.513090e-08
931 1.152738e-08
932 8.516193e-09
933 6.083562e-09
934 4.291334e-09
935 3.036630e-09
936 2.138234e-09
937 1.526560e-09
938 1.110653e-09
939 8.243774e-10
940 6.228149e-10
941 4.761265e-10
942 3.647626e-10
943 2.772929e-10
944 2.072209e-10
945 1.510831e-10
946 1.068229e-10
947 0.000000e+00
948 0.000000e+00
949 0.000000e+00
950 4.238775e-08
951 3.719222e-08
952 3.146013e-08
953 2.572930e-08
954 2.048248e-08
955 1.597136e-08
956 1.219084e-08
957 9.023190e-09
958 6.448329e-09
959 4.545980e-09
960 3.216486e-09
961 2.261147e-09
962 1.611662e-09
963 1.170371e-09
964 8.673651e-10
965 6.545184e-10
966 5.002210e-10
967 3.834838e-10
968 2.919194e-10
969 2.186026e-10
970 1.597453e-10
971 1.132696e-10
972 0.000000e+00
973 0.000000e+00
974 0.000000e+00
975 4.472437e-08
976 3.937146e-08
977 3.338910e-08
978 2.736068e-08
979 2.181235e-08
980 1.703512e-08
981 1.303011e-08
982 9.663323e-09
983 6.909209e-09
984 4.867320e-09
985 3.443291e-09
986 2.416566e-09
987 1.719154e-09
988 1.245997e-09
989 9.218438e-10
990 6.946140e-10
991 5.307178e-10
992 4.071808e-10
993 3.104603e-10
994 2.330292e-10
995 1.707401e-10
996 1.214170e-10
997 0.000000e+00
998 0.000000e+00
999 0.000000e+00
1000 4.032616e-08
1001 3.541014e-08
1002 3.000849e-08
1003 2.460982e-08
1004 1.964065e-08
1005 1.533114e-08
1006 1.170408e-08
1007 8.685310e-09
1008 6.250334e-09
1009 4.422127e-09
1010 3.123733e-09
1011 2.203433e-09
1012 1.569604e-09
1013 1.137078e-09
1014 8.400109e-10
1015 6.314972e-10
1016 4.803881e-10
1017 3.667792e-10
1018 2.782422e-10
1019 2.078986e-10
1020 1.518279e-10
1021 1.078067e-10
1022 0.000000e+00
1023 0.000000e+00
1024 0.000000e+00
1025 4.376353e-08
1026 3.869162e-08
1027 3.299741e-08
1028 2.720537e-08
1029 2.180061e-08
1030 1.707519e-08
1031 1.309071e-08
1032 9.765838e-09
1033 7.054045e-09
1034 4.987175e-09
1035 3.520407e-09
1036 2.479029e-09
1037 1.758335e-09
1038 1.266855e-09
1039 9.315789e-10
1040 6.972557e-10
1041 5.292087e-10
1042 4.039552e-10
1043 3.070827e-10
1044 2.303508e-10
1045 1.691741e-10
1046 1.209157e-10
1047 0.000000e+00
1048 0.000000e+00
1049 0.000000e+00
1050 4.659491e-08
1051 4.138972e-08
1052 3.545822e-08
1053 2.933992e-08
1054 2.357340e-08
1055 1.850635e-08
1056 1.422899e-08
1057 1.065359e-08
1058 7.714740e-09
1059 5.451148e-09
1060 3.845253e-09
1061 2.704689e-09
1062 1.913079e-09
1063 1.373271e-09
1064 1.006709e-09
1065 7.513429e-10
1066 5.693680e-10
1067 4.345089e-10
1068 3.307564e-10
1069 2.488170e-10
1070 1.834317e-10
1071 1.317047e-10
1072 0.000000e+00
1073 0.000000e+00
1074 0.000000e+00
1075 4.909364e-08
1076 4.377276e-08
1077 3.762618e-08
1078 3.121922e-08
1079 2.513651e-08
1080 1.977049e-08
1081 1.523404e-08
1082 1.143693e-08
1083 8.297290e-09
1084 5.861107e-09
1085 4.132811e-09
1086 2.903751e-09
1087 2.049664e-09
1088 1.467459e-09
1089 1.073163e-09
1090 7.991154e-10
1091 6.047756e-10
1092 4.615040e-10
1093 3.516914e-10
1094 2.651245e-10
1095 1.960537e-10
1096 1.412196e-10
1097 0.000000e+00
1098 0.000000e+00
1099 0.000000e+00
1100 5.224508e-08
1101 4.678387e-08
1102 4.036676e-08
1103 3.360077e-08
1104 2.711306e-08
1105 2.136424e-08
1106 1.650242e-08
1107 1.242513e-08
1108 9.033313e-09
1109 6.378430e-09
1110 4.495094e-09
1111 3.155396e-09
1112 2.222300e-09
1113 1.586133e-09
1114 1.157053e-09
1115 8.592910e-10
1116 6.494082e-10
1117 4.955293e-10
1118 3.780509e-10
1119 2.856841e-10
1120 2.118928e-10
1121 1.532257e-10
1122 0.000000e+00
1123 0.000000e+00
1124 0.000000e+00
1125 4.836720e-08
1126 4.319869e-08
1127 3.721809e-08
1128 3.097964e-08
1129 2.502021e-08
1130 1.971917e-08
1131 1.521123e-08
1132 1.144097e-08
1133 8.338380e-09
1134 5.920069e-09
1135 4.172305e-09
1136 2.935676e-09
1137 2.070140e-09
1138 1.479964e-09
1139 1.078310e-09
1140 8.002615e-10
1141 6.031971e-10
1142 4.586980e-10
1143 3.486345e-10
1144 2.623311e-10
1145 1.938900e-10
1146 1.398324e-10
1147 0.000000e+00
1148 0.000000e+00
1149 0.000000e+00
1150 5.205308e-08
1151 4.678693e-08
1152 4.057106e-08
1153 3.395802e-08
1154 2.754795e-08
1155 2.178542e-08
1156 1.686739e-08
1157 1.274594e-08
1158 9.336011e-09
1159 6.638756e-09
1160 4.672577e-09
1161 3.286761e-09
1162 2.309389e-09
1163 1.643321e-09
1164 1.191297e-09
1165 8.798718e-10
1166 6.608267e-10
1167 5.015579e-10
1168 3.812993e-10
1169 2.876398e-10
1170 2.134699e-10
1171 1.548363e-10
1172 0.000000e+00
1173 0.000000e+00
1174 0.000000e+00
1175 5.529227e-08
1176 4.994471e-08
1177 4.351208e-08
1178 3.657426e-08
1179 2.976830e-08
1180 2.360263e-08
1181 1.832024e-08
1182 1.389320e-08
1183 1.021059e-08
1184 7.269272e-09
1185 5.111806e-09
1186 3.594250e-09
1187 2.518881e-09
1188 1.786839e-09
1189 1.290557e-09
1190 9.497400e-10
1191 7.113655e-10
1192 5.392176e-10
1193 4.100392e-10
1194 3.098651e-10
1195 2.306960e-10
1196 1.680119e-10
1197 0.000000e+00
1198 0.000000e+00
1199 0.000000e+00
1200 5.938764e-08
1201 5.393695e-08
1202 4.723367e-08
1203 3.988295e-08
1204 3.257245e-08
1205 2.589505e-08
1206 2.015570e-08
1207 1.534053e-08
1208 1.131611e-08
1209 8.065441e-09
1210 5.665924e-09
1211 3.982955e-09
1212 2.783654e-09
1213 1.967915e-09
1214 1.415975e-09
1215 1.037964e-09
1216 7.752113e-10
1217 5.867670e-10
1218 4.462867e-10
1219 3.379471e-10
1220 2.524393e-10
1221 1.846512e-10
1222 0.000000e+00
1223 0.000000e+00
1224 0.000000e+00
1225 5.678981e-08
1226 5.150422e-08
1227 4.507863e-08
1228 3.806942e-08
1229 3.112388e-08
1230 2.476476e-08
1231 1.927713e-08
1232 1.466261e-08
1233 1.082718e-08
1234 7.749067e-09
1235 5.455589e-09
1236 3.832745e-09
1237 2.685406e-09
1238 1.898914e-09
1239 1.364959e-09
1240 9.999933e-10
1241 7.453468e-10
1242 5.627071e-10
1243 4.267748e-10
1244 3.221835e-10
1245 2.400398e-10
1246 1.752191e-10
1247 0.000000e+00
1248 0.000000e+00
1249 0.000000e+00
1250 6.087766e-08
1251 5.555966e-08
1252 4.893858e-08
1253 4.157917e-08
1254 3.416180e-08
1255 2.729097e-08
1256 2.131475e-08
1257 1.628073e-08
1258 1.208395e-08
1259 8.679558e-09
1260 6.108474e-09
1261 4.287935e-09
1262 2.998350e-09
1263 2.111999e-09
1264 1.509969e-09
1265 1.100411e-09
1266 8.163906e-10
1267 6.144221e-10
1268 4.654051e-10
1269 3.516915e-10
1270 2.627810e-10
1271 1.926930e-10
1272 0.000000e+00
1273 0.000000e+00
1274 0.000000e+00
1275 6.603471e-08
1276 6.067641e-08
1277 5.380326e-08
1278 4.600066e-08
1279 3.799245e-08
1280 3.046898e-08
1281 2.387931e-08
1282 1.831746e-08
1283 1.366572e-08
1284 9.849723e-09
1285 6.928399e-09
1286 4.860295e-09
1287 3.392168e-09
1288 2.379679e-09
1289 1.692119e-09
1290 1.226813e-09
1291 9.057122e-10
1292 6.794260e-10
1293 5.140150e-10
1294 3.888360e-10
1295 2.913986e-10
1296 2.147178e-10
1297 0.000000e+00
1298 0.000000e+00
1299 0.000000e+00
1300 6.602503e-08
1301 6.076137e-08
1302 5.399580e-08
1303 4.628190e-08
1304 3.833379e-08
1305 3.082592e-08
1306 2.420149e-08
1307 1.858991e-08
1308 1.389944e-08
1309 1.005911e-08
1310 7.098710e-09
1311 4.976240e-09
1312 3.476934e-09
1313 2.435668e-09
1314 1.728614e-09
1315 1.249442e-09
1316 9.194590e-10
1317 6.873473e-10
1318 5.184767e-10
1319 3.913188e-10
1320 2.929376e-10
1321 2.157433e-10
1322 0.000000e+00
1323 0.000000e+00
1324 0.000000e+00
1325 7.244385e-08
1326 6.723607e-08
1327 6.027723e-08
1328 5.211098e-08
1329 4.349202e-08
1330 3.518352e-08
1331 2.775628e-08
1332 2.143010e-08
1333 1.613101e-08
1334 1.175052e-08
1335 8.308000e-09
1336 5.816293e-09
1337 4.060948e-09
1338 2.830581e-09
1339 1.995590e-09
1340 1.431531e-09
1341 1.045629e-09
1342 7.769152e-10
1343 5.838568e-10
1344 4.403684e-10
1345 3.301912e-10
1346 2.443220e-10
1347 0.000000e+00
1348 0.000000e+00
1349 0.000000e+00
1350 8.103726e-08
1351 7.609879e-08
1352 6.908339e-08
1353 6.051859e-08
1354 5.114543e-08
1355 4.182644e-08
1356 3.328066e-08
1357 2.588997e-08
1358 1.967185e-08
1359 1.450022e-08
1360 1.034431e-08
1361 7.243372e-09
1362 5.051456e-09
1363 3.505711e-09
1364 2.449643e-09
1365 1.735368e-09
1366 1.251750e-09
1367 9.186476e-10
1368 6.837927e-10
1369 5.127687e-10
1370 3.839087e-10
1371 2.848667e-10
1372 0.000000e+00
1373 0.000000e+00
1374 0.000000e+00
1375 5.380578e-07
1376 4.700022e-07
1377 3.904547e-07
1378 3.199243e-07
1379 2.634592e-07
1380 2.076905e-07
1381 1.525546e-07
1382 1.082487e-07
1383 7.707525e-08
1384 5.296633e-08
1385 3.640901e-08
1386 0.000000e+00
1387 0.000000e+00
1388 0.000000e+00
1389 0.000000e+00
1390 0.000000e+00
1391 0.000000e+00
1392 0.000000e+00
1393 0.000000e+00
1394 0.000000e+00
1395 0.000000e+00
1396 0.000000e+00
1397 0.000000e+00
1398 0.000000e+00
1399 0.000000e+00
1400 6.841116e-07
1401 6.000471e-07
1402 4.997349e-07
1403 4.092574e-07
1404 3.367673e-07
1405 2.668160e-07
1406 1.970070e-07
1407 1.395933e-07
1408 9.960072e-08
1409 6.847978e-08
1410 4.706692e-08
1411 0.000000e+00
1412 0.000000e+00
1413 0.000000e+00
1414 0.000000e+00
1415 0.000000e+00
1416 0.000000e+00
1417 0.000000e+00
1418 0.000000e+00
1419 0.000000e+00
1420 0.000000e+00
1421 0.000000e+00
1422 0.000000e+00
1423 0.000000e+00
1424 0.000000e+00
1425 7.831041e-07
1426 6.881882e-07
1427 5.738025e-07
1428 4.698050e-07
1429 3.864539e-07
1430 3.068898e-07
1431 2.271342e-07
1432 1.608379e-07
1433 1.148672e-07
1434 7.899391e-08
1435 5.429017e-08
1436 0.000000e+00
1437 0.000000e+00
1438 0.000000e+00
1439 0.000000e+00
1440 0.000000e+00
1441 0.000000e+00
1442 0.000000e+00
1443 0.000000e+00
1444 0.000000e+00
1445 0.000000e+00
1446 0.000000e+00
1447 0.000000e+00
1448 0.000000e+00
1449 0.000000e+00
1450 8.580320e-07
1451 7.549027e-07
1452 6.298646e-07
1453 5.156339e-07
1454 4.240610e-07
1455 3.372216e-07
1456 2.499406e-07
1457 1.769171e-07
1458 1.264220e-07
1459 8.695239e-08
1460 5.975784e-08
1461 0.000000e+00
1462 0.000000e+00
1463 0.000000e+00
1464 0.000000e+00
1465 0.000000e+00
1466 0.000000e+00
1467 0.000000e+00
1468 0.000000e+00
1469 0.000000e+00
1470 0.000000e+00
1471 0.000000e+00
1472 0.000000e+00
1473 0.000000e+00
1474 0.000000e+00
1475 9.187907e-07
1476 8.089993e-07
1477 6.753237e-07
1478 5.527951e-07
1479 4.545560e-07
1480 3.618168e-07
1481 2.684338e-07
1482 1.899559e-07
1483 1.357929e-07
1484 9.340570e-08
1485 6.419125e-08
1486 0.000000e+00
1487 0.000000e+00
1488 0.000000e+00
1489 0.000000e+00
1490 0.000000e+00
1491 0.000000e+00
1492 0.000000e+00
1493 0.000000e+00
1494 0.000000e+00
1495 0.000000e+00
1496 0.000000e+00
1497 0.000000e+00
1498 0.000000e+00
1499 0.000000e+00
1500 9.688986e-07
1501 8.536144e-07
1502 7.128150e-07
1503 5.834396e-07
1504 4.797062e-07
1505 3.821013e-07
1506 2.836843e-07
1507 2.007092e-07
1508 1.435207e-07
1509 9.872791e-08
1510 6.784766e-08
1511 0.000000e+00
1512 0.000000e+00
1513 0.000000e+00
1514 0.000000e+00
1515 0.000000e+00
1516 0.000000e+00
1517 0.000000e+00
1518 0.000000e+00
1519 0.000000e+00
1520 0.000000e+00
1521 0.000000e+00
1522 0.000000e+00
1523 0.000000e+00
1524 0.000000e+00
1525 1.013048e-06
1526 8.929244e-07
1527 7.458425e-07
1528 6.104430e-07
1529 5.018659e-07
1530 3.999737e-07
1531 2.971215e-07
1532 2.101840e-07
1533 1.503297e-07
1534 1.034162e-07
1535 7.106932e-08
1536 0.000000e+00
1537 0.000000e+00
1538 0.000000e+00
1539 0.000000e+00
1540 0.000000e+00
1541 0.000000e+00
1542 0.000000e+00
1543 0.000000e+00
1544 0.000000e+00
1545 0.000000e+00
1546 0.000000e+00
1547 0.000000e+00
1548 0.000000e+00
1549 0.000000e+00
1550 1.068785e-06
1551 9.425436e-07
1552 7.875372e-07
1553 6.445267e-07
1554 5.298361e-07
1555 4.225318e-07
1556 3.140775e-07
1557 2.221432e-07
1558 1.589220e-07
1559 1.093349e-07
1560 7.513555e-08
1561 0.000000e+00
1562 0.000000e+00
1563 0.000000e+00
1564 0.000000e+00
1565 0.000000e+00
1566 0.000000e+00
1567 0.000000e+00
1568 0.000000e+00
1569 0.000000e+00
1570 0.000000e+00
1571 0.000000e+00
1572 0.000000e+00
1573 0.000000e+00
1574 0.000000e+00
1575 2.372057e-07
1576 2.337933e-07
1577 2.156043e-07
1578 1.850690e-07
1579 1.510793e-07
1580 1.231214e-07
1581 1.025641e-07
1582 7.980460e-08
1583 5.517452e-08
1584 4.020988e-08
1585 2.768273e-08
1586 1.883863e-08
1587 1.271532e-08
1588 0.000000e+00
1589 0.000000e+00
1590 0.000000e+00
1591 0.000000e+00
1592 0.000000e+00
1593 0.000000e+00
1594 0.000000e+00
1595 0.000000e+00
1596 0.000000e+00
1597 0.000000e+00
1598 0.000000e+00
1599 0.000000e+00
1600 3.429823e-07
1601 3.385272e-07
1602 3.129015e-07
1603 2.692310e-07
1604 2.200231e-07
1605 1.791230e-07
1606 1.491285e-07
1607 1.166590e-07
1608 8.084714e-08
1609 5.876851e-08
1610 4.052544e-08
1611 2.762410e-08
1612 1.860828e-08
1613 0.000000e+00
1614 0.000000e+00
1615 0.000000e+00
1616 0.000000e+00
1617 0.000000e+00
1618 0.000000e+00
1619 0.000000e+00
1620 0.000000e+00
1621 0.000000e+00
1622 0.000000e+00
1623 0.000000e+00
1624 0.000000e+00
1625 4.229550e-07
1626 4.177138e-07
1627 3.864563e-07
1628 3.328626e-07
1629 2.721436e-07
1630 2.214676e-07
1631 1.843379e-07
1632 1.445188e-07
1633 1.002523e-07
1634 7.279762e-08
1635 5.023337e-08
1636 3.426446e-08
1637 2.306305e-08
1638 0.000000e+00
1639 0.000000e+00
1640 0.000000e+00
1641 0.000000e+00
1642 0.000000e+00
1643 0.000000e+00
1644 0.000000e+00
1645 0.000000e+00
1646 0.000000e+00
1647 0.000000e+00
1648 0.000000e+00
1649 0.000000e+00
1650 4.878214e-07
1651 4.819295e-07
1652 4.461170e-07
1653 3.844792e-07
1654 3.144160e-07
1655 2.558076e-07
1656 2.128916e-07
1657 1.671155e-07
1658 1.159933e-07
1659 8.417651e-08
1660 5.810685e-08
1661 3.965039e-08
1662 2.667605e-08
1663 0.000000e+00
1664 0.000000e+00
1665 0.000000e+00
1666 0.000000e+00
1667 0.000000e+00
1668 0.000000e+00
1669 0.000000e+00
1670 0.000000e+00
1671 0.000000e+00
1672 0.000000e+00
1673 0.000000e+00
1674 0.000000e+00
1675 5.413267e-07
1676 5.349041e-07
1677 4.953415e-07
1678 4.270448e-07
1679 3.492846e-07
1680 2.841330e-07
1681 2.364442e-07
1682 1.857544e-07
1683 1.289759e-07
1684 9.356238e-08
1685 6.460126e-08
1686 4.409299e-08
1687 2.965620e-08
1688 0.000000e+00
1689 0.000000e+00
1690 0.000000e+00
1691 0.000000e+00
1692 0.000000e+00
1693 0.000000e+00
1694 0.000000e+00
1695 0.000000e+00
1696 0.000000e+00
1697 0.000000e+00
1698 0.000000e+00
1699 0.000000e+00
1700 5.884498e-07
1701 5.815596e-07
1702 5.386837e-07
1703 4.645363e-07
1704 3.799898e-07
1705 3.090814e-07
1706 2.571843e-07
1707 2.021698e-07
1708 1.404099e-07
1709 1.018285e-07
1710 7.032095e-08
1711 4.800560e-08
1712 3.228086e-08
1713 0.000000e+00
1714 0.000000e+00
1715 0.000000e+00
1716 0.000000e+00
1717 0.000000e+00
1718 0.000000e+00
1719 0.000000e+00
1720 0.000000e+00
1721 0.000000e+00
1722 0.000000e+00
1723 0.000000e+00
1724 0.000000e+00
1725 6.478983e-07
1726 6.404188e-07
1727 5.933612e-07
1728 5.118357e-07
1729 4.187322e-07
1730 3.405541e-07
1731 2.833577e-07
1732 2.228801e-07
1733 1.548355e-07
1734 1.122590e-07
1735 7.753713e-08
1736 5.294266e-08
1737 3.559223e-08
1738 0.000000e+00
1739 0.000000e+00
1740 0.000000e+00
1741 0.000000e+00
1742 0.000000e+00
1743 0.000000e+00
1744 0.000000e+00
1745 0.000000e+00
1746 0.000000e+00
1747 0.000000e+00
1748 0.000000e+00
1749 0.000000e+00
1750 1.246029e-07
1751 1.297895e-07
1752 1.280759e-07
1753 1.180908e-07
1754 1.012263e-07
1755 8.244860e-08
1756 6.708038e-08
1757 5.594811e-08
1758 4.347294e-08
1759 2.957819e-08
1760 2.179356e-08
1761 1.476780e-08
1762 9.978401e-09
1763 6.675278e-09
1764 0.000000e+00
1765 0.000000e+00
1766 0.000000e+00
1767 0.000000e+00
1768 0.000000e+00
1769 0.000000e+00
1770 0.000000e+00
1771 0.000000e+00
1772 0.000000e+00
1773 0.000000e+00
1774 0.000000e+00
1775 2.021529e-07
1776 2.105487e-07
1777 2.079947e-07
1778 1.921743e-07
1779 1.650710e-07
1780 1.345689e-07
1781 1.093711e-07
1782 9.117108e-08
1783 7.121994e-08
1784 4.857485e-08
1785 3.569148e-08
1786 2.421058e-08
1787 1.639603e-08
1788 1.094440e-08
1789 0.000000e+00
1790 0.000000e+00
1791 0.000000e+00
1792 0.000000e+00
1793 0.000000e+00
1794 0.000000e+00
1795 0.000000e+00
1796 0.000000e+00
1797 0.000000e+00
1798 0.000000e+00
1799 0.000000e+00
1800 2.644421e-07
1801 2.754030e-07
1802 2.721824e-07
1803 2.516673e-07
1804 2.163272e-07
1805 1.763922e-07
1806 1.433217e-07
1807 1.194495e-07
1808 9.348002e-08
1809 6.380736e-08
1810 4.684215e-08
1811 3.178365e-08
1812 2.154168e-08
1813 1.436852e-08
1814 0.000000e+00
1815 0.000000e+00
1816 0.000000e+00
1817 0.000000e+00
1818 0.000000e+00
1819 0.000000e+00
1820 0.000000e+00
1821 0.000000e+00
1822 0.000000e+00
1823 0.000000e+00
1824 0.000000e+00
1825 3.158063e-07
1826 3.288808e-07
1827 3.251028e-07
1828 3.007130e-07
1829 2.585836e-07
1830 2.108814e-07
1831 1.713118e-07
1832 1.427653e-07
1833 1.118350e-07
1834 7.636631e-08
1835 5.603982e-08
1836 3.802863e-08
1837 2.578521e-08
1838 1.719214e-08
1839 0.000000e+00
1840 0.000000e+00
1841 0.000000e+00
1842 0.000000e+00
1843 0.000000e+00
1844 0.000000e+00
1845 0.000000e+00
1846 0.000000e+00
1847 0.000000e+00
1848 0.000000e+00
1849 0.000000e+00
1850 3.610633e-07
1851 3.760002e-07
1852 3.717280e-07
1853 3.439303e-07
1854 2.958176e-07
1855 2.412698e-07
1856 1.959748e-07
1857 1.633089e-07
1858 1.280037e-07
1859 8.743346e-08
1860 6.414026e-08
1861 4.353109e-08
1862 2.952419e-08
1863 1.968002e-08
1864 0.000000e+00
1865 0.000000e+00
1866 0.000000e+00
1867 0.000000e+00
1868 0.000000e+00
1869 0.000000e+00
1870 0.000000e+00
1871 0.000000e+00
1872 0.000000e+00
1873 0.000000e+00
1874 0.000000e+00
1875 4.181936e-07
1876 4.354380e-07
1877 4.305789e-07
1878 3.984762e-07
1879 3.427908e-07
1880 2.796241e-07
1881 2.271028e-07
1882 1.892375e-07
1883 1.484152e-07
1884 1.013940e-07
1885 7.436602e-08
1886 5.047081e-08
1887 3.424331e-08
1888 2.281775e-08
1889 0.000000e+00
1890 0.000000e+00
1891 0.000000e+00
1892 0.000000e+00
1893 0.000000e+00
1894 0.000000e+00
1895 0.000000e+00
1896 0.000000e+00
1897 0.000000e+00
1898 0.000000e+00
1899 0.000000e+00
1900 1.332588e-07
1901 1.431422e-07
1902 1.471513e-07
1903 1.428844e-07
1904 1.293653e-07
1905 1.091277e-07
1906 8.832682e-08
1907 7.230294e-08
1908 6.024122e-08
1909 4.496731e-08
1910 3.043588e-08
1911 2.220098e-08
1912 1.502281e-08
1913 9.901623e-09
1914 6.616191e-09
1915 0.000000e+00
1916 0.000000e+00
1917 0.000000e+00
1918 0.000000e+00
1919 0.000000e+00
1920 0.000000e+00
1921 0.000000e+00
1922 0.000000e+00
1923 0.000000e+00
1924 0.000000e+00
1925 1.815039e-07
1926 1.948798e-07
1927 2.003525e-07
1928 1.946220e-07
1929 1.762888e-07
1930 1.487939e-07
1931 1.204471e-07
1932 9.854835e-08
1933 8.211910e-08
1934 6.140552e-08
1935 4.153964e-08
1936 3.033497e-08
1937 2.051113e-08
1938 1.352761e-08
1939 9.035241e-09
1940 0.000000e+00
1941 0.000000e+00
1942 0.000000e+00
1943 0.000000e+00
1944 0.000000e+00
1945 0.000000e+00
1946 0.000000e+00
1947 0.000000e+00
1948 0.000000e+00
1949 0.000000e+00
1950 2.240097e-07
1951 2.404557e-07
1952 2.472100e-07
1953 2.401875e-07
1954 2.176211e-07
1955 1.837278e-07
1956 1.487354e-07
1957 1.216731e-07
1958 1.013869e-07
1959 7.588808e-08
1960 5.132110e-08
1961 3.750128e-08
1962 2.534625e-08
1963 1.672234e-08
1964 1.116658e-08
1965 0.000000e+00
1966 0.000000e+00
1967 0.000000e+00
1968 0.000000e+00
1969 0.000000e+00
1970 0.000000e+00
1971 0.000000e+00
1972 0.000000e+00
1973 0.000000e+00
1974 0.000000e+00
1975 2.776372e-07
1976 2.979582e-07
1977 3.063354e-07
1978 2.976837e-07
1979 2.697721e-07
1980 2.278095e-07
1981 1.844368e-07
1982 1.508399e-07
1983 1.257039e-07
1984 9.415896e-08
1985 6.366471e-08
1986 4.654110e-08
1987 3.144614e-08
1988 2.075229e-08
1989 1.385544e-08
1990 0.000000e+00
1991 0.000000e+00
1992 0.000000e+00
1993 0.000000e+00
1994 0.000000e+00
1995 0.000000e+00
1996 0.000000e+00
1997 0.000000e+00
1998 0.000000e+00
1999 0.000000e+00
2000 9.444524e-08
2001 1.035468e-07
2002 1.092824e-07
2003 1.099943e-07
2004 1.040756e-07
2005 9.131962e-08
2006 7.518553e-08
2007 6.073755e-08
2008 5.038219e-08
2009 4.095283e-08
2010 2.853299e-08
2011 2.029970e-08
2012 1.385709e-08
2013 9.448354e-09
2014 6.129537e-09
2015 0.000000e+00
2016 0.000000e+00
2017 0.000000e+00
2018 0.000000e+00
2019 0.000000e+00
2020 0.000000e+00
2021 0.000000e+00
2022 0.000000e+00
2023 0.000000e+00
2024 0.000000e+00
2025 1.339686e-07
2026 1.467784e-07
2027 1.548678e-07
2028 1.558779e-07
2029 1.475430e-07
2030 1.295458e-07
2031 1.066953e-07
2032 8.618043e-08
2033 7.146306e-08
2034 5.814898e-08
2035 4.056628e-08
2036 2.881137e-08
2037 1.969470e-08
2038 1.343017e-08
2039 8.708962e-09
2040 0.000000e+00
2041 0.000000e+00
2042 0.000000e+00
2043 0.000000e+00
2044 0.000000e+00
2045 0.000000e+00
2046 0.000000e+00
2047 0.000000e+00
2048 0.000000e+00
2049 0.000000e+00
2050 1.838376e-07
2051 2.013207e-07
2052 2.123808e-07
2053 2.137620e-07
2054 2.023843e-07
2055 1.777758e-07
2056 1.464503e-07
2057 1.182810e-07
2058 9.806025e-08
2059 7.984525e-08
2060 5.574707e-08
2061 3.955103e-08
2062 2.705971e-08
2063 1.845407e-08
2064 1.196356e-08
2065 0.000000e+00
2066 0.000000e+00
2067 0.000000e+00
2068 0.000000e+00
2069 0.000000e+00
2070 0.000000e+00
2071 0.000000e+00
2072 0.000000e+00
2073 0.000000e+00
2074 0.000000e+00
2075 7.275938e-08
2076 8.101335e-08
2077 8.732830e-08
2078 9.020915e-08
2079 8.801096e-08
2080 8.005266e-08
2081 6.786407e-08
2082 5.495510e-08
2083 4.485161e-08
2084 3.739113e-08
2085 2.825101e-08
2086 1.889974e-08
2087 1.386192e-08
2088 9.251666e-09
2089 6.048805e-09
2090 3.977864e-09
2091 0.000000e+00
2092 0.000000e+00
2093 0.000000e+00
2094 0.000000e+00
2095 0.000000e+00
2096 0.000000e+00
2097 0.000000e+00
2098 0.000000e+00
2099 0.000000e+00
2100 1.188028e-07
2101 1.321073e-07
2102 1.423113e-07
2103 1.469987e-07
2104 1.434693e-07
2105 1.305526e-07
2106 1.107187e-07
2107 8.967353e-08
2108 7.315707e-08
2109 6.099058e-08
2110 4.614991e-08
2111 3.087247e-08
2112 2.266321e-08
2113 1.511453e-08
2114 9.889360e-09
2115 6.500666e-09
2116 0.000000e+00
2117 0.000000e+00
2118 0.000000e+00
2119 0.000000e+00
2120 0.000000e+00
2121 0.000000e+00
2122 0.000000e+00
2123 0.000000e+00
2124 0.000000e+00
2125 7.303100e-08
2126 8.232211e-08
2127 8.991762e-08
2128 9.454334e-08
2129 9.480638e-08
2130 8.923403e-08
2131 7.774850e-08
2132 6.375120e-08
2133 5.151337e-08
2134 4.282060e-08
2135 3.446589e-08
2136 2.370732e-08
2137 1.704913e-08
2138 1.141739e-08
2139 7.702239e-09
2140 4.947047e-09
2141 0.000000e+00
2142 0.000000e+00
2143 0.000000e+00
2144 0.000000e+00
2145 0.000000e+00
2146 0.000000e+00
2147 0.000000e+00
2148 0.000000e+00
2149 0.000000e+00
2150 3.895720e-08
2151 4.438823e-08
2152 4.919095e-08
2153 5.264869e-08
2154 5.378901e-08
2155 5.182708e-08
2156 4.657918e-08
2157 3.900110e-08
2158 3.147189e-08
2159 2.585237e-08
2160 2.150052e-08
2161 1.569224e-08
2162 1.061684e-08
2163 7.552731e-09
2164 5.075426e-09
2165 3.239475e-09
2166 2.108252e-09
2167 0.000000e+00
2168 0.000000e+00
2169 0.000000e+00
2170 0.000000e+00
2171 0.000000e+00
2172 0.000000e+00
2173 0.000000e+00
2174 0.000000e+00
2175 4.248944e-05
2176 3.738121e-05
2177 3.116757e-05
2178 2.548820e-05
2179 2.098088e-05
2180 1.673159e-05
2181 1.237287e-05
2182 8.752705e-06
2183 6.267118e-06
2184 4.305709e-06
2185 2.956302e-06
2186 0.000000e+00
2187 0.000000e+00
2188 0.000000e+00
2189 0.000000e+00
2190 0.000000e+00
2191 0.000000e+00
2192 0.000000e+00
2193 0.000000e+00
2194 0.000000e+00
2195 0.000000e+00
2196 0.000000e+00
2197 0.000000e+00
2198 0.000000e+00
2199 0.000000e+00
2200 2.506159e-05
2201 2.475848e-05
2202 2.293281e-05
2203 1.977569e-05
2204 1.616627e-05
2205 1.314201e-05
2206 1.094306e-05
2207 8.619184e-06
2208 5.964184e-06
2209 4.343687e-06
2210 2.990601e-06
2211 2.043636e-06
2212 1.373802e-06
2213 0.000000e+00
2214 0.000000e+00
2215 0.000000e+00
2216 0.000000e+00
2217 0.000000e+00
2218 0.000000e+00
2219 0.000000e+00
2220 0.000000e+00
2221 0.000000e+00
2222 0.000000e+00
2223 0.000000e+00
2224 0.000000e+00
2225 1.649822e-05
2226 1.716278e-05
2227 1.696463e-05
2228 1.569523e-05
2229 1.349691e-05
2230 1.100683e-05
2231 8.935961e-06
2232 7.449147e-06
2233 5.844660e-06
2234 3.985847e-06
2235 2.933130e-06
2236 1.985881e-06
2237 1.348036e-06
2238 8.983542e-07
2239 0.000000e+00
2240 0.000000e+00
2241 0.000000e+00
2242 0.000000e+00
2243 0.000000e+00
2244 0.000000e+00
2245 0.000000e+00
2246 0.000000e+00
2247 0.000000e+00
2248 0.000000e+00
2249 0.000000e+00
2250 1.127241e-05
2251 1.208148e-05
2252 1.241271e-05
2253 1.205557e-05
2254 1.092378e-05
2255 9.226933e-06
2256 7.467626e-06
2257 6.106387e-06
2258 5.090030e-06
2259 3.816850e-06
2260 2.574459e-06
2261 1.885927e-06
2262 1.273797e-06
2263 8.402518e-07
2264 5.612357e-07
2265 0.000000e+00
2266 0.000000e+00
2267 0.000000e+00
2268 0.000000e+00
2269 0.000000e+00
2270 0.000000e+00
2271 0.000000e+00
2272 0.000000e+00
2273 0.000000e+00
2274 0.000000e+00
2275 7.993670e-06
2276 8.736582e-06
2277 9.204984e-06
2278 9.260093e-06
2279 8.770208e-06
2280 7.705503e-06
2281 6.346091e-06
2282 5.124765e-06
2283 4.248096e-06
2284 3.464190e-06
2285 2.417839e-06
2286 1.713969e-06
2287 1.172788e-06
2288 8.006673e-07
2289 5.186707e-07
2290 0.000000e+00
2291 0.000000e+00
2292 0.000000e+00
2293 0.000000e+00
2294 0.000000e+00
2295 0.000000e+00
2296 0.000000e+00
2297 0.000000e+00
2298 0.000000e+00
2299 0.000000e+00
2300 5.837060e-06
2301 6.473574e-06
2302 6.963672e-06
2303 7.190292e-06
2304 7.015781e-06
2305 6.384387e-06
2306 5.415965e-06
2307 4.386455e-06
2308 3.577351e-06
2309 2.982638e-06
2310 2.259828e-06
2311 1.509508e-06
2312 1.110228e-06
2313 7.399417e-07
2314 4.842997e-07
2315 3.183470e-07
2316 0.000000e+00
2317 0.000000e+00
2318 0.000000e+00
2319 0.000000e+00
2320 0.000000e+00
2321 0.000000e+00
2322 0.000000e+00
2323 0.000000e+00
2324 0.000000e+00
2325 4.347380e-06
2326 4.883903e-06
2327 5.323659e-06
2328 5.591279e-06
2329 5.604601e-06
2330 5.278272e-06
2331 4.600160e-06
2332 3.772184e-06
2333 3.047489e-06
2334 2.532605e-06
2335 2.041328e-06
2336 1.405130e-06
2337 1.009116e-06
2338 6.761737e-07
2339 4.565328e-07
2340 2.930650e-07
2341 0.000000e+00
2342 0.000000e+00
2343 0.000000e+00
2344 0.000000e+00
2345 0.000000e+00
2346 0.000000e+00
2347 0.000000e+00
2348 0.000000e+00
2349 0.000000e+00
2350 2.957250e-06
2351 3.351277e-06
2352 3.702127e-06
2353 3.956705e-06
2354 4.039843e-06
2355 3.892176e-06
2356 3.499355e-06
2357 2.932307e-06
2358 2.365729e-06
2359 1.942260e-06
2360 1.615607e-06
2361 1.182648e-06
2362 7.983969e-07
2363 5.692564e-07
2364 3.822307e-07
2365 2.440378e-07
2366 1.588409e-07
2367 0.000000e+00
2368 0.000000e+00
2369 0.000000e+00
2370 0.000000e+00
2371 0.000000e+00
2372 0.000000e+00
2373 0.000000e+00
2374 0.000000e+00
2375 1.656301e-06
2376 1.896878e-06
2377 2.118193e-06
2378 2.293851e-06
2379 2.392444e-06
2380 2.371594e-06
2381 2.193425e-06
2382 1.882965e-06
2383 1.533973e-06
2384 1.242825e-06
2385 1.036498e-06
2386 8.096566e-07
2387 5.455689e-07
2388 4.013141e-07
2389 2.638094e-07
2390 1.739298e-07
2391 1.116096e-07
2392 0.000000e+00
2393 0.000000e+00
2394 0.000000e+00
2395 0.000000e+00
2396 0.000000e+00
2397 0.000000e+00
2398 0.000000e+00
2399 0.000000e+00
2400 7.061238e-07
2401 8.153084e-07
2402 9.214279e-07
2403 1.013228e-06
2404 1.073991e-06
2405 1.086984e-06
2406 1.037553e-06
2407 9.210391e-07
2408 7.625487e-07
2409 6.150776e-07
2410 5.079572e-07
2411 4.188736e-07
2412 2.963884e-07
2413 2.054635e-07
2414 1.417376e-07
2415 9.537321e-08
2416 6.018192e-08
2417 3.859133e-08
2418 0.000000e+00
2419 0.000000e+00
2420 0.000000e+00
2421 0.000000e+00
2422 0.000000e+00
2423 0.000000e+00
2424 0.000000e+00
2425 0.000000e+00
2426 0.000000e+00
2427 0.000000e+00
2428 0.000000e+00
2429 0.000000e+00
2430 0.000000e+00
2431 0.000000e+00
2432 2.654422e-07
2433 1.900497e-07
2434 1.307751e-07
2435 8.986587e-08
2436 0.000000e+00
2437 0.000000e+00
2438 0.000000e+00
2439 0.000000e+00
2440 0.000000e+00
2441 0.000000e+00
2442 0.000000e+00
2443 0.000000e+00
2444 0.000000e+00
2445 0.000000e+00
2446 0.000000e+00
2447 0.000000e+00
2448 0.000000e+00
2449 0.000000e+00
2450 0.000000e+00
2451 0.000000e+00
2452 0.000000e+00
2453 0.000000e+00
2454 0.000000e+00
2455 0.000000e+00
2456 0.000000e+00
2457 2.979505e-07
2458 2.071289e-07
2459 1.500695e-07
2460 1.037001e-07
2461 7.084045e-08
2462 4.759860e-08
2463 0.000000e+00
2464 0.000000e+00
2465 0.000000e+00
2466 0.000000e+00
2467 0.000000e+00
2468 0.000000e+00
2469 0.000000e+00
2470 0.000000e+00
2471 0.000000e+00
2472 0.000000e+00
2473 0.000000e+00
2474 0.000000e+00
2475 0.000000e+00
2476 0.000000e+00
2477 0.000000e+00
2478 0.000000e+00
2479 0.000000e+00
2480 0.000000e+00
2481 0.000000e+00
2482 2.831394e-07
2483 2.223547e-07
2484 1.519911e-07
2485 1.114027e-07
2486 7.562790e-08
2487 5.133977e-08
2488 3.419254e-08
2489 0.000000e+00
2490 0.000000e+00
2491 0.000000e+00
2492 0.000000e+00
2493 0.000000e+00
2494 0.000000e+00
2495 0.000000e+00
2496 0.000000e+00
2497 0.000000e+00
2498 0.000000e+00
2499 0.000000e+00
2500 0.000000e+00
2501 0.000000e+00
2502 0.000000e+00
2503 0.000000e+00
2504 0.000000e+00
2505 0.000000e+00
2506 0.000000e+00
2507 2.565783e-07
2508 2.138289e-07
2509 1.603809e-07
2510 1.083975e-07
2511 7.931119e-08
2512 5.355509e-08
2513 3.536142e-08
2514 2.360155e-08
2515 0.000000e+00
2516 0.000000e+00
2517 0.000000e+00
2518 0.000000e+00
2519 0.000000e+00
2520 0.000000e+00
2521 0.000000e+00
2522 0.000000e+00
2523 0.000000e+00
2524 0.000000e+00
2525 0.000000e+00
2526 0.000000e+00
2527 0.000000e+00
2528 0.000000e+00
2529 0.000000e+00
2530 0.000000e+00
2531 0.000000e+00
2532 2.346066e-07
2533 1.944421e-07
2534 1.584753e-07
2535 1.107712e-07
2536 7.846963e-08
2537 5.375485e-08
2538 3.666210e-08
2539 2.375851e-08
2540 0.000000e+00
2541 0.000000e+00
2542 0.000000e+00
2543 0.000000e+00
2544 0.000000e+00
2545 0.000000e+00
2546 0.000000e+00
2547 0.000000e+00
2548 0.000000e+00
2549 0.000000e+00
2550 0.000000e+00
2551 0.000000e+00
2552 0.000000e+00
2553 0.000000e+00
2554 0.000000e+00
2555 0.000000e+00
2556 0.000000e+00
2557 2.155659e-07
2558 1.757950e-07
2559 1.465659e-07
2560 1.110497e-07
2561 7.428452e-08
2562 5.457583e-08
2563 3.637283e-08
2564 2.381489e-08
2565 1.564816e-08
2566 0.000000e+00
2567 0.000000e+00
2568 0.000000e+00
2569 0.000000e+00
2570 0.000000e+00
2571 0.000000e+00
2572 0.000000e+00
2573 0.000000e+00
2574 0.000000e+00
2575 0.000000e+00
2576 0.000000e+00
2577 0.000000e+00
2578 0.000000e+00
2579 0.000000e+00
2580 0.000000e+00
2581 0.000000e+00
2582 1.975357e-07
2583 1.595874e-07
2584 1.326090e-07
2585 1.069063e-07
2586 7.361317e-08
2587 5.284063e-08
2588 3.543672e-08
2589 2.391842e-08
2590 1.535265e-08
2591 0.000000e+00
2592 0.000000e+00
2593 0.000000e+00
2594 0.000000e+00
2595 0.000000e+00
2596 0.000000e+00
2597 0.000000e+00
2598 0.000000e+00
2599 0.000000e+00
2600 0.000000e+00
2601 0.000000e+00
2602 0.000000e+00
2603 0.000000e+00
2604 0.000000e+00
2605 0.000000e+00
2606 0.000000e+00
2607 1.785489e-07
2608 1.440831e-07
2609 1.182709e-07
2610 9.837795e-08
2611 7.206179e-08
2612 4.864194e-08
2613 3.471565e-08
2614 2.329740e-08
2615 1.488467e-08
2616 9.685801e-09
2617 0.000000e+00
2618 0.000000e+00
2619 0.000000e+00
2620 0.000000e+00
2621 0.000000e+00
2622 0.000000e+00
2623 0.000000e+00
2624 0.000000e+00
2625 0.000000e+00
2626 0.000000e+00
2627 0.000000e+00
2628 0.000000e+00
2629 0.000000e+00
2630 0.000000e+00
2631 0.000000e+00
2632 1.536510e-07
2633 1.251994e-07
2634 1.014387e-07
2635 8.457933e-08
2636 6.612890e-08
2637 4.459556e-08
2638 3.275815e-08
2639 2.155313e-08
2640 1.421834e-08
2641 9.120006e-09
2642 0.000000e+00
2643 0.000000e+00
2644 0.000000e+00
2645 0.000000e+00
2646 0.000000e+00
2647 0.000000e+00
2648 0.000000e+00
2649 0.000000e+00
2650 0.000000e+00
2651 0.000000e+00
2652 0.000000e+00
2653 0.000000e+00
2654 0.000000e+00
2655 0.000000e+00
2656 0.000000e+00
2657 1.212819e-07
2658 1.008251e-07
2659 8.139303e-08
2660 6.705880e-08
2661 5.540601e-08
2662 3.968426e-08
2663 2.729997e-08
2664 1.903642e-08
2665 1.276684e-08
2666 8.080518e-09
2667 5.183171e-09
2668 0.000000e+00
2669 0.000000e+00
2670 0.000000e+00
2671 0.000000e+00
2672 0.000000e+00
2673 0.000000e+00
2674 0.000000e+00
2675 0.000000e+00
2676 0.000000e+00
2677 0.000000e+00
2678 0.000000e+00
2679 0.000000e+00
2680 0.000000e+00
2681 0.000000e+00
2682 5.107140e-10
2683 3.807889e-10
2684 2.921719e-10
2685 2.299512e-10
2686 1.818874e-10
2687 1.435686e-10
2688 1.113556e-10
2689 8.390375e-11
2690 6.083319e-11
2691 4.214270e-11
2692 2.778635e-11
2693 1.744764e-11
2694 1.048331e-11
2695 6.077143e-12
2696 0.000000e+00
2697 0.000000e+00
2698 0.000000e+00
2699 0.000000e+00
2700 0.000000e+00
2701 0.000000e+00
2702 0.000000e+00
2703 0.000000e+00
2704 0.000000e+00
2705 0.000000e+00
2706 0.000000e+00
2707 2.599015e-09
2708 1.848163e-09
2709 1.313647e-09
2710 9.558646e-10
2711 7.146502e-10
2712 5.448570e-10
2713 4.227197e-10
2714 3.301123e-10
2715 2.562454e-10
2716 1.954079e-10
2717 1.449079e-10
2718 1.037123e-10
2719 7.134259e-11
2720 4.715810e-11
2721 0.000000e+00
2722 0.000000e+00
2723 0.000000e+00
2724 0.000000e+00
2725 0.000000e+00
2726 0.000000e+00
2727 0.000000e+00
2728 0.000000e+00
2729 0.000000e+00
2730 0.000000e+00
2731 0.000000e+00
2732 5.230039e-09
2733 3.703673e-09
2734 2.625540e-09
2735 1.856017e-09
2736 1.334249e-09
2737 9.842952e-10
2738 7.405816e-10
2739 5.681318e-10
2740 4.403550e-10
2741 3.410085e-10
2742 2.607959e-10
2743 1.949801e-10
2744 1.413446e-10
2745 9.880232e-11
2746 0.000000e+00
2747 0.000000e+00
2748 0.000000e+00
2749 0.000000e+00
2750 0.000000e+00
2751 0.000000e+00
2752 0.000000e+00
2753 0.000000e+00
2754 0.000000e+00
2755 0.000000e+00
2756 0.000000e+00
2757 8.403281e-09
2758 5.920844e-09
2759 4.196813e-09
2760 2.949200e-09
2761 2.086597e-09
2762 1.497092e-09
2763 1.101180e-09
2764 8.261040e-10
2765 6.312827e-10
2766 4.870579e-10
2767 3.753859e-10
2768 2.857881e-10
2769 2.128334e-10
2770 1.538546e-10
2771 0.000000e+00
2772 0.000000e+00
2773 0.000000e+00
2774 0.000000e+00
2775 0.000000e+00
2776 0.000000e+00
2777 0.000000e+00
2778 0.000000e+00
2779 0.000000e+00
2780 0.000000e+00
2781 0.000000e+00
2782 1.198661e-08
2783 8.578597e-09
2784 6.031744e-09
2785 4.266322e-09
2786 2.979831e-09
2787 2.108788e-09
2788 1.519401e-09
2789 1.117890e-09
2790 8.397465e-10
2791 6.411238e-10
2792 4.928655e-10
2793 3.775812e-10
2794 2.852538e-10
2795 2.106081e-10
2796 0.000000e+00
2797 0.000000e+00
2798 0.000000e+00
2799 0.000000e+00
2800 0.000000e+00
2801 0.000000e+00
2802 0.000000e+00
2803 0.000000e+00
2804 0.000000e+00
2805 0.000000e+00
2806 0.000000e+00
2807 1.601249e-08
2808 1.169872e-08
2809 8.252623e-09
2810 5.809221e-09
2811 4.067222e-09
2812 2.847471e-09
2813 2.016403e-09
2814 1.459969e-09
2815 1.077635e-09
2816 8.114092e-10
2817 6.188737e-10
2818 4.737549e-10
2819 3.602071e-10
2820 2.694282e-10
2821 0.000000e+00
2822 0.000000e+00
2823 0.000000e+00
2824 0.000000e+00
2825 0.000000e+00
2826 0.000000e+00
2827 0.000000e+00
2828 0.000000e+00
2829 0.000000e+00
2830 0.000000e+00
2831 0.000000e+00
2832 2.058982e-08
2833 1.532205e-08
2834 1.095187e-08
2835 7.675994e-09
2836 5.392732e-09
2837 3.743457e-09
2838 2.624496e-09
2839 1.869428e-09
2840 1.357790e-09
2841 1.006498e-09
2842 7.591078e-10
2843 5.778522e-10
2844 4.397471e-10
2845 3.312486e-10
2846 0.000000e+00
2847 0.000000e+00
2848 0.000000e+00
2849 0.000000e+00
2850 0.000000e+00
2851 0.000000e+00
2852 0.000000e+00
2853 0.000000e+00
2854 0.000000e+00
2855 0.000000e+00
2856 0.000000e+00
2857 2.570141e-08
2858 1.940047e-08
2859 1.409356e-08
2860 9.904316e-09
2861 6.937792e-09
2862 4.819894e-09
2863 3.350165e-09
2864 2.352334e-09
2865 1.685277e-09
2866 1.229758e-09
2867 9.150922e-10
2868 6.903251e-10
2869 5.234577e-10
2870 3.952463e-10
2871 0.000000e+00
2872 0.000000e+00
2873 0.000000e+00
2874 0.000000e+00
2875 0.000000e+00
2876 0.000000e+00
2877 0.000000e+00
2878 0.000000e+00
2879 0.000000e+00
2880 0.000000e+00
2881 0.000000e+00
2882 3.169611e-08
2883 2.419612e-08
2884 1.786172e-08
2885 1.267694e-08
2886 8.850507e-09
2887 6.169572e-09
2888 4.255577e-09
2889 2.958603e-09
2890 2.089006e-09
2891 1.501324e-09
2892 1.100466e-09
2893 8.202923e-10
2894 6.173593e-10
2895 4.652442e-10
2896 0.000000e+00
2897 0.000000e+00
2898 0.000000e+00
2899 0.000000e+00
2900 0.000000e+00
2901 0.000000e+00
2902 0.000000e+00
2903 0.000000e+00
2904 0.000000e+00
2905 0.000000e+00
2906 0.000000e+00
2907 4.244229e-08
2908 3.282008e-08
2909 2.471951e-08
2910 1.793521e-08
2911 1.258446e-08
2912 8.755310e-09
2913 6.038731e-09
2914 4.150348e-09
2915 2.873531e-09
2916 2.022803e-09
2917 1.447516e-09
2918 1.055348e-09
2919 7.811003e-10
2920 5.823069e-10
2921 0.000000e+00
2922 0.000000e+00
2923 0.000000e+00
2924 0.000000e+00
2925 0.000000e+00
2926 0.000000e+00
2927 0.000000e+00
2928 0.000000e+00
2929 0.000000e+00
2930 0.000000e+00
2931 0.000000e+00
2932 1.356039e-07
2933 1.108780e-07
2934 8.806770e-08
2935 6.840571e-08
2936 5.190885e-08
2937 3.804040e-08
2938 2.666829e-08
2939 1.829944e-08
2940 1.246086e-08
2941 8.314407e-09
2942 5.521973e-09
2943 3.686951e-09
2944 2.475185e-09
2945 1.680451e-09
2946 0.000000e+00
2947 0.000000e+00
2948 0.000000e+00
2949 0.000000e+00
