0 1.804255e-09
1 1.348335e-09
2 9.851545e-10
3 7.116302e-10
4 5.147906e-10
5 3.744378e-10
6 2.755468e-10
7 2.065222e-10
8 1.572657e-10
9 1.210087e-10
10 9.334799e-11
11 7.150552e-11
12 5.389193e-11
13 3.966373e-11
14 2.835286e-11
15 1.963085e-11
16 1.316095e-11
17 8.559455e-12
18 5.415394e-12
19 3.342530e-12
20 2.016645e-12
21 1.190838e-12
22 6.887184e-13
23 3.904445e-13
24 2.172267e-13
25 2.981057e-09
26 2.263792e-09
27 1.672985e-09
28 1.205608e-09
29 8.613882e-10
30 6.202457e-10
31 4.500440e-10
32 3.317210e-10
33 2.498809e-10
34 1.916160e-10
35 1.484013e-10
36 1.150615e-10
37 8.835305e-11
38 6.652662e-11
39 4.872524e-11
40 3.452056e-11
41 2.359672e-11
42 1.556567e-11
43 9.937871e-12
44 6.166701e-12
45 3.733777e-12
46 2.212125e-12
47 1.283929e-12
48 7.302551e-13
49 4.071518e-13
50 3.159702e-09
51 2.395008e-09
52 1.766771e-09
53 1.266036e-09
54 8.954476e-10
55 6.403845e-10
56 4.641831e-10
57 3.414994e-10
58 2.577192e-10
59 1.985659e-10
60 1.547286e-10
61 1.207061e-10
62 9.322420e-11
63 7.051404e-11
64 5.176903e-11
65 3.666058e-11
66 2.495582e-11
67 1.632957e-11
68 1.029942e-11
69 6.294924e-12
70 3.748015e-12
71 2.183302e-12
72 1.246508e-12
73 6.975549e-13
74 3.824791e-13
75 3.259637e-09
76 2.467767e-09
77 1.818197e-09
78 1.298709e-09
79 9.134267e-10
80 6.504957e-10
81 4.709781e-10
82 3.462739e-10
83 2.615532e-10
84 2.021011e-10
85 1.580381e-10
86 1.237403e-10
87 9.588988e-11
88 7.271253e-11
89 5.345525e-11
90 3.784567e-11
91 2.570473e-11
92 1.674014e-11
93 1.048340e-11
94 6.348133e-12
95 3.739514e-12
96 2.153808e-12
97 1.215469e-12
98 6.721489e-13
99 3.639964e-13
100 3.331807e-09
101 2.520664e-09
102 1.855653e-09
103 1.322867e-09
104 9.270521e-10
105 6.583751e-10
106 4.763538e-10
107 3.500226e-10
108 2.645503e-10
109 2.047759e-10
110 1.605126e-10
111 1.259596e-10
112 9.781560e-11
113 7.430023e-11
114 5.467410e-11
115 3.870766e-11
116 2.625381e-11
117 1.704890e-11
118 1.062872e-11
119 6.398671e-12
120 3.743285e-12
121 2.139664e-12
122 1.198180e-12
123 6.572942e-13
124 3.528163e-13
125 3.387860e-09
126 2.561561e-09
127 1.885083e-09
128 1.341827e-09
129 9.378367e-10
130 6.647070e-10
131 4.806366e-10
132 3.530184e-10
133 2.669242e-10
134 2.068931e-10
135 1.624470e-10
136 1.276943e-10
137 9.932627e-11
138 7.553783e-11
139 5.562377e-11
140 3.937575e-11
141 2.668132e-11
142 1.728895e-11
143 1.074365e-11
144 6.438797e-12
145 3.747080e-12
146 2.129544e-12
147 1.185315e-12
148 6.460985e-13
149 3.444057e-13
150 3.434337e-09
151 2.595907e-09
152 1.909224e-09
153 1.357335e-09
154 9.467274e-10
155 6.697542e-10
156 4.840616e-10
157 3.554600e-10
158 2.688660e-10
159 2.086308e-10
160 1.640492e-10
161 1.291273e-10
162 1.005712e-10
163 7.655884e-11
164 5.640850e-11
165 3.992989e-11
166 2.703451e-11
167 1.748845e-11
168 1.083793e-11
169 6.471956e-12
170 3.750007e-12
171 2.121198e-12
172 1.174725e-12
173 6.368439e-13
174 3.374139e-13
175 3.475816e-09
176 2.625952e-09
177 1.930825e-09
178 1.371399e-09
179 9.546215e-10
180 6.743369e-10
181 4.872934e-10
182 3.576876e-10
183 2.706162e-10
184 2.101898e-10
185 1.654725e-10
186 1.304117e-10
187 1.016890e-10
188 7.747376e-11
189 5.710752e-11
190 4.042383e-11
191 2.735057e-11
192 1.766633e-11
193 1.092225e-11
194 6.501850e-12
195 3.752905e-12
196 2.113856e-12
197 1.165292e-12
198 6.286740e-13
199 3.312382e-13
200 3.515728e-09
201 2.655292e-09
202 1.951667e-09
203 1.384667e-09
204 9.622030e-10
205 6.788484e-10
206 4.902719e-10
207 3.598112e-10
208 2.723212e-10
209 2.116976e-10
210 1.668472e-10
211 1.316488e-10
212 1.027607e-10
213 7.835905e-11
214 5.778682e-11
215 4.090281e-11
216 2.765583e-11
217 1.783872e-11
218 1.100488e-11
219 6.530667e-12
220 3.755874e-12
221 2.106661e-12
222 1.156182e-12
223 6.206557e-13
224 3.252087e-13
225 3.564366e-09
226 2.690868e-09
227 1.976937e-09
228 1.400941e-09
229 9.713764e-10
230 6.841899e-10
231 4.939271e-10
232 3.623961e-10
233 2.743552e-10
234 2.135163e-10
235 1.685114e-10
236 1.331522e-10
237 1.040637e-10
238 7.943409e-11
239 5.860952e-11
240 4.148400e-11
241 2.802660e-11
242 1.804652e-11
243 1.110279e-11
244 6.565185e-12
245 3.758513e-12
246 2.097551e-12
247 1.144792e-12
248 6.108415e-13
249 3.178547e-13
250 7.382685e-09
251 5.812626e-09
252 4.480117e-09
253 3.362480e-09
254 2.449710e-09
255 1.755530e-09
256 1.257737e-09
257 9.018146e-10
258 6.539520e-10
259 4.830805e-10
260 3.641743e-10
261 2.789156e-10
262 2.155923e-10
263 1.665313e-10
264 1.271300e-10
265 9.503856e-11
266 6.906824e-11
267 4.856437e-11
268 3.297632e-11
269 2.164948e-11
270 1.377685e-11
271 8.529939e-12
272 5.154206e-12
273 3.046748e-12
274 1.763954e-12
275 9.046452e-09
276 7.168524e-09
277 5.566626e-09
278 4.219691e-09
279 3.101739e-09
280 2.224245e-09
281 1.588933e-09
282 1.137267e-09
283 8.182853e-10
284 5.993351e-10
285 4.483053e-10
286 3.415008e-10
287 2.634603e-10
288 2.039717e-10
289 1.567362e-10
290 1.183321e-10
291 8.703869e-11
292 6.200929e-11
293 4.265458e-11
294 2.832553e-11
295 1.820011e-11
296 1.135622e-11
297 6.906587e-12
298 4.105864e-12
299 2.390130e-12
300 9.883943e-09
301 7.840738e-09
302 6.099129e-09
303 4.636397e-09
304 3.414847e-09
305 2.444940e-09
306 1.741246e-09
307 1.245312e-09
308 8.934987e-10
309 6.526850e-10
310 4.872903e-10
311 3.710401e-10
312 2.864537e-10
313 2.222312e-10
314 1.713393e-10
315 1.298737e-10
316 9.592238e-11
317 6.858050e-11
318 4.730285e-11
319 3.145964e-11
320 2.022146e-11
321 1.261018e-11
322 7.660440e-12
323 4.548148e-12
324 2.644419e-12
325 1.045957e-08
326 8.301527e-09
327 6.462694e-09
328 4.920285e-09
329 3.627866e-09
330 2.594525e-09
331 1.843862e-09
332 1.317753e-09
333 9.440083e-10
334 6.883845e-10
335 5.135146e-10
336 3.910110e-10
337 3.020444e-10
338 2.346813e-10
339 1.812986e-10
340 1.377608e-10
341 1.020003e-10
342 7.307613e-11
343 5.047296e-11
344 3.358901e-11
345 2.158427e-11
346 1.344813e-11
347 8.159649e-12
348 4.838376e-12
349 2.809619e-12
350 1.090824e-08
351 8.660719e-09
352 6.747027e-09
353 5.142211e-09
354 3.794202e-09
355 2.711511e-09
356 1.924414e-09
357 1.374594e-09
358 9.836418e-10
359 7.164257e-10
360 5.340758e-10
361 4.066437e-10
362 3.142428e-10
363 2.444106e-10
364 1.890881e-10
365 1.439209e-10
366 1.067366e-10
367 7.658629e-11
368 5.295357e-11
369 3.525424e-11
370 2.265264e-11
371 1.410729e-11
372 8.553052e-12
373 5.067410e-12
374 2.940468e-12
375 1.127863e-08
376 8.957743e-09
377 6.981808e-09
378 5.325691e-09
379 3.932008e-09
380 2.808545e-09
381 1.991101e-09
382 1.421729e-09
383 1.016500e-09
384 7.396705e-10
385 5.511757e-10
386 4.195536e-10
387 3.244039e-10
388 2.524941e-10
389 1.955647e-10
390 1.490347e-10
391 1.106504e-10
392 7.949868e-11
393 5.499711e-11
394 3.663226e-11
395 2.353897e-11
396 1.465700e-11
397 8.879754e-12
398 5.257712e-12
399 3.049131e-12
400 1.160947e-08
401 9.223191e-09
402 7.191772e-09
403 5.489515e-09
404 4.055015e-09
405 2.894987e-09
406 2.050551e-09
407 1.463702e-09
408 1.045816e-09
409 7.603869e-10
410 5.662912e-10
411 4.311158e-10
412 3.333434e-10
413 2.595897e-10
414 2.012517e-10
415 1.535586e-10
416 1.141466e-10
417 8.207268e-11
418 5.682737e-11
419 3.786392e-11
420 2.432876e-11
421 1.514125e-11
422 9.171062e-12
423 5.427719e-12
424 3.146279e-12
425 1.193117e-08
426 9.480028e-09
427 7.394910e-09
428 5.648556e-09
429 4.174109e-09
430 2.978982e-09
431 2.108257e-09
432 1.504484e-09
433 1.074213e-09
434 7.805127e-10
435 5.810415e-10
436 4.423108e-10
437 3.420921e-10
438 2.665911e-10
439 2.068560e-10
440 1.579733e-10
441 1.175391e-10
442 8.457905e-11
443 5.860118e-11
444 3.905703e-11
445 2.509508e-11
446 1.561390e-11
447 9.453448e-12
448 5.592543e-12
449 3.240453e-12
450 1.232150e-08
451 9.793547e-09
452 7.642738e-09
453 5.841977e-09
454 4.319428e-09
455 3.080994e-09
456 2.178458e-09
457 1.554163e-09
458 1.108851e-09
459 8.050330e-10
460 5.989898e-10
461 4.559362e-10
462 3.527248e-10
463 2.750733e-10
464 2.136417e-10
465 1.633335e-10
466 1.216717e-10
467 8.763907e-11
468 6.076582e-11
469 4.050990e-11
470 2.602768e-11
471 1.618935e-11
472 9.797478e-12
473 5.792909e-12
474 3.354997e-12
475 1.242600e-08
476 1.000576e-08
477 7.877531e-09
478 6.073747e-09
479 4.563871e-09
480 3.327711e-09
481 2.378740e-09
482 1.699235e-09
483 1.213828e-09
484 8.755416e-10
485 6.424510e-10
486 4.813981e-10
487 3.667991e-10
488 2.825576e-10
489 2.179479e-10
490 1.666028e-10
491 1.249949e-10
492 9.133442e-11
493 6.463409e-11
494 4.419650e-11
495 2.920078e-11
496 1.868193e-11
497 1.161129e-11
498 7.034189e-12
499 4.165431e-12
500 1.440428e-08
501 1.167717e-08
502 9.242203e-09
503 7.167117e-09
504 5.427283e-09
505 3.986249e-09
506 2.854043e-09
507 2.034597e-09
508 1.451731e-09
509 1.040959e-09
510 7.586298e-10
511 5.647812e-10
512 4.281039e-10
513 3.290031e-10
514 2.539774e-10
515 1.949332e-10
516 1.472738e-10
517 1.085907e-10
518 7.764315e-11
519 5.365311e-11
520 3.579831e-11
521 2.310602e-11
522 1.446833e-11
523 8.820766e-12
524 5.251128e-12
525 1.569861e-08
526 1.276273e-08
527 1.012085e-08
528 7.868155e-09
529 5.978817e-09
530 4.403410e-09
531 3.151982e-09
532 2.242898e-09
533 1.599604e-09
534 1.143368e-09
535 8.310878e-10
536 6.168345e-10
537 4.668499e-10
538 3.585093e-10
539 2.770766e-10
540 2.132369e-10
541 1.616802e-10
542 1.197325e-10
543 8.600707e-11
544 5.967787e-11
545 3.995906e-11
546 2.586084e-11
547 1.622237e-11
548 9.903691e-12
549 5.900311e-12
550 1.668795e-08
551 1.358940e-08
552 1.078980e-08
553 8.400734e-09
554 6.397395e-09
555 4.720031e-09
556 3.377456e-09
557 2.399897e-09
558 1.710846e-09
559 1.220476e-09
560 8.852031e-10
561 6.560104e-10
562 4.959709e-10
563 3.808767e-10
564 2.946170e-10
565 2.271207e-10
566 1.726527e-10
567 1.281980e-10
568 9.235492e-11
569 6.424864e-11
570 4.311130e-11
571 2.793557e-11
572 1.754189e-11
573 1.071328e-11
574 6.385611e-12
575 1.750951e-08
576 1.427564e-08
577 1.134558e-08
578 8.843200e-09
579 6.744683e-09
580 4.983322e-09
581 3.564727e-09
582 2.530689e-09
583 1.803458e-09
584 1.284883e-09
585 9.307462e-10
586 6.886842e-10
587 5.202750e-10
588 3.994013e-10
589 3.092029e-10
590 2.386769e-10
591 1.817725e-10
592 1.352676e-10
593 9.763764e-11
594 6.805393e-11
595 4.573014e-11
596 2.966750e-11
597 1.864056e-11
598 1.138856e-11
599 6.789640e-12
600 1.824412e-08
601 1.488757e-08
602 1.184118e-08
603 9.238367e-09
604 7.055176e-09
605 5.217627e-09
606 3.731998e-09
607 2.647312e-09
608 1.885977e-09
609 1.342116e-09
610 9.708931e-10
611 7.178042e-10
612 5.419727e-10
613 4.160419e-10
614 3.221766e-10
615 2.489924e-10
616 1.899132e-10
617 1.415542e-10
618 1.023504e-10
619 7.144789e-11
620 4.806731e-11
621 3.121099e-11
622 1.962290e-11
623 1.199281e-11
624 7.151132e-12
625 1.895251e-08
626 1.548246e-08
627 1.232232e-08
628 9.621427e-09
629 7.355257e-09
630 5.446435e-09
631 3.894803e-09
632 2.760891e-09
633 1.966214e-09
634 1.397778e-09
635 1.009953e-09
636 7.459963e-10
637 5.629585e-10
638 4.320546e-10
639 3.348310e-10
640 2.589575e-10
641 1.977709e-10
642 1.476503e-10
643 1.069172e-10
644 7.473990e-11
645 5.034114e-11
646 3.270798e-11
647 2.057288e-11
648 1.257514e-11
649 7.502452e-12
650 1.982058e-08
651 1.620817e-08
652 1.290931e-08
653 1.008799e-08
654 7.722964e-09
655 5.723485e-09
656 4.092150e-09
657 2.898582e-09
658 2.064376e-09
659 1.465801e-09
660 1.058002e-09
661 7.806020e-10
662 5.886654e-10
663 4.516869e-10
664 3.501412e-10
665 2.711650e-10
666 2.073933e-10
667 1.550883e-10
668 1.125025e-10
669 7.875594e-11
670 5.311233e-11
671 3.454275e-11
672 2.173548e-11
673 1.329206e-11
674 7.928929e-12
675 1.762683e-08
676 1.448693e-08
677 1.158697e-08
678 9.068111e-09
679 6.945914e-09
680 5.177305e-09
681 3.745650e-09
682 2.667976e-09
683 1.901520e-09
684 1.355655e-09
685 9.777481e-10
686 7.181829e-10
687 5.382795e-10
688 4.101616e-10
689 3.155169e-10
690 2.426990e-10
691 1.848363e-10
692 1.380424e-10
693 1.003491e-10
694 7.066515e-11
695 4.807926e-11
696 3.162175e-11
697 2.014594e-11
698 1.246752e-11
699 7.521310e-12
700 1.987608e-08
701 1.645247e-08
702 1.323147e-08
703 1.040295e-08
704 8.011639e-09
705 6.012772e-09
706 4.374292e-09
707 3.116382e-09
708 2.218229e-09
709 1.578085e-09
710 1.132389e-09
711 8.265092e-10
712 6.160246e-10
713 4.672703e-10
714 3.587498e-10
715 2.763491e-10
716 2.111373e-10
717 1.586514e-10
718 1.162555e-10
719 8.259475e-11
720 5.671615e-11
721 3.762958e-11
722 2.415856e-11
723 1.505562e-11
724 9.134351e-12
725 2.154487e-08
726 1.790239e-08
727 1.443822e-08
728 1.137814e-08
729 8.788491e-09
730 6.620060e-09
731 4.828225e-09
732 3.437611e-09
733 2.444364e-09
734 1.737305e-09
735 1.242566e-09
736 9.039922e-10
737 6.719539e-10
738 5.086019e-10
739 3.902047e-10
740 3.007414e-10
741 2.304477e-10
742 1.737817e-10
743 1.279181e-10
744 9.131663e-11
745 6.298946e-11
746 4.196599e-11
747 2.703483e-11
748 1.689195e-11
749 1.027319e-11
750 2.291858e-08
751 1.909309e-08
752 1.542841e-08
753 1.217701e-08
754 9.423953e-09
755 7.116685e-09
756 5.199348e-09
757 3.699756e-09
758 2.628450e-09
759 1.867082e-09
760 1.332569e-09
761 9.670514e-10
762 7.173547e-10
763 5.422154e-10
764 4.159093e-10
765 3.208115e-10
766 2.462599e-10
767 1.862148e-10
768 1.374872e-10
769 9.846527e-11
770 6.813135e-11
771 4.551162e-11
772 2.938446e-11
773 1.838485e-11
774 1.119312e-11
775 2.414286e-08
776 2.015592e-08
777 1.631083e-08
778 1.289121e-08
779 9.992118e-09
780 7.560029e-09
781 5.530463e-09
782 3.933758e-09
783 2.792856e-09
784 1.982842e-09
785 1.412837e-09
786 1.023728e-09
787 7.581935e-10
788 5.723913e-10
789 4.388462e-10
790 3.387320e-10
791 2.603755e-10
792 1.972741e-10
793 1.460343e-10
794 1.048589e-10
795 7.273691e-11
796 4.868300e-11
797 3.147933e-11
798 1.972124e-11
799 1.202041e-11
800 2.533116e-08
801 2.118694e-08
802 1.716794e-08
803 1.358155e-08
804 1.054149e-08
805 7.990376e-09
806 5.852130e-09
807 4.161170e-09
808 2.953349e-09
809 2.095268e-09
810 1.490359e-09
811 1.078138e-09
812 7.975307e-10
813 6.015210e-10
814 4.611166e-10
815 3.560747e-10
816 2.740707e-10
817 2.080666e-10
818 1.543036e-10
819 1.110429e-10
820 7.718820e-11
821 5.173662e-11
822 3.350708e-11
823 2.101774e-11
824 1.281873e-11
825 2.678044e-08
826 2.244592e-08
827 1.821334e-08
828 1.442485e-08
829 1.121393e-08
830 8.516187e-09
831 6.245240e-09
832 4.439147e-09
833 3.148292e-09
834 2.232766e-09
835 1.585620e-09
836 1.145062e-09
837 8.457961e-10
838 6.372420e-10
839 4.882439e-10
840 3.772625e-10
841 2.908007e-10
842 2.211791e-10
843 1.644279e-10
844 1.185996e-10
845 8.262785e-11
846 5.550422e-11
847 3.599054e-11
848 2.260183e-11
849 1.379657e-11
850 2.317489e-08
851 1.941935e-08
852 1.577512e-08
853 1.249920e-08
854 9.699802e-09
855 7.352656e-09
856 5.410878e-09
857 3.875670e-09
858 2.753051e-09
859 1.957324e-09
860 1.394982e-09
861 1.008729e-09
862 7.441240e-10
863 5.594261e-10
864 4.268324e-10
865 3.281182e-10
866 2.513489e-10
867 1.901912e-10
868 1.408598e-10
869 1.014316e-10
870 7.071312e-11
871 4.765060e-11
872 3.105138e-11
873 1.961587e-11
874 1.204557e-11
875 2.571263e-08
876 2.170203e-08
877 1.773653e-08
878 1.411905e-08
879 1.100380e-08
880 8.388047e-09
881 6.211512e-09
882 4.464257e-09
883 3.168040e-09
884 2.250612e-09
885 1.598548e-09
886 1.150174e-09
887 8.434049e-10
888 6.307571e-10
889 4.795061e-10
890 3.679849e-10
891 2.824092e-10
892 2.145074e-10
893 1.598167e-10
894 1.159453e-10
895 8.151026e-11
896 5.539121e-11
897 3.638826e-11
898 2.315209e-11
899 1.430995e-11
900 2.775975e-08
901 2.353631e-08
902 1.930439e-08
903 1.540878e-08
904 1.203949e-08
905 9.207974e-09
906 6.844510e-09
907 4.927302e-09
908 3.492793e-09
909 2.480305e-09
910 1.757938e-09
911 1.260808e-09
912 9.211370e-10
913 6.868963e-10
914 5.211200e-10
915 3.997780e-10
916 3.070848e-10
917 2.339344e-10
918 1.749626e-10
919 1.275302e-10
920 9.010609e-11
921 6.152848e-11
922 4.059915e-11
923 2.592242e-11
924 1.606668e-11
925 2.957349e-08
926 2.516075e-08
927 2.069196e-08
928 1.655050e-08
929 1.295533e-08
930 9.932970e-09
931 7.403040e-09
932 5.336637e-09
933 3.779675e-09
934 2.682741e-09
935 1.898430e-09
936 1.358452e-09
937 9.896639e-10
938 7.364504e-10
939 5.578365e-10
940 4.278101e-10
941 3.289975e-10
942 2.510850e-10
943 1.883914e-10
944 1.377606e-10
945 9.771694e-11
946 6.696040e-11
947 4.431649e-11
948 2.837429e-11
949 1.762071e-11
950 3.133864e-08
951 2.674257e-08
952 2.204354e-08
953 1.765948e-08
954 1.384589e-08
955 1.063958e-08
956 7.948144e-09
957 5.734411e-09
958 4.058457e-09
959 2.879768e-09
960 2.034780e-09
961 1.453166e-09
962 1.056384e-09
963 7.849291e-10
964 5.935379e-10
965 4.551179e-10
966 3.503059e-10
967 2.678729e-10
968 2.014404e-10
969 1.477874e-10
970 1.051237e-10
971 7.224058e-11
972 4.793182e-11
973 3.075067e-11
974 1.912939e-11
975 3.348583e-08
976 2.866541e-08
977 2.368669e-08
978 1.900910e-08
979 1.493067e-08
980 1.149804e-08
981 8.610757e-09
982 6.218893e-09
983 4.397780e-09
984 3.119667e-09
985 2.201327e-09
986 1.568632e-09
987 1.137608e-09
988 8.433051e-10
989 6.370813e-10
990 4.883333e-10
991 3.762207e-10
992 2.881908e-10
993 2.172883e-10
994 1.599363e-10
995 1.141277e-10
996 7.866944e-11
997 5.236103e-11
998 3.364695e-11
999 2.097070e-11
1000 2.921954e-08
1001 2.493899e-08
1002 2.058432e-08
1003 1.651644e-08
1004 1.295489e-08
1005 9.946893e-09
1006 7.437637e-09
1007 5.392048e-09
1008 3.830810e-09
1009 2.717094e-09
1010 1.925232e-09
1011 1.375614e-09
1012 9.993700e-10
1013 7.409501e-10
1014 5.590649e-10
1015 4.271231e-10
1016 3.275858e-10
1017 2.496184e-10
1018 1.872798e-10
1019 1.372271e-10
1020 9.763627e-11
1021 6.725336e-11
1022 4.478276e-11
1023 2.886292e-11
1024 1.804899e-11
1025 3.211367e-08
1026 2.761051e-08
1027 2.293661e-08
1028 1.849614e-08
1029 1.456708e-08
1030 1.123538e-08
1031 8.450231e-09
1032 6.158535e-09
1033 4.380319e-09
1034 3.103154e-09
1035 2.196646e-09
1036 1.562472e-09
1037 1.128691e-09
1038 8.323299e-10
1039 6.249645e-10
1040 4.760711e-10
1041 3.649222e-10
1042 2.786661e-10
1043 2.099493e-10
1044 1.547877e-10
1045 1.109667e-10
1046 7.704506e-11
1047 5.172706e-11
1048 3.359108e-11
1049 2.114692e-11
1050 3.464149e-08
1051 2.994287e-08
1052 2.498064e-08
1053 2.021236e-08
1054 1.596165e-08
1055 1.234852e-08
1056 9.324478e-09
1057 6.818765e-09
1058 4.851059e-09
1059 3.432746e-09
1060 2.428346e-09
1061 1.722104e-09
1062 1.239339e-09
1063 9.104632e-10
1064 6.816162e-10
1065 5.182771e-10
1066 3.972102e-10
1067 3.038075e-10
1068 2.296531e-10
1069 1.700054e-10
1070 1.225309e-10
1071 8.552838e-11
1072 5.771669e-11
1073 3.766151e-11
1074 2.380001e-11
1075 3.709363e-08
1076 3.219807e-08
1077 2.696321e-08
1078 2.187389e-08
1079 1.731178e-08
1080 1.342614e-08
1081 1.016996e-08
1082 7.456813e-09
1083 5.306124e-09
1084 3.751655e-09
1085 2.652010e-09
1086 1.876024e-09
1087 1.346173e-09
1088 9.863846e-10
1089 7.362716e-10
1090 5.591100e-10
1091 4.284803e-10
1092 3.281620e-10
1093 2.487221e-10
1094 1.848366e-10
1095 1.337330e-10
1096 9.374516e-11
1097 6.351198e-11
1098 4.158803e-11
1099 2.636617e-11
1100 4.008127e-08
1101 3.494788e-08
1102 2.937618e-08
1103 2.390096e-08
1104 1.895664e-08
1105 1.473940e-08
1106 1.119972e-08
1107 8.235924e-09
1108 5.861599e-09
1109 4.140772e-09
1110 2.924927e-09
1111 2.063848e-09
1112 1.476672e-09
1113 1.078754e-09
1114 8.030480e-10
1115 6.089099e-10
1116 4.666284e-10
1117 3.579296e-10
1118 2.719443e-10
1119 2.028663e-10
1120 1.473891e-10
1121 1.037489e-10
1122 7.058608e-11
1123 4.638595e-11
1124 2.949098e-11
1125 3.597577e-08
1126 3.125926e-08
1127 2.622657e-08
1128 2.132563e-08
1129 1.690553e-08
1130 1.311851e-08
1131 9.944047e-09
1132 7.315033e-09
1133 5.229879e-09
1134 3.699899e-09
1135 2.616965e-09
1136 1.852294e-09
1137 1.328224e-09
1138 9.707249e-10
1139 7.230815e-10
1140 5.472964e-10
1141 4.181872e-10
1142 3.194849e-10
1143 2.416886e-10
1144 1.794881e-10
1145 1.299244e-10
1146 9.128416e-11
1147 6.206714e-11
1148 4.082421e-11
1149 2.601338e-11
1150 3.940931e-08
1151 3.451156e-08
1152 2.916004e-08
1153 2.384871e-08
1154 1.899291e-08
1155 1.479923e-08
1156 1.127634e-08
1157 8.346224e-09
1158 5.989079e-09
1159 4.233274e-09
1160 2.992710e-09
1161 2.111439e-09
1162 1.506580e-09
1163 1.094303e-09
1164 8.106130e-10
1165 6.108584e-10
1166 4.656473e-10
1167 3.558094e-10
1168 2.699529e-10
1169 2.014275e-10
1170 1.468418e-10
1171 1.039546e-10
1172 7.127571e-11
1173 4.727351e-11
1174 3.035770e-11
1175 4.270735e-08
1176 3.761783e-08
1177 3.195857e-08
1178 2.625158e-08
1179 2.097274e-08
1180 1.639323e-08
1181 1.254025e-08
1182 9.322443e-09
1183 6.705713e-09
1184 4.735739e-09
1185 3.345528e-09
1186 2.355243e-09
1187 1.674668e-09
1188 1.210998e-09
1189 8.932537e-10
1190 6.710341e-10
1191 5.107471e-10
1192 3.904221e-10
1193 2.968994e-10
1194 2.224558e-10
1195 1.629611e-10
1196 1.160378e-10
1197 8.003675e-11
1198 5.339132e-11
1199 3.446593e-11
1200 4.671499e-08
1201 4.139877e-08
1202 3.536131e-08
1203 2.917293e-08
1204 2.338173e-08
1205 1.833190e-08
1206 1.407504e-08
1207 1.051004e-08
1208 7.576083e-09
1209 5.346375e-09
1210 3.775065e-09
1211 2.651372e-09
1212 1.878502e-09
1213 1.352727e-09
1214 9.938034e-10
1215 7.442212e-10
1216 5.656072e-10
1217 4.325990e-10
1218 3.296499e-10
1219 2.479942e-10
1220 1.825789e-10
1221 1.307304e-10
1222 9.069702e-11
1223 6.083172e-11
1224 3.945720e-11
1225 4.395032e-08
1226 3.889538e-08
1227 3.321046e-08
1228 2.741802e-08
1229 2.199329e-08
1230 1.724271e-08
1231 1.322836e-08
1232 9.879123e-09
1233 7.147806e-09
1234 5.059856e-09
1235 3.570682e-09
1236 2.514989e-09
1237 1.782810e-09
1238 1.283036e-09
1239 9.423004e-10
1240 7.043997e-10
1241 5.339370e-10
1242 4.070997e-10
1243 3.093258e-10
1244 2.319785e-10
1245 1.704521e-10
1246 1.219361e-10
1247 8.462247e-11
1248 5.686259e-11
1249 3.699801e-11
1250 4.835375e-08
1251 4.315107e-08
1252 3.714779e-08
1253 3.088489e-08
1254 2.491706e-08
1255 1.962347e-08
1256 1.512984e-08
1257 1.137234e-08
1258 8.277334e-09
1259 5.868394e-09
1260 4.135785e-09
1261 2.909190e-09
1262 2.052239e-09
1263 1.468311e-09
1264 1.070786e-09
1265 7.956443e-10
1266 6.004937e-10
1267 4.570127e-10
1268 3.476013e-10
1269 2.616797e-10
1270 1.933949e-10
1271 1.394053e-10
1272 9.759816e-11
1273 6.619156e-11
1274 4.346477e-11
1275 5.367731e-08
1276 4.828969e-08
1277 4.188899e-08
1278 3.506057e-08
1279 2.842850e-08
1280 2.247936e-08
1281 1.741063e-08
1282 1.316198e-08
1283 9.629359e-09
1284 6.832955e-09
1285 4.808888e-09
1286 3.379788e-09
1287 2.373674e-09
1288 1.688710e-09
1289 1.224233e-09
1290 9.047102e-10
1291 6.802310e-10
1292 5.170173e-10
1293 3.936588e-10
1294 2.974183e-10
1295 2.210403e-10
1296 1.604563e-10
1297 1.132185e-10
1298 7.741052e-11
1299 5.122709e-11
1300 5.423466e-08
1301 4.896285e-08
1302 4.265469e-08
1303 3.585904e-08
1304 2.920448e-08
1305 2.317371e-08
1306 1.798833e-08
1307 1.363910e-08
1308 1.003146e-08
1309 7.158266e-09
1310 5.038980e-09
1311 3.541865e-09
1312 2.485354e-09
1313 1.763359e-09
1314 1.272337e-09
1315 9.358409e-10
1316 7.001736e-10
1317 5.298843e-10
1318 4.023425e-10
1319 3.036076e-10
1320 2.257588e-10
1321 1.642728e-10
1322 1.163695e-10
1323 8.002149e-11
1324 5.332972e-11
1325 6.144006e-08
1326 5.608971e-08
1327 4.940976e-08
1328 4.198354e-08
1329 3.449222e-08
1330 2.755275e-08
1331 2.152070e-08
1332 1.644087e-08
1333 1.220149e-08
1334 8.758275e-09
1335 6.161767e-09
1336 4.326210e-09
1337 3.024177e-09
1338 2.130155e-09
1339 1.522466e-09
1340 1.109833e-09
1341 8.235186e-10
1342 6.199645e-10
1343 4.697939e-10
1344 3.552102e-10
1345 2.655347e-10
1346 1.947885e-10
1347 1.394396e-10
1348 9.702773e-11
1349 6.548473e-11
1350 7.196709e-08
1351 6.679160e-08
1352 5.988604e-08
1353 5.179533e-08
1354 4.325093e-08
1355 3.501666e-08
1356 2.764180e-08
1357 2.134642e-08
1358 1.607248e-08
1359 1.171884e-08
1360 8.299348e-09
1361 5.813477e-09
1362 4.058518e-09
1363 2.830459e-09
1364 1.994590e-09
1365 1.429854e-09
1366 1.043616e-09
1367 7.744873e-10
1368 5.814007e-10
1369 4.379903e-10
1370 3.281932e-10
1371 2.426445e-10
1372 1.759177e-10
1373 1.244897e-10
1374 8.571287e-11
1375 5.494754e-07
1376 4.422408e-07
1377 3.493742e-07
1378 2.685622e-07
1379 1.980858e-07
1380 1.415317e-07
1381 1.006084e-07
1382 7.108897e-08
1383 0.000000e+00
1384 0.000000e+00
1385 0.000000e+00
1386 0.000000e+00
1387 0.000000e+00
1388 0.000000e+00
1389 0.000000e+00
1390 0.000000e+00
1391 0.000000e+00
1392 0.000000e+00
1393 0.000000e+00
1394 0.000000e+00
1395 0.000000e+00
1396 0.000000e+00
1397 0.000000e+00
1398 0.000000e+00
1399 0.000000e+00
1400 7.644565e-07
1401 6.209075e-07
1402 4.945330e-07
1403 3.853059e-07
1404 2.895028e-07
1405 2.091455e-07
1406 1.487398e-07
1407 1.052951e-07
1408 0.000000e+00
1409 0.000000e+00
1410 0.000000e+00
1411 0.000000e+00
1412 0.000000e+00
1413 0.000000e+00
1414 0.000000e+00
1415 0.000000e+00
1416 0.000000e+00
1417 0.000000e+00
1418 0.000000e+00
1419 0.000000e+00
1420 0.000000e+00
1421 0.000000e+00
1422 0.000000e+00
1423 0.000000e+00
1424 0.000000e+00
1425 8.844824e-07
1426 7.209479e-07
1427 5.759906e-07
1428 4.507632e-07
1429 3.407058e-07
1430 2.472325e-07
1431 1.759889e-07
1432 1.246106e-07
1433 0.000000e+00
1434 0.000000e+00
1435 0.000000e+00
1436 0.000000e+00
1437 0.000000e+00
1438 0.000000e+00
1439 0.000000e+00
1440 0.000000e+00
1441 0.000000e+00
1442 0.000000e+00
1443 0.000000e+00
1444 0.000000e+00
1445 0.000000e+00
1446 0.000000e+00
1447 0.000000e+00
1448 0.000000e+00
1449 0.000000e+00
1450 9.670768e-07
1451 7.897499e-07
1452 6.319575e-07
1453 4.957142e-07
1454 3.758325e-07
1455 2.733115e-07
1456 1.946310e-07
1457 1.378393e-07
1458 0.000000e+00
1459 0.000000e+00
1460 0.000000e+00
1461 0.000000e+00
1462 0.000000e+00
1463 0.000000e+00
1464 0.000000e+00
1465 0.000000e+00
1466 0.000000e+00
1467 0.000000e+00
1468 0.000000e+00
1469 0.000000e+00
1470 0.000000e+00
1471 0.000000e+00
1472 0.000000e+00
1473 0.000000e+00
1474 0.000000e+00
1475 1.030731e-06
1476 8.427945e-07
1477 6.751044e-07
1478 5.303588e-07
1479 4.029019e-07
1480 2.934216e-07
1481 2.090037e-07
1482 1.480338e-07
1483 0.000000e+00
1484 0.000000e+00
1485 0.000000e+00
1486 0.000000e+00
1487 0.000000e+00
1488 0.000000e+00
1489 0.000000e+00
1490 0.000000e+00
1491 0.000000e+00
1492 0.000000e+00
1493 0.000000e+00
1494 0.000000e+00
1495 0.000000e+00
1496 0.000000e+00
1497 0.000000e+00
1498 0.000000e+00
1499 0.000000e+00
1500 1.083434e-06
1501 8.866466e-07
1502 7.108544e-07
1503 5.590546e-07
1504 4.253191e-07
1505 3.100637e-07
1506 2.208953e-07
1507 1.564667e-07
1508 0.000000e+00
1509 0.000000e+00
1510 0.000000e+00
1511 0.000000e+00
1512 0.000000e+00
1513 0.000000e+00
1514 0.000000e+00
1515 0.000000e+00
1516 0.000000e+00
1517 0.000000e+00
1518 0.000000e+00
1519 0.000000e+00
1520 0.000000e+00
1521 0.000000e+00
1522 0.000000e+00
1523 0.000000e+00
1524 0.000000e+00
1525 1.130371e-06
1526 9.258226e-07
1527 7.426612e-07
1528 5.846160e-07
1529 4.452947e-07
1530 3.248873e-07
1531 2.314958e-07
1532 1.639847e-07
1533 0.000000e+00
1534 0.000000e+00
1535 0.000000e+00
1536 0.000000e+00
1537 0.000000e+00
1538 0.000000e+00
1539 0.000000e+00
1540 0.000000e+00
1541 0.000000e+00
1542 0.000000e+00
1543 0.000000e+00
1544 0.000000e+00
1545 0.000000e+00
1546 0.000000e+00
1547 0.000000e+00
1548 0.000000e+00
1549 0.000000e+00
1550 1.175990e-06
1551 9.637727e-07
1552 7.735708e-07
1553 6.094216e-07
1554 4.646843e-07
1555 3.392835e-07
1556 2.417825e-07
1557 1.712828e-07
1558 0.000000e+00
1559 0.000000e+00
1560 0.000000e+00
1561 0.000000e+00
1562 0.000000e+00
1563 0.000000e+00
1564 0.000000e+00
1565 0.000000e+00
1566 0.000000e+00
1567 0.000000e+00
1568 0.000000e+00
1569 0.000000e+00
1570 0.000000e+00
1571 0.000000e+00
1572 0.000000e+00
1573 0.000000e+00
1574 0.000000e+00
1575 1.231460e-06
1576 1.009932e-06
1577 8.111768e-07
1578 6.396100e-07
1579 4.882792e-07
1580 3.568074e-07
1581 2.543037e-07
1582 1.801623e-07
1583 0.000000e+00
1584 0.000000e+00
1585 0.000000e+00
1586 0.000000e+00
1587 0.000000e+00
1588 0.000000e+00
1589 0.000000e+00
1590 0.000000e+00
1591 0.000000e+00
1592 0.000000e+00
1593 0.000000e+00
1594 0.000000e+00
1595 0.000000e+00
1596 0.000000e+00
1597 0.000000e+00
1598 0.000000e+00
1599 0.000000e+00
1600 2.823398e-07
1601 2.449677e-07
1602 2.025551e-07
1603 1.655914e-07
1604 1.361797e-07
1605 1.072399e-07
1606 7.732659e-08
1607 5.512872e-08
1608 3.902203e-08
1609 2.687044e-08
1610 1.841558e-08
1611 0.000000e+00
1612 0.000000e+00
1613 0.000000e+00
1614 0.000000e+00
1615 0.000000e+00
1616 0.000000e+00
1617 0.000000e+00
1618 0.000000e+00
1619 0.000000e+00
1620 0.000000e+00
1621 0.000000e+00
1622 0.000000e+00
1623 0.000000e+00
1624 0.000000e+00
1625 4.663644e-07
1626 4.105870e-07
1627 3.427865e-07
1628 2.802806e-07
1629 2.301235e-07
1630 1.838300e-07
1631 1.354503e-07
1632 9.626395e-08
1633 6.852463e-08
1634 4.734508e-08
1635 3.243856e-08
1636 0.000000e+00
1637 0.000000e+00
1638 0.000000e+00
1639 0.000000e+00
1640 0.000000e+00
1641 0.000000e+00
1642 0.000000e+00
1643 0.000000e+00
1644 0.000000e+00
1645 0.000000e+00
1646 0.000000e+00
1647 0.000000e+00
1648 0.000000e+00
1649 0.000000e+00
1650 5.931870e-07
1651 5.251343e-07
1652 4.401812e-07
1653 3.601697e-07
1654 2.955348e-07
1655 2.370967e-07
1656 1.760948e-07
1657 1.252432e-07
1658 8.920431e-08
1659 6.176931e-08
1660 4.232022e-08
1661 0.000000e+00
1662 0.000000e+00
1663 0.000000e+00
1664 0.000000e+00
1665 0.000000e+00
1666 0.000000e+00
1667 0.000000e+00
1668 0.000000e+00
1669 0.000000e+00
1670 0.000000e+00
1671 0.000000e+00
1672 0.000000e+00
1673 0.000000e+00
1674 0.000000e+00
1675 6.888720e-07
1676 6.114722e-07
1677 5.135288e-07
1678 4.203154e-07
1679 3.447978e-07
1680 2.771800e-07
1681 2.066264e-07
1682 1.470081e-07
1683 1.047483e-07
1684 7.260133e-08
1685 4.973868e-08
1686 0.000000e+00
1687 0.000000e+00
1688 0.000000e+00
1689 0.000000e+00
1690 0.000000e+00
1691 0.000000e+00
1692 0.000000e+00
1693 0.000000e+00
1694 0.000000e+00
1695 0.000000e+00
1696 0.000000e+00
1697 0.000000e+00
1698 0.000000e+00
1699 0.000000e+00
1700 7.677616e-07
1701 6.826380e-07
1702 5.739835e-07
1703 4.698687e-07
1704 3.853951e-07
1705 3.102112e-07
1706 2.317768e-07
1707 1.649285e-07
1708 1.175475e-07
1709 8.151920e-08
1710 5.584687e-08
1711 0.000000e+00
1712 0.000000e+00
1713 0.000000e+00
1714 0.000000e+00
1715 0.000000e+00
1716 0.000000e+00
1717 0.000000e+00
1718 0.000000e+00
1719 0.000000e+00
1720 0.000000e+00
1721 0.000000e+00
1722 0.000000e+00
1723 0.000000e+00
1724 0.000000e+00
1725 8.381019e-07
1726 7.460858e-07
1727 6.278739e-07
1728 5.140544e-07
1729 4.215792e-07
1730 3.396595e-07
1731 2.541992e-07
1732 1.809054e-07
1733 1.289587e-07
1734 8.946962e-08
1735 6.129283e-08
1736 0.000000e+00
1737 0.000000e+00
1738 0.000000e+00
1739 0.000000e+00
1740 0.000000e+00
1741 0.000000e+00
1742 0.000000e+00
1743 0.000000e+00
1744 0.000000e+00
1745 0.000000e+00
1746 0.000000e+00
1747 0.000000e+00
1748 0.000000e+00
1749 0.000000e+00
1750 9.063360e-07
1751 8.076558e-07
1752 6.801472e-07
1753 5.569204e-07
1754 4.566754e-07
1755 3.682245e-07
1756 2.759498e-07
1757 1.964037e-07
1758 1.400246e-07
1759 9.718255e-08
1760 6.657526e-08
1761 0.000000e+00
1762 0.000000e+00
1763 0.000000e+00
1764 0.000000e+00
1765 0.000000e+00
1766 0.000000e+00
1767 0.000000e+00
1768 0.000000e+00
1769 0.000000e+00
1770 0.000000e+00
1771 0.000000e+00
1772 0.000000e+00
1773 0.000000e+00
1774 0.000000e+00
1775 9.894767e-07
1776 8.826419e-07
1777 7.438240e-07
1778 6.091310e-07
1779 4.994402e-07
1780 4.030278e-07
1781 3.024473e-07
1782 2.152817e-07
1783 1.535120e-07
1784 1.065788e-07
1785 7.301087e-08
1786 0.000000e+00
1787 0.000000e+00
1788 0.000000e+00
1789 0.000000e+00
1790 0.000000e+00
1791 0.000000e+00
1792 0.000000e+00
1793 0.000000e+00
1794 0.000000e+00
1795 0.000000e+00
1796 0.000000e+00
1797 0.000000e+00
1798 0.000000e+00
1799 0.000000e+00
1800 1.875586e-07
1801 1.756019e-07
1802 1.532446e-07
1803 1.265475e-07
1804 1.030333e-07
1805 8.528278e-08
1806 6.801071e-08
1807 4.852909e-08
1808 3.462716e-08
1809 2.442377e-08
1810 1.676980e-08
1811 1.134724e-08
1812 7.840070e-09
1813 0.000000e+00
1814 0.000000e+00
1815 0.000000e+00
1816 0.000000e+00
1817 0.000000e+00
1818 0.000000e+00
1819 0.000000e+00
1820 0.000000e+00
1821 0.000000e+00
1822 0.000000e+00
1823 0.000000e+00
1824 0.000000e+00
1825 3.280846e-07
1826 3.106970e-07
1827 2.746433e-07
1828 2.288316e-07
1829 1.862903e-07
1830 1.536051e-07
1831 1.240354e-07
1832 9.049364e-08
1833 6.399791e-08
1834 4.558409e-08
1835 3.130854e-08
1836 2.120717e-08
1837 1.456024e-08
1838 0.000000e+00
1839 0.000000e+00
1840 0.000000e+00
1841 0.000000e+00
1842 0.000000e+00
1843 0.000000e+00
1844 0.000000e+00
1845 0.000000e+00
1846 0.000000e+00
1847 0.000000e+00
1848 0.000000e+00
1849 0.000000e+00
1850 4.360783e-07
1851 4.147861e-07
1852 3.685052e-07
1853 3.082191e-07
1854 2.510402e-07
1855 2.066801e-07
1856 1.675281e-07
1857 1.233180e-07
1858 8.707344e-08
1859 6.213538e-08
1860 4.272653e-08
1861 2.896127e-08
1862 1.983200e-08
1863 0.000000e+00
1864 0.000000e+00
1865 0.000000e+00
1866 0.000000e+00
1867 0.000000e+00
1868 0.000000e+00
1869 0.000000e+00
1870 0.000000e+00
1871 0.000000e+00
1872 0.000000e+00
1873 0.000000e+00
1874 0.000000e+00
1875 5.231990e-07
1876 4.986968e-07
1877 4.441161e-07
1878 3.721360e-07
1879 3.031658e-07
1880 2.494219e-07
1881 2.025436e-07
1882 1.496952e-07
1883 1.056279e-07
1884 7.543908e-08
1885 5.190473e-08
1886 3.519130e-08
1887 2.407091e-08
1888 0.000000e+00
1889 0.000000e+00
1890 0.000000e+00
1891 0.000000e+00
1892 0.000000e+00
1893 0.000000e+00
1894 0.000000e+00
1895 0.000000e+00
1896 0.000000e+00
1897 0.000000e+00
1898 0.000000e+00
1899 0.000000e+00
1900 6.006283e-07
1901 5.732353e-07
1902 5.112970e-07
1903 4.289088e-07
1904 3.494575e-07
1905 2.873896e-07
1906 2.336432e-07
1907 1.731100e-07
1908 1.220974e-07
1909 8.724927e-08
1910 6.005052e-08
1911 4.071987e-08
1912 2.783274e-08
1913 0.000000e+00
1914 0.000000e+00
1915 0.000000e+00
1916 0.000000e+00
1917 0.000000e+00
1918 0.000000e+00
1919 0.000000e+00
1920 0.000000e+00
1921 0.000000e+00
1922 0.000000e+00
1923 0.000000e+00
1924 0.000000e+00
1925 6.756955e-07
1926 6.455453e-07
1927 5.764537e-07
1928 4.839661e-07
1929 3.943610e-07
1930 3.242081e-07
1931 2.638000e-07
1932 1.958165e-07
1933 1.380654e-07
1934 9.870031e-08
1935 6.794876e-08
1936 4.608180e-08
1937 3.148091e-08
1938 0.000000e+00
1939 0.000000e+00
1940 0.000000e+00
1941 0.000000e+00
1942 0.000000e+00
1943 0.000000e+00
1944 0.000000e+00
1945 0.000000e+00
1946 0.000000e+00
1947 0.000000e+00
1948 0.000000e+00
1949 0.000000e+00
1950 7.671391e-07
1951 7.336222e-07
1952 6.558077e-07
1953 5.510234e-07
1954 4.490365e-07
1955 3.690484e-07
1956 3.005238e-07
1957 2.234693e-07
1958 1.575173e-07
1959 1.126477e-07
1960 7.756866e-08
1961 5.261158e-08
1962 3.592390e-08
1963 0.000000e+00
1964 0.000000e+00
1965 0.000000e+00
1966 0.000000e+00
1967 0.000000e+00
1968 0.000000e+00
1969 0.000000e+00
1970 0.000000e+00
1971 0.000000e+00
1972 0.000000e+00
1973 0.000000e+00
1974 0.000000e+00
1975 1.385345e-07
1976 1.368822e-07
1977 1.264964e-07
1978 1.088569e-07
1979 8.906880e-08
1980 7.257666e-08
1981 6.027371e-08
1982 4.707990e-08
1983 3.275874e-08
1984 2.373827e-08
1985 1.636711e-08
1986 1.117407e-08
1987 7.523176e-09
1988 0.000000e+00
1989 0.000000e+00
1990 0.000000e+00
1991 0.000000e+00
1992 0.000000e+00
1993 0.000000e+00
1994 0.000000e+00
1995 0.000000e+00
1996 0.000000e+00
1997 0.000000e+00
1998 0.000000e+00
1999 0.000000e+00
2000 2.504005e-07
2001 2.492503e-07
2002 2.327284e-07
2003 2.024858e-07
2004 1.667292e-07
2005 1.355694e-07
2006 1.122985e-07
2007 8.920019e-08
2008 6.304613e-08
2009 4.509971e-08
2010 3.148858e-08
2011 2.151599e-08
2012 1.444118e-08
2013 0.000000e+00
2014 0.000000e+00
2015 0.000000e+00
2016 0.000000e+00
2017 0.000000e+00
2018 0.000000e+00
2019 0.000000e+00
2020 0.000000e+00
2021 0.000000e+00
2022 0.000000e+00
2023 0.000000e+00
2024 0.000000e+00
2025 3.425022e-07
2026 3.418823e-07
2027 3.205322e-07
2028 2.801026e-07
2029 2.312838e-07
2030 1.879760e-07
2031 1.555173e-07
2032 1.242254e-07
2033 8.842511e-08
2034 6.297399e-08
2035 4.416391e-08
2036 3.017986e-08
2037 2.024406e-08
2038 0.000000e+00
2039 0.000000e+00
2040 0.000000e+00
2041 0.000000e+00
2042 0.000000e+00
2043 0.000000e+00
2044 0.000000e+00
2045 0.000000e+00
2046 0.000000e+00
2047 0.000000e+00
2048 0.000000e+00
2049 0.000000e+00
2050 4.227313e-07
2051 4.225653e-07
2052 3.969633e-07
2053 3.476292e-07
2054 2.874202e-07
2055 2.335488e-07
2056 1.931123e-07
2057 1.546677e-07
2058 1.104535e-07
2059 7.850512e-08
2060 5.516542e-08
2061 3.770174e-08
2062 2.529062e-08
2063 0.000000e+00
2064 0.000000e+00
2065 0.000000e+00
2066 0.000000e+00
2067 0.000000e+00
2068 0.000000e+00
2069 0.000000e+00
2070 0.000000e+00
2071 0.000000e+00
2072 0.000000e+00
2073 0.000000e+00
2074 0.000000e+00
2075 5.003728e-07
2076 5.006318e-07
2077 4.708925e-07
2078 4.129293e-07
2079 3.417008e-07
2080 2.776140e-07
2081 2.294648e-07
2082 1.841018e-07
2083 1.317441e-07
2084 9.351834e-08
2085 6.580302e-08
2086 4.497341e-08
2087 3.016404e-08
2088 0.000000e+00
2089 0.000000e+00
2090 0.000000e+00
2091 0.000000e+00
2092 0.000000e+00
2093 0.000000e+00
2094 0.000000e+00
2095 0.000000e+00
2096 0.000000e+00
2097 0.000000e+00
2098 0.000000e+00
2099 0.000000e+00
2100 5.949293e-07
2101 5.957076e-07
2102 5.609325e-07
2103 4.924696e-07
2104 4.078179e-07
2105 3.312825e-07
2106 2.737461e-07
2107 2.199552e-07
2108 1.576807e-07
2109 1.118051e-07
2110 7.875717e-08
2111 5.382922e-08
2112 3.609979e-08
2113 0.000000e+00
2114 0.000000e+00
2115 0.000000e+00
2116 0.000000e+00
2117 0.000000e+00
2118 0.000000e+00
2119 0.000000e+00
2120 0.000000e+00
2121 0.000000e+00
2122 0.000000e+00
2123 0.000000e+00
2124 0.000000e+00
2125 1.091776e-07
2126 1.119998e-07
2127 1.083741e-07
2128 9.770764e-08
2129 8.225237e-08
2130 6.672853e-08
2131 5.477297e-08
2132 4.530029e-08
2133 3.367409e-08
2134 2.322806e-08
2135 1.682999e-08
2136 1.147113e-08
2137 7.673785e-09
2138 5.187265e-09
2139 0.000000e+00
2140 0.000000e+00
2141 0.000000e+00
2142 0.000000e+00
2143 0.000000e+00
2144 0.000000e+00
2145 0.000000e+00
2146 0.000000e+00
2147 0.000000e+00
2148 0.000000e+00
2149 0.000000e+00
2150 2.026808e-07
2151 2.088548e-07
2152 2.036261e-07
2153 1.853907e-07
2154 1.574366e-07
2155 1.280882e-07
2156 1.047260e-07
2157 8.677270e-08
2158 6.587961e-08
2159 4.547225e-08
2160 3.294525e-08
2161 2.248445e-08
2162 1.512729e-08
2163 1.016101e-08
2164 0.000000e+00
2165 0.000000e+00
2166 0.000000e+00
2167 0.000000e+00
2168 0.000000e+00
2169 0.000000e+00
2170 0.000000e+00
2171 0.000000e+00
2172 0.000000e+00
2173 0.000000e+00
2174 0.000000e+00
2175 2.851000e-07
2176 2.943114e-07
2177 2.877778e-07
2178 2.630066e-07
2179 2.241503e-07
2180 1.826216e-07
2181 1.491138e-07
2182 1.235860e-07
2183 9.455876e-08
2184 6.537685e-08
2185 4.729642e-08
2186 3.233361e-08
2187 2.179219e-08
2188 1.460537e-08
2189 0.000000e+00
2190 0.000000e+00
2191 0.000000e+00
2192 0.000000e+00
2193 0.000000e+00
2194 0.000000e+00
2195 0.000000e+00
2196 0.000000e+00
2197 0.000000e+00
2198 0.000000e+00
2199 0.000000e+00
2200 3.635619e-07
2201 3.756469e-07
2202 3.678411e-07
2203 3.368092e-07
2204 2.875487e-07
2205 2.344333e-07
2206 1.912859e-07
2207 1.585697e-07
2208 1.217857e-07
2209 8.426445e-08
2210 6.091869e-08
2211 4.168141e-08
2212 2.811557e-08
2213 1.882367e-08
2214 0.000000e+00
2215 0.000000e+00
2216 0.000000e+00
2217 0.000000e+00
2218 0.000000e+00
2219 0.000000e+00
2220 0.000000e+00
2221 0.000000e+00
2222 0.000000e+00
2223 0.000000e+00
2224 0.000000e+00
2225 4.590446e-07
2226 4.746231e-07
2227 4.652629e-07
2228 4.266274e-07
2229 3.647052e-07
2230 2.974827e-07
2231 2.426135e-07
2232 2.011424e-07
2233 1.549109e-07
2234 1.072380e-07
2235 7.749596e-08
2236 5.305214e-08
2237 3.580818e-08
2238 2.395535e-08
2239 0.000000e+00
2240 0.000000e+00
2241 0.000000e+00
2242 0.000000e+00
2243 0.000000e+00
2244 0.000000e+00
2245 0.000000e+00
2246 0.000000e+00
2247 0.000000e+00
2248 0.000000e+00
2249 0.000000e+00
2250 9.050794e-08
2251 9.546202e-08
2252 9.577687e-08
2253 9.015680e-08
2254 7.887852e-08
2255 6.496976e-08
2256 5.262975e-08
2257 4.366101e-08
2258 3.513692e-08
2259 2.460791e-08
2260 1.756616e-08
2261 1.214702e-08
2262 8.292796e-09
2263 5.473255e-09
2264 0.000000e+00
2265 0.000000e+00
2266 0.000000e+00
2267 0.000000e+00
2268 0.000000e+00
2269 0.000000e+00
2270 0.000000e+00
2271 0.000000e+00
2272 0.000000e+00
2273 0.000000e+00
2274 0.000000e+00
2275 1.737860e-07
2276 1.837889e-07
2277 1.853391e-07
2278 1.757777e-07
2279 1.551335e-07
2280 1.285624e-07
2281 1.040988e-07
2282 8.604901e-08
2283 6.992085e-08
2284 4.984268e-08
2285 3.508351e-08
2286 2.459968e-08
2287 1.676073e-08
2288 1.105892e-08
2289 0.000000e+00
2290 0.000000e+00
2291 0.000000e+00
2292 0.000000e+00
2293 0.000000e+00
2294 0.000000e+00
2295 0.000000e+00
2296 0.000000e+00
2297 0.000000e+00
2298 0.000000e+00
2299 0.000000e+00
2300 2.528096e-07
2301 2.676285e-07
2302 2.704113e-07
2303 2.571861e-07
2304 2.277228e-07
2305 1.891643e-07
2306 1.531727e-07
2307 1.264398e-07
2308 1.030652e-07
2309 7.396255e-08
2310 5.183301e-08
2311 3.650947e-08
2312 2.485506e-08
2313 1.640592e-08
2314 0.000000e+00
2315 0.000000e+00
2316 0.000000e+00
2317 0.000000e+00
2318 0.000000e+00
2319 0.000000e+00
2320 0.000000e+00
2321 0.000000e+00
2322 0.000000e+00
2323 0.000000e+00
2324 0.000000e+00
2325 3.480095e-07
2326 3.686295e-07
2327 3.728638e-07
2328 3.552006e-07
2329 3.150879e-07
2330 2.620809e-07
2331 2.122104e-07
2332 1.750382e-07
2333 1.429363e-07
2334 1.029526e-07
2335 7.197202e-08
2336 5.082205e-08
2337 3.458438e-08
2338 2.283130e-08
2339 0.000000e+00
2340 0.000000e+00
2341 0.000000e+00
2342 0.000000e+00
2343 0.000000e+00
2344 0.000000e+00
2345 0.000000e+00
2346 0.000000e+00
2347 0.000000e+00
2348 0.000000e+00
2349 0.000000e+00
2350 8.029496e-08
2351 8.659234e-08
2352 8.944744e-08
2353 8.736430e-08
2354 7.958415e-08
2355 6.750942e-08
2356 5.480012e-08
2357 4.475784e-08
2358 3.722397e-08
2359 2.817274e-08
2360 1.915394e-08
2361 1.396410e-08
2362 9.417044e-09
2363 6.257133e-09
2364 4.158797e-09
2365 0.000000e+00
2366 0.000000e+00
2367 0.000000e+00
2368 0.000000e+00
2369 0.000000e+00
2370 0.000000e+00
2371 0.000000e+00
2372 0.000000e+00
2373 0.000000e+00
2374 0.000000e+00
2375 1.600215e-07
2376 1.727841e-07
2377 1.790723e-07
2378 1.758844e-07
2379 1.614154e-07
2380 1.378687e-07
2381 1.122170e-07
2382 9.139781e-08
2383 7.600629e-08
2384 5.846198e-08
2385 3.989739e-08
2386 2.900245e-08
2387 1.958626e-08
2388 1.308912e-08
2389 8.654206e-09
2390 0.000000e+00
2391 0.000000e+00
2392 0.000000e+00
2393 0.000000e+00
2394 0.000000e+00
2395 0.000000e+00
2396 0.000000e+00
2397 0.000000e+00
2398 0.000000e+00
2399 0.000000e+00
2400 2.544984e-07
2401 2.749338e-07
2402 2.852927e-07
2403 2.808086e-07
2404 2.584268e-07
2405 2.213117e-07
2406 1.803304e-07
2407 1.467339e-07
2408 1.220096e-07
2409 9.439277e-08
2410 6.453745e-08
2411 4.683981e-08
2412 3.166431e-08
2413 2.120127e-08
2414 1.399172e-08
2415 0.000000e+00
2416 0.000000e+00
2417 0.000000e+00
2418 0.000000e+00
2419 0.000000e+00
2420 0.000000e+00
2421 0.000000e+00
2422 0.000000e+00
2423 0.000000e+00
2424 0.000000e+00
2425 7.726751e-08
2426 8.490983e-08
2427 8.986937e-08
2428 9.067913e-08
2429 8.602970e-08
2430 7.586726e-08
2431 6.274210e-08
2432 5.072150e-08
2433 4.196333e-08
2434 3.417017e-08
2435 2.413048e-08
2436 1.695858e-08
2437 1.174306e-08
2438 7.966763e-09
2439 5.175875e-09
2440 0.000000e+00
2441 0.000000e+00
2442 0.000000e+00
2443 0.000000e+00
2444 0.000000e+00
2445 0.000000e+00
2446 0.000000e+00
2447 0.000000e+00
2448 0.000000e+00
2449 0.000000e+00
2450 1.715758e-07
2451 1.886352e-07
2452 2.000945e-07
2453 2.026608e-07
2454 1.932919e-07
2455 1.715466e-07
2456 1.425485e-07
2457 1.152390e-07
2458 9.507069e-08
2459 7.788471e-08
2460 5.577612e-08
2461 3.877629e-08
2462 2.716896e-08
2463 1.838571e-08
2464 1.195202e-08
2465 0.000000e+00
2466 0.000000e+00
2467 0.000000e+00
2468 0.000000e+00
2469 0.000000e+00
2470 0.000000e+00
2471 0.000000e+00
2472 0.000000e+00
2473 0.000000e+00
2474 0.000000e+00
2475 9.308576e-08
2476 1.040678e-07
2477 1.126865e-07
2478 1.172171e-07
2479 1.156941e-07
2480 1.067234e-07
2481 9.152016e-08
2482 7.454779e-08
2483 6.057139e-08
2484 5.042179e-08
2485 3.913990e-08
2486 2.656827e-08
2487 1.930863e-08
2488 1.290312e-08
2489 8.559244e-09
2490 5.567482e-09
2491 0.000000e+00
2492 0.000000e+00
2493 0.000000e+00
2494 0.000000e+00
2495 0.000000e+00
2496 0.000000e+00
2497 0.000000e+00
2498 0.000000e+00
2499 0.000000e+00
2500 5.182410e-05
2501 4.230676e-05
2502 3.401142e-05
2503 2.675443e-05
2504 2.012105e-05
2505 1.446856e-05
2506 1.029203e-05
2507 7.249728e-06
2508 0.000000e+00
2509 0.000000e+00
2510 0.000000e+00
2511 0.000000e+00
2512 0.000000e+00
2513 0.000000e+00
2514 0.000000e+00
2515 0.000000e+00
2516 0.000000e+00
2517 0.000000e+00
2518 0.000000e+00
2519 0.000000e+00
2520 0.000000e+00
2521 0.000000e+00
2522 0.000000e+00
2523 0.000000e+00
2524 0.000000e+00
2525 3.543458e-05
2526 3.156813e-05
2527 2.645992e-05
2528 2.155709e-05
2529 1.775577e-05
2530 1.447793e-05
2531 1.073540e-05
2532 7.590391e-06
2533 5.449507e-06
2534 3.765778e-06
2535 2.568172e-06
2536 0.000000e+00
2537 0.000000e+00
2538 0.000000e+00
2539 0.000000e+00
2540 0.000000e+00
2541 0.000000e+00
2542 0.000000e+00
2543 0.000000e+00
2544 0.000000e+00
2545 0.000000e+00
2546 0.000000e+00
2547 0.000000e+00
2548 0.000000e+00
2549 0.000000e+00
2550 2.473674e-05
2551 2.370228e-05
2552 2.119527e-05
2553 1.776080e-05
2554 1.441733e-05
2555 1.186705e-05
2556 9.758927e-06
2557 7.204926e-06
2558 5.042921e-06
2559 3.630557e-06
2560 2.496491e-06
2561 1.684276e-06
2562 1.152523e-06
2563 0.000000e+00
2564 0.000000e+00
2565 0.000000e+00
2566 0.000000e+00
2567 0.000000e+00
2568 0.000000e+00
2569 0.000000e+00
2570 0.000000e+00
2571 0.000000e+00
2572 0.000000e+00
2573 0.000000e+00
2574 0.000000e+00
2575 1.828935e-05
2576 1.834393e-05
2577 1.730707e-05
2578 1.520201e-05
2579 1.256339e-05
2580 1.017798e-05
2581 8.430723e-06
2582 6.829556e-06
2583 4.850344e-06
2584 3.451199e-06
2585 2.420488e-06
2586 1.661815e-06
2587 1.108409e-06
2588 0.000000e+00
2589 0.000000e+00
2590 0.000000e+00
2591 0.000000e+00
2592 0.000000e+00
2593 0.000000e+00
2594 0.000000e+00
2595 0.000000e+00
2596 0.000000e+00
2597 0.000000e+00
2598 0.000000e+00
2599 0.000000e+00
2600 1.396200e-05
2601 1.445189e-05
2602 1.419429e-05
2603 1.303640e-05
2604 1.114579e-05
2605 9.075717e-06
2606 7.389357e-06
2607 6.153240e-06
2608 4.757449e-06
2609 3.254835e-06
2610 2.383626e-06
2611 1.619961e-06
2612 1.093670e-06
2613 7.318219e-07
2614 0.000000e+00
2615 0.000000e+00
2616 0.000000e+00
2617 0.000000e+00
2618 0.000000e+00
2619 0.000000e+00
2620 0.000000e+00
2621 0.000000e+00
2622 0.000000e+00
2623 0.000000e+00
2624 0.000000e+00
2625 1.089947e-05
2626 1.154892e-05
2627 1.169677e-05
2628 1.116768e-05
2629 9.926675e-06
2630 8.256037e-06
2631 6.673222e-06
2632 5.504505e-06
2633 4.528036e-06
2634 3.257788e-06
2635 2.266068e-06
2636 1.602409e-06
2637 1.094718e-06
2638 7.191035e-07
2639 0.000000e+00
2640 0.000000e+00
2641 0.000000e+00
2642 0.000000e+00
2643 0.000000e+00
2644 0.000000e+00
2645 0.000000e+00
2646 0.000000e+00
2647 0.000000e+00
2648 0.000000e+00
2649 0.000000e+00
2650 8.526322e-06
2651 9.209217e-06
2652 9.569889e-06
2653 9.441933e-06
2654 8.707909e-06
2655 7.466954e-06
2656 6.082033e-06
2657 4.939982e-06
2658 4.116202e-06
2659 3.203007e-06
2660 2.174534e-06
2661 1.594200e-06
2662 1.070753e-06
2663 7.182467e-07
2664 4.737572e-07
2665 0.000000e+00
2666 0.000000e+00
2667 0.000000e+00
2668 0.000000e+00
2669 0.000000e+00
2670 0.000000e+00
2671 0.000000e+00
2672 0.000000e+00
2673 0.000000e+00
2674 0.000000e+00
2675 6.540957e-06
2676 7.189435e-06
2677 7.632666e-06
2678 7.743288e-06
2679 7.408595e-06
2680 6.598735e-06
2681 5.490754e-06
2682 4.433780e-06
2683 3.654175e-06
2684 3.014917e-06
2685 2.167322e-06
2686 1.495042e-06
2687 1.052165e-06
2688 7.139744e-07
2689 4.623671e-07
2690 0.000000e+00
2691 0.000000e+00
2692 0.000000e+00
2693 0.000000e+00
2694 0.000000e+00
2695 0.000000e+00
2696 0.000000e+00
2697 0.000000e+00
2698 0.000000e+00
2699 0.000000e+00
2700 4.656608e-06
2701 5.200000e-06
2702 5.634280e-06
2703 5.877853e-06
2704 5.829386e-06
2705 5.406687e-06
2706 4.656358e-06
2707 3.799170e-06
2708 3.079206e-06
2709 2.564440e-06
2710 2.014438e-06
2711 1.367667e-06
2712 9.973536e-07
2713 6.641079e-07
2714 4.428647e-07
2715 2.871334e-07
2716 0.000000e+00
2717 0.000000e+00
2718 0.000000e+00
2719 0.000000e+00
2720 0.000000e+00
2721 0.000000e+00
2722 0.000000e+00
2723 0.000000e+00
2724 0.000000e+00
2725 2.981963e-06
2726 3.390230e-06
2727 3.757177e-06
2728 4.031055e-06
2729 4.144919e-06
2730 4.030041e-06
2731 3.657074e-06
2732 3.091732e-06
2733 2.504443e-06
2734 2.047573e-06
2735 1.701958e-06
2736 1.274879e-06
2737 8.629136e-07
2738 6.200928e-07
2739 4.140341e-07
2740 2.677528e-07
2741 1.732451e-07
2742 0.000000e+00
2743 0.000000e+00
2744 0.000000e+00
2745 0.000000e+00
2746 0.000000e+00
2747 0.000000e+00
2748 0.000000e+00
2749 0.000000e+00
2750 0.000000e+00
2751 0.000000e+00
2752 0.000000e+00
2753 0.000000e+00
2754 0.000000e+00
2755 0.000000e+00
2756 0.000000e+00
2757 2.054304e-07
2758 0.000000e+00
2759 0.000000e+00
2760 0.000000e+00
2761 0.000000e+00
2762 0.000000e+00
2763 0.000000e+00
2764 0.000000e+00
2765 0.000000e+00
2766 0.000000e+00
2767 0.000000e+00
2768 0.000000e+00
2769 0.000000e+00
2770 0.000000e+00
2771 0.000000e+00
2772 0.000000e+00
2773 0.000000e+00
2774 0.000000e+00
2775 0.000000e+00
2776 0.000000e+00
2777 0.000000e+00
2778 0.000000e+00
2779 0.000000e+00
2780 0.000000e+00
2781 0.000000e+00
2782 2.689759e-07
2783 1.918701e-07
2784 1.333026e-07
2785 9.131830e-08
2786 0.000000e+00
2787 0.000000e+00
2788 0.000000e+00
2789 0.000000e+00
2790 0.000000e+00
2791 0.000000e+00
2792 0.000000e+00
2793 0.000000e+00
2794 0.000000e+00
2795 0.000000e+00
2796 0.000000e+00
2797 0.000000e+00
2798 0.000000e+00
2799 0.000000e+00
2800 0.000000e+00
2801 0.000000e+00
2802 0.000000e+00
2803 0.000000e+00
2804 0.000000e+00
2805 0.000000e+00
2806 0.000000e+00
2807 3.021631e-07
2808 2.128684e-07
2809 1.523464e-07
2810 1.049505e-07
2811 7.119761e-08
2812 4.857143e-08
2813 0.000000e+00
2814 0.000000e+00
2815 0.000000e+00
2816 0.000000e+00
2817 0.000000e+00
2818 0.000000e+00
2819 0.000000e+00
2820 0.000000e+00
2821 0.000000e+00
2822 0.000000e+00
2823 0.000000e+00
2824 0.000000e+00
2825 0.000000e+00
2826 0.000000e+00
2827 0.000000e+00
2828 0.000000e+00
2829 0.000000e+00
2830 0.000000e+00
2831 0.000000e+00
2832 3.220113e-07
2833 2.315031e-07
2834 1.638555e-07
2835 1.156305e-07
2836 7.903815e-08
2837 5.298009e-08
2838 0.000000e+00
2839 0.000000e+00
2840 0.000000e+00
2841 0.000000e+00
2842 0.000000e+00
2843 0.000000e+00
2844 0.000000e+00
2845 0.000000e+00
2846 0.000000e+00
2847 0.000000e+00
2848 0.000000e+00
2849 0.000000e+00
2850 0.000000e+00
2851 0.000000e+00
2852 0.000000e+00
2853 0.000000e+00
2854 0.000000e+00
2855 0.000000e+00
2856 0.000000e+00
2857 3.223170e-07
2858 2.491950e-07
2859 1.726352e-07
2860 1.246794e-07
2861 8.541534e-08
2862 5.770465e-08
2863 3.856012e-08
2864 0.000000e+00
2865 0.000000e+00
2866 0.000000e+00
2867 0.000000e+00
2868 0.000000e+00
2869 0.000000e+00
2870 0.000000e+00
2871 0.000000e+00
2872 0.000000e+00
2873 0.000000e+00
2874 0.000000e+00
2875 0.000000e+00
2876 0.000000e+00
2877 0.000000e+00
2878 0.000000e+00
2879 0.000000e+00
2880 0.000000e+00
2881 0.000000e+00
2882 3.133969e-07
2883 2.564372e-07
2884 1.854748e-07
2885 1.293007e-07
2886 9.156495e-08
2887 6.227932e-08
2888 4.112311e-08
2889 0.000000e+00
2890 0.000000e+00
2891 0.000000e+00
2892 0.000000e+00
2893 0.000000e+00
2894 0.000000e+00
2895 0.000000e+00
2896 0.000000e+00
2897 0.000000e+00
2898 0.000000e+00
2899 0.000000e+00
2900 0.000000e+00
2901 0.000000e+00
2902 0.000000e+00
2903 0.000000e+00
2904 0.000000e+00
2905 0.000000e+00
2906 0.000000e+00
2907 3.037486e-07
2908 2.525406e-07
2909 1.963376e-07
2910 1.344215e-07
2911 9.744573e-08
2912 6.592293e-08
2913 4.421060e-08
2914 2.913189e-08
2915 0.000000e+00
2916 0.000000e+00
2917 0.000000e+00
2918 0.000000e+00
2919 0.000000e+00
2920 0.000000e+00
2921 0.000000e+00
2922 0.000000e+00
2923 0.000000e+00
2924 0.000000e+00
2925 0.000000e+00
2926 0.000000e+00
2927 0.000000e+00
2928 0.000000e+00
2929 0.000000e+00
2930 0.000000e+00
2931 0.000000e+00
2932 2.956871e-07
2933 2.436077e-07
2934 2.001135e-07
2935 1.442437e-07
2936 9.979667e-08
2937 7.029516e-08
2938 4.751588e-08
2939 3.089985e-08
2940 0.000000e+00
2941 0.000000e+00
2942 0.000000e+00
2943 0.000000e+00
2944 0.000000e+00
2945 0.000000e+00
2946 0.000000e+00
2947 0.000000e+00
2948 0.000000e+00
2949 0.000000e+00
2950 0.000000e+00
2951 0.000000e+00
2952 0.000000e+00
2953 0.000000e+00
2954 0.000000e+00
2955 0.000000e+00
2956 0.000000e+00
2957 2.884391e-07
2958 2.339855e-07
2959 1.946160e-07
2960 1.527121e-07
2961 1.042233e-07
2962 7.537127e-08
2963 5.052293e-08
2964 3.365463e-08
2965 2.181056e-08
2966 0.000000e+00
2967 0.000000e+00
2968 0.000000e+00
2969 0.000000e+00
2970 0.000000e+00
2971 0.000000e+00
2972 0.000000e+00
2973 0.000000e+00
2974 0.000000e+00
2975 0.000000e+00
2976 0.000000e+00
2977 0.000000e+00
2978 0.000000e+00
2979 0.000000e+00
2980 0.000000e+00
2981 0.000000e+00
2982 3.191514e-07
2983 2.593226e-07
2984 2.117561e-07
2985 1.756048e-07
2986 1.328519e-07
2987 9.081102e-08
2988 6.478446e-08
2989 4.342841e-08
2990 2.826849e-08
2991 1.821972e-08
2992 0.000000e+00
2993 0.000000e+00
2994 0.000000e+00
2995 0.000000e+00
2996 0.000000e+00
2997 0.000000e+00
2998 0.000000e+00
2999 0.000000e+00
3000 0.000000e+00
3001 0.000000e+00
3002 0.000000e+00
3003 0.000000e+00
3004 0.000000e+00
3005 0.000000e+00
3006 0.000000e+00
3007 3.699491e-10
3008 2.803137e-10
3009 2.188252e-10
3010 1.733644e-10
3011 1.374922e-10
3012 1.078182e-10
3013 8.250807e-11
3014 6.097511e-11
3015 4.315083e-11
3016 2.909263e-11
3017 1.864842e-11
3018 1.138957e-11
3019 6.667776e-12
3020 3.769872e-12
3021 0.000000e+00
3022 0.000000e+00
3023 0.000000e+00
3024 0.000000e+00
3025 0.000000e+00
3026 0.000000e+00
3027 0.000000e+00
3028 0.000000e+00
3029 0.000000e+00
3030 0.000000e+00
3031 0.000000e+00
3032 1.696000e-09
3033 1.207705e-09
3034 8.749298e-10
3035 6.502085e-10
3036 4.948133e-10
3037 3.830377e-10
3038 2.992315e-10
3039 2.329884e-10
3040 1.786252e-10
3041 1.334446e-10
3042 9.635107e-11
3043 6.691686e-11
3044 4.465186e-11
3045 2.868914e-11
3046 0.000000e+00
3047 0.000000e+00
3048 0.000000e+00
3049 0.000000e+00
3050 0.000000e+00
3051 0.000000e+00
3052 0.000000e+00
3053 0.000000e+00
3054 0.000000e+00
3055 0.000000e+00
3056 0.000000e+00
3057 3.292222e-09
3058 2.342979e-09
3059 1.659594e-09
3060 1.194158e-09
3061 8.788315e-10
3062 6.617356e-10
3063 5.075807e-10
3064 3.939889e-10
3065 3.058540e-10
3066 2.347520e-10
3067 1.762606e-10
3068 1.283663e-10
3069 9.018258e-11
3070 6.097923e-11
3071 0.000000e+00
3072 0.000000e+00
3073 0.000000e+00
3074 0.000000e+00
3075 0.000000e+00
3076 0.000000e+00
3077 0.000000e+00
3078 0.000000e+00
3079 0.000000e+00
3080 0.000000e+00
3081 0.000000e+00
3082 5.229275e-09
3083 3.703733e-09
3084 2.624079e-09
3085 1.856399e-09
3086 1.335407e-09
3087 9.830071e-10
3088 7.387981e-10
3089 5.656884e-10
3090 4.376123e-10
3091 3.383449e-10
3092 2.585384e-10
3093 1.932179e-10
3094 1.401263e-10
3095 9.810827e-11
3096 0.000000e+00
3097 0.000000e+00
3098 0.000000e+00
3099 0.000000e+00
3100 0.000000e+00
3101 0.000000e+00
3102 0.000000e+00
3103 0.000000e+00
3104 0.000000e+00
3105 0.000000e+00
3106 0.000000e+00
3107 7.600610e-09
3108 5.366041e-09
3109 3.803418e-09
3110 2.675710e-09
3111 1.897876e-09
3112 1.369126e-09
3113 1.010594e-09
3114 7.611585e-10
3115 5.830496e-10
3116 4.499876e-10
3117 3.461501e-10
3118 2.625785e-10
3119 1.945469e-10
3120 1.397796e-10
3121 0.000000e+00
3122 0.000000e+00
3123 0.000000e+00
3124 0.000000e+00
3125 0.000000e+00
3126 0.000000e+00
3127 0.000000e+00
3128 0.000000e+00
3129 0.000000e+00
3130 0.000000e+00
3131 0.000000e+00
3132 1.045140e-08
3133 7.441393e-09
3134 5.247811e-09
3135 3.702846e-09
3136 2.598702e-09
3137 1.847522e-09
3138 1.340767e-09
3139 9.931132e-10
3140 7.504916e-10
3141 5.751723e-10
3142 4.425127e-10
3143 3.381527e-10
3144 2.541219e-10
3145 1.862077e-10
3146 0.000000e+00
3147 0.000000e+00
3148 0.000000e+00
3149 0.000000e+00
3150 0.000000e+00
3151 0.000000e+00
3152 0.000000e+00
3153 0.000000e+00
3154 0.000000e+00
3155 0.000000e+00
3156 0.000000e+00
3157 1.389486e-08
3158 1.005955e-08
3159 7.087873e-09
3160 4.999060e-09
3161 3.496381e-09
3162 2.459908e-09
3163 1.755618e-09
3164 1.280372e-09
3165 9.524646e-10
3166 7.216764e-10
3167 5.525323e-10
3168 4.231085e-10
3169 3.206786e-10
3170 2.383990e-10
3171 0.000000e+00
3172 0.000000e+00
3173 0.000000e+00
3174 0.000000e+00
3175 0.000000e+00
3176 0.000000e+00
3177 0.000000e+00
3178 0.000000e+00
3179 0.000000e+00
3180 0.000000e+00
3181 0.000000e+00
3182 1.826217e-08
3183 1.348129e-08
3184 9.580699e-09
3185 6.728056e-09
3186 4.720055e-09
3187 3.288746e-09
3188 2.315907e-09
3189 1.661533e-09
3190 1.215518e-09
3191 9.072281e-10
3192 6.876967e-10
3193 5.248164e-10
3194 3.991439e-10
3195 2.997551e-10
3196 0.000000e+00
3197 0.000000e+00
3198 0.000000e+00
3199 0.000000e+00
3200 0.000000e+00
3201 0.000000e+00
3202 0.000000e+00
3203 0.000000e+00
3204 0.000000e+00
3205 0.000000e+00
3206 0.000000e+00
3207 2.436285e-08
3208 1.833337e-08
3209 1.327501e-08
3210 9.328858e-09
3211 6.538155e-09
3212 4.542417e-09
3213 3.163780e-09
3214 2.228099e-09
3215 1.600546e-09
3216 1.171901e-09
3217 8.743860e-10
3218 6.608053e-10
3219 5.013209e-10
3220 3.782257e-10
3221 0.000000e+00
3222 0.000000e+00
3223 0.000000e+00
3224 0.000000e+00
3225 0.000000e+00
3226 0.000000e+00
3227 0.000000e+00
3228 0.000000e+00
3229 0.000000e+00
3230 0.000000e+00
3231 0.000000e+00
3232 3.639506e-08
3233 2.796627e-08
3234 2.086257e-08
3235 1.498252e-08
3236 1.048775e-08
3237 7.302991e-09
3238 5.038033e-09
3239 3.480750e-09
3240 2.432596e-09
3241 1.729668e-09
3242 1.252308e-09
3243 9.229305e-10
3244 6.887305e-10
3245 5.162432e-10
3246 0.000000e+00
3247 0.000000e+00
3248 0.000000e+00
3249 0.000000e+00
3250 0.000000e+00
3251 0.000000e+00
3252 0.000000e+00
3253 0.000000e+00
3254 0.000000e+00
3255 0.000000e+00
3256 0.000000e+00
3257 1.356039e-07
3258 1.108780e-07
3259 8.806770e-08
3260 6.840571e-08
3261 5.190885e-08
3262 3.804040e-08
3263 2.666829e-08
3264 1.829944e-08
3265 1.246086e-08
3266 8.314407e-09
3267 5.521973e-09
3268 3.686951e-09
3269 2.475185e-09
3270 1.680451e-09
3271 0.000000e+00
3272 0.000000e+00
3273 0.000000e+00
3274 0.000000e+00
