0 1.804255e-09
1 1.348335e-09
2 9.851545e-10
3 7.116302e-10
4 5.147906e-10
5 3.744378e-10
6 2.755468e-10
7 2.065222e-10
8 1.572657e-10
9 1.210087e-10
10 9.334799e-11
11 7.150552e-11
12 5.389193e-11
13 3.966373e-11
14 2.835286e-11
15 1.963085e-11
16 1.316095e-11
17 8.559455e-12
18 5.415394e-12
19 3.342530e-12
20 2.016645e-12
21 0.000000e+00
22 0.000000e+00
23 0.000000e+00
24 0.000000e+00
25 2.981057e-09
26 2.263792e-09
27 1.672985e-09
28 1.205608e-09
29 8.613882e-10
30 6.202457e-10
31 4.500440e-10
32 3.317210e-10
33 2.498809e-10
34 1.916160e-10
35 1.484013e-10
36 1.150615e-10
37 8.835305e-11
38 6.652662e-11
39 4.872524e-11
40 3.452056e-11
41 2.359672e-11
42 1.556567e-11
43 9.937871e-12
44 6.166701e-12
45 3.733777e-12
46 0.000000e+00
47 0.000000e+00
48 0.000000e+00
49 0.000000e+00
50 3.159702e-09
51 2.395008e-09
52 1.766771e-09
53 1.266036e-09
54 8.954476e-10
55 6.403845e-10
56 4.641831e-10
57 3.414994e-10
58 2.577192e-10
59 1.985659e-10
60 1.547286e-10
61 1.207061e-10
62 9.322420e-11
63 7.051404e-11
64 5.176903e-11
65 3.666058e-11
66 2.495582e-11
67 1.632957e-11
68 1.029942e-11
69 6.294924e-12
70 3.748015e-12
71 0.000000e+00
72 0.000000e+00
73 0.000000e+00
74 0.000000e+00
75 3.259637e-09
76 2.467767e-09
77 1.818197e-09
78 1.298709e-09
79 9.134267e-10
80 6.504957e-10
81 4.709781e-10
82 3.462739e-10
83 2.615532e-10
84 2.021011e-10
85 1.580381e-10
86 1.237403e-10
87 9.588988e-11
88 7.271253e-11
89 5.345525e-11
90 3.784567e-11
91 2.570473e-11
92 1.674014e-11
93 1.048340e-11
94 6.348133e-12
95 3.739514e-12
96 0.000000e+00
97 0.000000e+00
98 0.000000e+00
99 0.000000e+00
100 3.331807e-09
101 2.520664e-09
102 1.855653e-09
103 1.322867e-09
104 9.270521e-10
105 6.583751e-10
106 4.763538e-10
107 3.500226e-10
108 2.645503e-10
109 2.047759e-10
110 1.605126e-10
111 1.259596e-10
112 9.781560e-11
113 7.430023e-11
114 5.467410e-11
115 3.870766e-11
116 2.625381e-11
117 1.704890e-11
118 1.062872e-11
119 6.398671e-12
120 3.743285e-12
121 0.000000e+00
122 0.000000e+00
123 0.000000e+00
124 0.000000e+00
125 3.387860e-09
126 2.561561e-09
127 1.885083e-09
128 1.341827e-09
129 9.378367e-10
130 6.647070e-10
131 4.806366e-10
132 3.530184e-10
133 2.669242e-10
134 2.068931e-10
135 1.624470e-10
136 1.276943e-10
137 9.932627e-11
138 7.553783e-11
139 5.562377e-11
140 3.937575e-11
141 2.668132e-11
142 1.728895e-11
143 1.074365e-11
144 6.438797e-12
145 3.747080e-12
146 0.000000e+00
147 0.000000e+00
148 0.000000e+00
149 0.000000e+00
150 3.434337e-09
151 2.595907e-09
152 1.909224e-09
153 1.357335e-09
154 9.467274e-10
155 6.697542e-10
156 4.840616e-10
157 3.554600e-10
158 2.688660e-10
159 2.086308e-10
160 1.640492e-10
161 1.291273e-10
162 1.005712e-10
163 7.655884e-11
164 5.640850e-11
165 3.992989e-11
166 2.703451e-11
167 1.748845e-11
168 1.083793e-11
169 6.471956e-12
170 3.750007e-12
171 0.000000e+00
172 0.000000e+00
173 0.000000e+00
174 0.000000e+00
175 3.475816e-09
176 2.625952e-09
177 1.930825e-09
178 1.371399e-09
179 9.546215e-10
180 6.743369e-10
181 4.872934e-10
182 3.576876e-10
183 2.706162e-10
184 2.101898e-10
185 1.654725e-10
186 1.304117e-10
187 1.016890e-10
188 7.747376e-11
189 5.710752e-11
190 4.042383e-11
191 2.735057e-11
192 1.766633e-11
193 1.092225e-11
194 6.501850e-12
195 3.752905e-12
196 0.000000e+00
197 0.000000e+00
198 0.000000e+00
199 0.000000e+00
200 3.515728e-09
201 2.655292e-09
202 1.951667e-09
203 1.384667e-09
204 9.622030e-10
205 6.788484e-10
206 4.902719e-10
207 3.598112e-10
208 2.723212e-10
209 2.116976e-10
210 1.668472e-10
211 1.316488e-10
212 1.027607e-10
213 7.835905e-11
214 5.778682e-11
215 4.090281e-11
216 2.765583e-11
217 1.783872e-11
218 1.100488e-11
219 6.530667e-12
220 3.755874e-12
221 0.000000e+00
222 0.000000e+00
223 0.000000e+00
224 0.000000e+00
225 3.564366e-09
226 2.690868e-09
227 1.976937e-09
228 1.400941e-09
229 9.713764e-10
230 6.841899e-10
231 4.939271e-10
232 3.623961e-10
233 2.743552e-10
234 2.135163e-10
235 1.685114e-10
236 1.331522e-10
237 1.040637e-10
238 7.943409e-11
239 5.860952e-11
240 4.148400e-11
241 2.802660e-11
242 1.804652e-11
243 1.110279e-11
244 6.565185e-12
245 3.758513e-12
246 0.000000e+00
247 0.000000e+00
248 0.000000e+00
249 0.000000e+00
250 7.382685e-09
251 5.812626e-09
252 4.480117e-09
253 3.362480e-09
254 2.449710e-09
255 1.755530e-09
256 1.257737e-09
257 9.018146e-10
258 6.539520e-10
259 4.830805e-10
260 3.641743e-10
261 2.789156e-10
262 2.155923e-10
263 1.665313e-10
264 1.271300e-10
265 9.503856e-11
266 6.906824e-11
267 4.856437e-11
268 3.297632e-11
269 2.164948e-11
270 1.377685e-11
271 0.000000e+00
272 0.000000e+00
273 0.000000e+00
274 0.000000e+00
275 9.046452e-09
276 7.168524e-09
277 5.566626e-09
278 4.219691e-09
279 3.101739e-09
280 2.224245e-09
281 1.588933e-09
282 1.137267e-09
283 8.182853e-10
284 5.993351e-10
285 4.483053e-10
286 3.415008e-10
287 2.634603e-10
288 2.039717e-10
289 1.567362e-10
290 1.183321e-10
291 8.703869e-11
292 6.200929e-11
293 4.265458e-11
294 2.832553e-11
295 1.820011e-11
296 0.000000e+00
297 0.000000e+00
298 0.000000e+00
299 0.000000e+00
300 9.883943e-09
301 7.840738e-09
302 6.099129e-09
303 4.636397e-09
304 3.414847e-09
305 2.444940e-09
306 1.741246e-09
307 1.245312e-09
308 8.934987e-10
309 6.526850e-10
310 4.872903e-10
311 3.710401e-10
312 2.864537e-10
313 2.222312e-10
314 1.713393e-10
315 1.298737e-10
316 9.592238e-11
317 6.858050e-11
318 4.730285e-11
319 3.145964e-11
320 2.022146e-11
321 0.000000e+00
322 0.000000e+00
323 0.000000e+00
324 0.000000e+00
325 1.045957e-08
326 8.301527e-09
327 6.462694e-09
328 4.920285e-09
329 3.627866e-09
330 2.594525e-09
331 1.843862e-09
332 1.317753e-09
333 9.440083e-10
334 6.883845e-10
335 5.135146e-10
336 3.910110e-10
337 3.020444e-10
338 2.346813e-10
339 1.812986e-10
340 1.377608e-10
341 1.020003e-10
342 7.307613e-11
343 5.047296e-11
344 3.358901e-11
345 2.158427e-11
346 0.000000e+00
347 0.000000e+00
348 0.000000e+00
349 0.000000e+00
350 1.090824e-08
351 8.660719e-09
352 6.747027e-09
353 5.142211e-09
354 3.794202e-09
355 2.711511e-09
356 1.924414e-09
357 1.374594e-09
358 9.836418e-10
359 7.164257e-10
360 5.340758e-10
361 4.066437e-10
362 3.142428e-10
363 2.444106e-10
364 1.890881e-10
365 1.439209e-10
366 1.067366e-10
367 7.658629e-11
368 5.295357e-11
369 3.525424e-11
370 2.265264e-11
371 0.000000e+00
372 0.000000e+00
373 0.000000e+00
374 0.000000e+00
375 1.127863e-08
376 8.957743e-09
377 6.981808e-09
378 5.325691e-09
379 3.932008e-09
380 2.808545e-09
381 1.991101e-09
382 1.421729e-09
383 1.016500e-09
384 7.396705e-10
385 5.511757e-10
386 4.195536e-10
387 3.244039e-10
388 2.524941e-10
389 1.955647e-10
390 1.490347e-10
391 1.106504e-10
392 7.949868e-11
393 5.499711e-11
394 3.663226e-11
395 2.353897e-11
396 0.000000e+00
397 0.000000e+00
398 0.000000e+00
399 0.000000e+00
400 1.160947e-08
401 9.223191e-09
402 7.191772e-09
403 5.489515e-09
404 4.055015e-09
405 2.894987e-09
406 2.050551e-09
407 1.463702e-09
408 1.045816e-09
409 7.603869e-10
410 5.662912e-10
411 4.311158e-10
412 3.333434e-10
413 2.595897e-10
414 2.012517e-10
415 1.535586e-10
416 1.141466e-10
417 8.207268e-11
418 5.682737e-11
419 3.786392e-11
420 2.432876e-11
421 0.000000e+00
422 0.000000e+00
423 0.000000e+00
424 0.000000e+00
425 1.193117e-08
426 9.480028e-09
427 7.394910e-09
428 5.648556e-09
429 4.174109e-09
430 2.978982e-09
431 2.108257e-09
432 1.504484e-09
433 1.074213e-09
434 7.805127e-10
435 5.810415e-10
436 4.423108e-10
437 3.420921e-10
438 2.665911e-10
439 2.068560e-10
440 1.579733e-10
441 1.175391e-10
442 8.457905e-11
443 5.860118e-11
444 3.905703e-11
445 2.509508e-11
446 0.000000e+00
447 0.000000e+00
448 0.000000e+00
449 0.000000e+00
450 1.232150e-08
451 9.793547e-09
452 7.642738e-09
453 5.841977e-09
454 4.319428e-09
455 3.080994e-09
456 2.178458e-09
457 1.554163e-09
458 1.108851e-09
459 8.050330e-10
460 5.989898e-10
461 4.559362e-10
462 3.527248e-10
463 2.750733e-10
464 2.136417e-10
465 1.633335e-10
466 1.216717e-10
467 8.763907e-11
468 6.076582e-11
469 4.050990e-11
470 2.602768e-11
471 0.000000e+00
472 0.000000e+00
473 0.000000e+00
474 0.000000e+00
475 1.242600e-08
476 1.000576e-08
477 7.877531e-09
478 6.073747e-09
479 4.563871e-09
480 3.327711e-09
481 2.378740e-09
482 1.699235e-09
483 1.213828e-09
484 8.755416e-10
485 6.424510e-10
486 4.813981e-10
487 3.667991e-10
488 2.825576e-10
489 2.179479e-10
490 1.666028e-10
491 1.249949e-10
492 9.133442e-11
493 6.463409e-11
494 4.419650e-11
495 2.920078e-11
496 0.000000e+00
497 0.000000e+00
498 0.000000e+00
499 0.000000e+00
500 1.440428e-08
501 1.167717e-08
502 9.242203e-09
503 7.167117e-09
504 5.427283e-09
505 3.986249e-09
506 2.854043e-09
507 2.034597e-09
508 1.451731e-09
509 1.040959e-09
510 7.586298e-10
511 5.647812e-10
512 4.281039e-10
513 3.290031e-10
514 2.539774e-10
515 1.949332e-10
516 1.472738e-10
517 1.085907e-10
518 7.764315e-11
519 5.365311e-11
520 3.579831e-11
521 0.000000e+00
522 0.000000e+00
523 0.000000e+00
524 0.000000e+00
525 1.569861e-08
526 1.276273e-08
527 1.012085e-08
528 7.868155e-09
529 5.978817e-09
530 4.403410e-09
531 3.151982e-09
532 2.242898e-09
533 1.599604e-09
534 1.143368e-09
535 8.310878e-10
536 6.168345e-10
537 4.668499e-10
538 3.585093e-10
539 2.770766e-10
540 2.132369e-10
541 1.616802e-10
542 1.197325e-10
543 8.600707e-11
544 5.967787e-11
545 3.995906e-11
546 0.000000e+00
547 0.000000e+00
548 0.000000e+00
549 0.000000e+00
550 1.668795e-08
551 1.358940e-08
552 1.078980e-08
553 8.400734e-09
554 6.397395e-09
555 4.720031e-09
556 3.377456e-09
557 2.399897e-09
558 1.710846e-09
559 1.220476e-09
560 8.852031e-10
561 6.560104e-10
562 4.959709e-10
563 3.808767e-10
564 2.946170e-10
565 2.271207e-10
566 1.726527e-10
567 1.281980e-10
568 9.235492e-11
569 6.424864e-11
570 4.311130e-11
571 0.000000e+00
572 0.000000e+00
573 0.000000e+00
574 0.000000e+00
575 1.750951e-08
576 1.427564e-08
577 1.134558e-08
578 8.843200e-09
579 6.744683e-09
580 4.983322e-09
581 3.564727e-09
582 2.530689e-09
583 1.803458e-09
584 1.284883e-09
585 9.307462e-10
586 6.886842e-10
587 5.202750e-10
588 3.994013e-10
589 3.092029e-10
590 2.386769e-10
591 1.817725e-10
592 1.352676e-10
593 9.763764e-11
594 6.805393e-11
595 4.573014e-11
596 0.000000e+00
597 0.000000e+00
598 0.000000e+00
599 0.000000e+00
600 1.824412e-08
601 1.488757e-08
602 1.184118e-08
603 9.238367e-09
604 7.055176e-09
605 5.217627e-09
606 3.731998e-09
607 2.647312e-09
608 1.885977e-09
609 1.342116e-09
610 9.708931e-10
611 7.178042e-10
612 5.419727e-10
613 4.160419e-10
614 3.221766e-10
615 2.489924e-10
616 1.899132e-10
617 1.415542e-10
618 1.023504e-10
619 7.144789e-11
620 4.806731e-11
621 0.000000e+00
622 0.000000e+00
623 0.000000e+00
624 0.000000e+00
625 1.895251e-08
626 1.548246e-08
627 1.232232e-08
628 9.621427e-09
629 7.355257e-09
630 5.446435e-09
631 3.894803e-09
632 2.760891e-09
633 1.966214e-09
634 1.397778e-09
635 1.009953e-09
636 7.459963e-10
637 5.629585e-10
638 4.320546e-10
639 3.348310e-10
640 2.589575e-10
641 1.977709e-10
642 1.476503e-10
643 1.069172e-10
644 7.473990e-11
645 5.034114e-11
646 0.000000e+00
647 0.000000e+00
648 0.000000e+00
649 0.000000e+00
650 1.982058e-08
651 1.620817e-08
652 1.290931e-08
653 1.008799e-08
654 7.722964e-09
655 5.723485e-09
656 4.092150e-09
657 2.898582e-09
658 2.064376e-09
659 1.465801e-09
660 1.058002e-09
661 7.806020e-10
662 5.886654e-10
663 4.516869e-10
664 3.501412e-10
665 2.711650e-10
666 2.073933e-10
667 1.550883e-10
668 1.125025e-10
669 7.875594e-11
670 5.311233e-11
671 0.000000e+00
672 0.000000e+00
673 0.000000e+00
674 0.000000e+00
675 1.762683e-08
676 1.448693e-08
677 1.158697e-08
678 9.068111e-09
679 6.945914e-09
680 5.177305e-09
681 3.745650e-09
682 2.667976e-09
683 1.901520e-09
684 1.355655e-09
685 9.777481e-10
686 7.181829e-10
687 5.382795e-10
688 4.101616e-10
689 3.155169e-10
690 2.426990e-10
691 1.848363e-10
692 1.380424e-10
693 1.003491e-10
694 7.066515e-11
695 4.807926e-11
696 0.000000e+00
697 0.000000e+00
698 0.000000e+00
699 0.000000e+00
700 1.987608e-08
701 1.645247e-08
702 1.323147e-08
703 1.040295e-08
704 8.011639e-09
705 6.012772e-09
706 4.374292e-09
707 3.116382e-09
708 2.218229e-09
709 1.578085e-09
710 1.132389e-09
711 8.265092e-10
712 6.160246e-10
713 4.672703e-10
714 3.587498e-10
715 2.763491e-10
716 2.111373e-10
717 1.586514e-10
718 1.162555e-10
719 8.259475e-11
720 5.671615e-11
721 0.000000e+00
722 0.000000e+00
723 0.000000e+00
724 0.000000e+00
725 2.154487e-08
726 1.790239e-08
727 1.443822e-08
728 1.137814e-08
729 8.788491e-09
730 6.620060e-09
731 4.828225e-09
732 3.437611e-09
733 2.444364e-09
734 1.737305e-09
735 1.242566e-09
736 9.039922e-10
737 6.719539e-10
738 5.086019e-10
739 3.902047e-10
740 3.007414e-10
741 2.304477e-10
742 1.737817e-10
743 1.279181e-10
744 9.131663e-11
745 6.298946e-11
746 0.000000e+00
747 0.000000e+00
748 0.000000e+00
749 0.000000e+00
750 2.291858e-08
751 1.909309e-08
752 1.542841e-08
753 1.217701e-08
754 9.423953e-09
755 7.116685e-09
756 5.199348e-09
757 3.699756e-09
758 2.628450e-09
759 1.867082e-09
760 1.332569e-09
761 9.670514e-10
762 7.173547e-10
763 5.422154e-10
764 4.159093e-10
765 3.208115e-10
766 2.462599e-10
767 1.862148e-10
768 1.374872e-10
769 9.846527e-11
770 6.813135e-11
771 0.000000e+00
772 0.000000e+00
773 0.000000e+00
774 0.000000e+00
775 2.414286e-08
776 2.015592e-08
777 1.631083e-08
778 1.289121e-08
779 9.992118e-09
780 7.560029e-09
781 5.530463e-09
782 3.933758e-09
783 2.792856e-09
784 1.982842e-09
785 1.412837e-09
786 1.023728e-09
787 7.581935e-10
788 5.723913e-10
789 4.388462e-10
790 3.387320e-10
791 2.603755e-10
792 1.972741e-10
793 1.460343e-10
794 1.048589e-10
795 7.273691e-11
796 0.000000e+00
797 0.000000e+00
798 0.000000e+00
799 0.000000e+00
800 2.533116e-08
801 2.118694e-08
802 1.716794e-08
803 1.358155e-08
804 1.054149e-08
805 7.990376e-09
806 5.852130e-09
807 4.161170e-09
808 2.953349e-09
809 2.095268e-09
810 1.490359e-09
811 1.078138e-09
812 7.975307e-10
813 6.015210e-10
814 4.611166e-10
815 3.560747e-10
816 2.740707e-10
817 2.080666e-10
818 1.543036e-10
819 1.110429e-10
820 7.718820e-11
821 0.000000e+00
822 0.000000e+00
823 0.000000e+00
824 0.000000e+00
825 2.678044e-08
826 2.244592e-08
827 1.821334e-08
828 1.442485e-08
829 1.121393e-08
830 8.516187e-09
831 6.245240e-09
832 4.439147e-09
833 3.148292e-09
834 2.232766e-09
835 1.585620e-09
836 1.145062e-09
837 8.457961e-10
838 6.372420e-10
839 4.882439e-10
840 3.772625e-10
841 2.908007e-10
842 2.211791e-10
843 1.644279e-10
844 1.185996e-10
845 8.262785e-11
846 0.000000e+00
847 0.000000e+00
848 0.000000e+00
849 0.000000e+00
850 2.317489e-08
851 1.941935e-08
852 1.577512e-08
853 1.249920e-08
854 9.699802e-09
855 7.352656e-09
856 5.410878e-09
857 3.875670e-09
858 2.753051e-09
859 1.957324e-09
860 1.394982e-09
861 1.008729e-09
862 7.441240e-10
863 5.594261e-10
864 4.268324e-10
865 3.281182e-10
866 2.513489e-10
867 1.901912e-10
868 1.408598e-10
869 1.014316e-10
870 7.071312e-11
871 0.000000e+00
872 0.000000e+00
873 0.000000e+00
874 0.000000e+00
875 2.571263e-08
876 2.170203e-08
877 1.773653e-08
878 1.411905e-08
879 1.100380e-08
880 8.388047e-09
881 6.211512e-09
882 4.464257e-09
883 3.168040e-09
884 2.250612e-09
885 1.598548e-09
886 1.150174e-09
887 8.434049e-10
888 6.307571e-10
889 4.795061e-10
890 3.679849e-10
891 2.824092e-10
892 2.145074e-10
893 1.598167e-10
894 1.159453e-10
895 8.151026e-11
896 0.000000e+00
897 0.000000e+00
898 0.000000e+00
899 0.000000e+00
900 2.775975e-08
901 2.353631e-08
902 1.930439e-08
903 1.540878e-08
904 1.203949e-08
905 9.207974e-09
906 6.844510e-09
907 4.927302e-09
908 3.492793e-09
909 2.480305e-09
910 1.757938e-09
911 1.260808e-09
912 9.211370e-10
913 6.868963e-10
914 5.211200e-10
915 3.997780e-10
916 3.070848e-10
917 2.339344e-10
918 1.749626e-10
919 1.275302e-10
920 9.010609e-11
921 0.000000e+00
922 0.000000e+00
923 0.000000e+00
924 0.000000e+00
925 2.957349e-08
926 2.516075e-08
927 2.069196e-08
928 1.655050e-08
929 1.295533e-08
930 9.932970e-09
931 7.403040e-09
932 5.336637e-09
933 3.779675e-09
934 2.682741e-09
935 1.898430e-09
936 1.358452e-09
937 9.896639e-10
938 7.364504e-10
939 5.578365e-10
940 4.278101e-10
941 3.289975e-10
942 2.510850e-10
943 1.883914e-10
944 1.377606e-10
945 9.771694e-11
946 0.000000e+00
947 0.000000e+00
948 0.000000e+00
949 0.000000e+00
950 3.133864e-08
951 2.674257e-08
952 2.204354e-08
953 1.765948e-08
954 1.384589e-08
955 1.063958e-08
956 7.948144e-09
957 5.734411e-09
958 4.058457e-09
959 2.879768e-09
960 2.034780e-09
961 1.453166e-09
962 1.056384e-09
963 7.849291e-10
964 5.935379e-10
965 4.551179e-10
966 3.503059e-10
967 2.678729e-10
968 2.014404e-10
969 1.477874e-10
970 1.051237e-10
971 0.000000e+00
972 0.000000e+00
973 0.000000e+00
974 0.000000e+00
975 3.348583e-08
976 2.866541e-08
977 2.368669e-08
978 1.900910e-08
979 1.493067e-08
980 1.149804e-08
981 8.610757e-09
982 6.218893e-09
983 4.397780e-09
984 3.119667e-09
985 2.201327e-09
986 1.568632e-09
987 1.137608e-09
988 8.433051e-10
989 6.370813e-10
990 4.883333e-10
991 3.762207e-10
992 2.881908e-10
993 2.172883e-10
994 1.599363e-10
995 1.141277e-10
996 0.000000e+00
997 0.000000e+00
998 0.000000e+00
999 0.000000e+00
1000 2.921954e-08
1001 2.493899e-08
1002 2.058432e-08
1003 1.651644e-08
1004 1.295489e-08
1005 9.946893e-09
1006 7.437637e-09
1007 5.392048e-09
1008 3.830810e-09
1009 2.717094e-09
1010 1.925232e-09
1011 1.375614e-09
1012 9.993700e-10
1013 7.409501e-10
1014 5.590649e-10
1015 4.271231e-10
1016 3.275858e-10
1017 2.496184e-10
1018 1.872798e-10
1019 1.372271e-10
1020 9.763627e-11
1021 0.000000e+00
1022 0.000000e+00
1023 0.000000e+00
1024 0.000000e+00
1025 3.211367e-08
1026 2.761051e-08
1027 2.293661e-08
1028 1.849614e-08
1029 1.456708e-08
1030 1.123538e-08
1031 8.450231e-09
1032 6.158535e-09
1033 4.380319e-09
1034 3.103154e-09
1035 2.196646e-09
1036 1.562472e-09
1037 1.128691e-09
1038 8.323299e-10
1039 6.249645e-10
1040 4.760711e-10
1041 3.649222e-10
1042 2.786661e-10
1043 2.099493e-10
1044 1.547877e-10
1045 1.109667e-10
1046 0.000000e+00
1047 0.000000e+00
1048 0.000000e+00
1049 0.000000e+00
1050 3.464149e-08
1051 2.994287e-08
1052 2.498064e-08
1053 2.021236e-08
1054 1.596165e-08
1055 1.234852e-08
1056 9.324478e-09
1057 6.818765e-09
1058 4.851059e-09
1059 3.432746e-09
1060 2.428346e-09
1061 1.722104e-09
1062 1.239339e-09
1063 9.104632e-10
1064 6.816162e-10
1065 5.182771e-10
1066 3.972102e-10
1067 3.038075e-10
1068 2.296531e-10
1069 1.700054e-10
1070 1.225309e-10
1071 0.000000e+00
1072 0.000000e+00
1073 0.000000e+00
1074 0.000000e+00
1075 3.709363e-08
1076 3.219807e-08
1077 2.696321e-08
1078 2.187389e-08
1079 1.731178e-08
1080 1.342614e-08
1081 1.016996e-08
1082 7.456813e-09
1083 5.306124e-09
1084 3.751655e-09
1085 2.652010e-09
1086 1.876024e-09
1087 1.346173e-09
1088 9.863846e-10
1089 7.362716e-10
1090 5.591100e-10
1091 4.284803e-10
1092 3.281620e-10
1093 2.487221e-10
1094 1.848366e-10
1095 1.337330e-10
1096 0.000000e+00
1097 0.000000e+00
1098 0.000000e+00
1099 0.000000e+00
1100 4.008127e-08
1101 3.494788e-08
1102 2.937618e-08
1103 2.390096e-08
1104 1.895664e-08
1105 1.473940e-08
1106 1.119972e-08
1107 8.235924e-09
1108 5.861599e-09
1109 4.140772e-09
1110 2.924927e-09
1111 2.063848e-09
1112 1.476672e-09
1113 1.078754e-09
1114 8.030480e-10
1115 6.089099e-10
1116 4.666284e-10
1117 3.579296e-10
1118 2.719443e-10
1119 2.028663e-10
1120 1.473891e-10
1121 0.000000e+00
1122 0.000000e+00
1123 0.000000e+00
1124 0.000000e+00
1125 3.597577e-08
1126 3.125926e-08
1127 2.622657e-08
1128 2.132563e-08
1129 1.690553e-08
1130 1.311851e-08
1131 9.944047e-09
1132 7.315033e-09
1133 5.229879e-09
1134 3.699899e-09
1135 2.616965e-09
1136 1.852294e-09
1137 1.328224e-09
1138 9.707249e-10
1139 7.230815e-10
1140 5.472964e-10
1141 4.181872e-10
1142 3.194849e-10
1143 2.416886e-10
1144 1.794881e-10
1145 1.299244e-10
1146 0.000000e+00
1147 0.000000e+00
1148 0.000000e+00
1149 0.000000e+00
1150 3.940931e-08
1151 3.451156e-08
1152 2.916004e-08
1153 2.384871e-08
1154 1.899291e-08
1155 1.479923e-08
1156 1.127634e-08
1157 8.346224e-09
1158 5.989079e-09
1159 4.233274e-09
1160 2.992710e-09
1161 2.111439e-09
1162 1.506580e-09
1163 1.094303e-09
1164 8.106130e-10
1165 6.108584e-10
1166 4.656473e-10
1167 3.558094e-10
1168 2.699529e-10
1169 2.014275e-10
1170 1.468418e-10
1171 0.000000e+00
1172 0.000000e+00
1173 0.000000e+00
1174 0.000000e+00
1175 4.270735e-08
1176 3.761783e-08
1177 3.195857e-08
1178 2.625158e-08
1179 2.097274e-08
1180 1.639323e-08
1181 1.254025e-08
1182 9.322443e-09
1183 6.705713e-09
1184 4.735739e-09
1185 3.345528e-09
1186 2.355243e-09
1187 1.674668e-09
1188 1.210998e-09
1189 8.932537e-10
1190 6.710341e-10
1191 5.107471e-10
1192 3.904221e-10
1193 2.968994e-10
1194 2.224558e-10
1195 1.629611e-10
1196 0.000000e+00
1197 0.000000e+00
1198 0.000000e+00
1199 0.000000e+00
1200 4.671499e-08
1201 4.139877e-08
1202 3.536131e-08
1203 2.917293e-08
1204 2.338173e-08
1205 1.833190e-08
1206 1.407504e-08
1207 1.051004e-08
1208 7.576083e-09
1209 5.346375e-09
1210 3.775065e-09
1211 2.651372e-09
1212 1.878502e-09
1213 1.352727e-09
1214 9.938034e-10
1215 7.442212e-10
1216 5.656072e-10
1217 4.325990e-10
1218 3.296499e-10
1219 2.479942e-10
1220 1.825789e-10
1221 0.000000e+00
1222 0.000000e+00
1223 0.000000e+00
1224 0.000000e+00
1225 4.395032e-08
1226 3.889538e-08
1227 3.321046e-08
1228 2.741802e-08
1229 2.199329e-08
1230 1.724271e-08
1231 1.322836e-08
1232 9.879123e-09
1233 7.147806e-09
1234 5.059856e-09
1235 3.570682e-09
1236 2.514989e-09
1237 1.782810e-09
1238 1.283036e-09
1239 9.423004e-10
1240 7.043997e-10
1241 5.339370e-10
1242 4.070997e-10
1243 3.093258e-10
1244 2.319785e-10
1245 1.704521e-10
1246 0.000000e+00
1247 0.000000e+00
1248 0.000000e+00
1249 0.000000e+00
1250 4.835375e-08
1251 4.315107e-08
1252 3.714779e-08
1253 3.088489e-08
1254 2.491706e-08
1255 1.962347e-08
1256 1.512984e-08
1257 1.137234e-08
1258 8.277334e-09
1259 5.868394e-09
1260 4.135785e-09
1261 2.909190e-09
1262 2.052239e-09
1263 1.468311e-09
1264 1.070786e-09
1265 7.956443e-10
1266 6.004937e-10
1267 4.570127e-10
1268 3.476013e-10
1269 2.616797e-10
1270 1.933949e-10
1271 0.000000e+00
1272 0.000000e+00
1273 0.000000e+00
1274 0.000000e+00
1275 5.367731e-08
1276 4.828969e-08
1277 4.188899e-08
1278 3.506057e-08
1279 2.842850e-08
1280 2.247936e-08
1281 1.741063e-08
1282 1.316198e-08
1283 9.629359e-09
1284 6.832955e-09
1285 4.808888e-09
1286 3.379788e-09
1287 2.373674e-09
1288 1.688710e-09
1289 1.224233e-09
1290 9.047102e-10
1291 6.802310e-10
1292 5.170173e-10
1293 3.936588e-10
1294 2.974183e-10
1295 2.210403e-10
1296 0.000000e+00
1297 0.000000e+00
1298 0.000000e+00
1299 0.000000e+00
1300 5.423466e-08
1301 4.896285e-08
1302 4.265469e-08
1303 3.585904e-08
1304 2.920448e-08
1305 2.317371e-08
1306 1.798833e-08
1307 1.363910e-08
1308 1.003146e-08
1309 7.158266e-09
1310 5.038980e-09
1311 3.541865e-09
1312 2.485354e-09
1313 1.763359e-09
1314 1.272337e-09
1315 9.358409e-10
1316 7.001736e-10
1317 5.298843e-10
1318 4.023425e-10
1319 3.036076e-10
1320 2.257588e-10
1321 0.000000e+00
1322 0.000000e+00
1323 0.000000e+00
1324 0.000000e+00
1325 6.144006e-08
1326 5.608971e-08
1327 4.940976e-08
1328 4.198354e-08
1329 3.449222e-08
1330 2.755275e-08
1331 2.152070e-08
1332 1.644087e-08
1333 1.220149e-08
1334 8.758275e-09
1335 6.161767e-09
1336 4.326210e-09
1337 3.024177e-09
1338 2.130155e-09
1339 1.522466e-09
1340 1.109833e-09
1341 8.235186e-10
1342 6.199645e-10
1343 4.697939e-10
1344 3.552102e-10
1345 2.655347e-10
1346 0.000000e+00
1347 0.000000e+00
1348 0.000000e+00
1349 0.000000e+00
1350 7.196709e-08
1351 6.679160e-08
1352 5.988604e-08
1353 5.179533e-08
1354 4.325093e-08
1355 3.501666e-08
1356 2.764180e-08
1357 2.134642e-08
1358 1.607248e-08
1359 1.171884e-08
1360 8.299348e-09
1361 5.813477e-09
1362 4.058518e-09
1363 2.830459e-09
1364 1.994590e-09
1365 1.429854e-09
1366 1.043616e-09
1367 7.744873e-10
1368 5.814007e-10
1369 4.379903e-10
1370 3.281932e-10
1371 0.000000e+00
1372 0.000000e+00
1373 0.000000e+00
1374 0.000000e+00
